FEWSNET_admin_code,target_month,target_label,partition_id
0,2015-04,0,3
0,2015-07,1,3
0,2015-10,0,3
0,2016-02,0,3
0,2016-06,1,3
0,2016-10,0,3
0,2017-02,1,3
0,2017-06,0,3
0,2017-10,0,3
1,2015-04,0,3
1,2015-07,0,3
1,2015-10,0,3
1,2016-02,0,3
1,2016-06,0,3
1,2016-10,0,3
1,2017-02,0,3
1,2017-06,0,3
1,2017-10,0,3
2,2015-04,0,3
2,2015-07,0,3
2,2015-10,0,3
2,2016-02,0,3
2,2016-06,0,3
2,2016-10,0,3
2,2017-02,0,3
2,2017-06,1,3
2,2017-10,1,3
3,2015-04,0,3
3,2015-07,0,3
3,2015-10,0,3
3,2016-02,0,3
3,2016-06,1,3
3,2016-10,1,3
3,2017-02,1,3
3,2017-06,1,3
3,2017-10,1,3
4,2015-04,0,3
4,2015-07,0,3
4,2015-10,0,3
4,2016-02,0,3
4,2016-06,1,3
4,2016-10,1,3
4,2017-02,1,3
4,2017-06,1,3
4,2017-10,1,3
5,2015-04,0,8
5,2015-07,0,8
5,2015-10,0,8
5,2016-02,0,8
5,2016-06,1,8
5,2016-10,1,8
5,2017-02,1,8
5,2017-06,1,8
5,2017-10,1,8
6,2015-04,0,3
6,2015-07,1,3
6,2015-10,0,3
6,2016-02,0,3
6,2016-06,1,3
6,2016-10,1,3
6,2017-02,1,3
6,2017-06,1,3
6,2017-10,1,3
7,2015-04,0,3
7,2015-07,1,3
7,2015-10,0,3
7,2016-02,0,3
7,2016-06,1,3
7,2016-10,1,3
7,2017-02,1,3
7,2017-06,1,3
7,2017-10,1,3
8,2015-04,0,3
8,2015-07,0,3
8,2015-10,0,3
8,2016-02,0,3
8,2016-06,0,3
8,2016-10,0,3
8,2017-02,0,3
8,2017-06,0,3
8,2017-10,1,3
9,2015-04,1,3
9,2015-07,1,3
9,2015-10,1,3
9,2016-02,1,3
9,2016-06,1,3
9,2016-10,1,3
9,2017-02,1,3
9,2017-06,1,3
9,2017-10,1,3
10,2015-04,1,3
10,2015-07,1,3
10,2015-10,1,3
10,2016-02,1,3
10,2016-06,1,3
10,2016-10,1,3
10,2017-02,1,3
10,2017-06,1,3
10,2017-10,1,3
11,2015-04,0,3
11,2015-07,0,3
11,2015-10,0,3
11,2016-02,0,3
11,2016-06,0,3
11,2016-10,1,3
11,2017-02,0,3
11,2017-06,1,3
11,2017-10,0,3
12,2015-04,0,4
12,2015-07,0,4
12,2015-10,0,4
12,2016-02,0,4
12,2016-06,1,4
12,2016-10,0,4
12,2017-02,1,4
12,2017-06,1,4
12,2017-10,0,4
13,2015-04,1,3
13,2015-07,1,3
13,2015-10,1,3
13,2016-02,1,3
13,2016-06,1,3
13,2016-10,1,3
13,2017-02,1,3
13,2017-06,1,3
13,2017-10,1,3
14,2015-04,1,3
14,2015-07,1,3
14,2015-10,0,3
14,2016-02,0,3
14,2016-06,1,3
14,2016-10,0,3
14,2017-02,1,3
14,2017-06,1,3
14,2017-10,1,3
15,2015-04,1,3
15,2015-07,1,3
15,2015-10,1,3
15,2016-02,1,3
15,2016-06,1,3
15,2016-10,1,3
15,2017-02,1,3
15,2017-06,1,3
15,2017-10,1,3
16,2015-04,0,3
16,2015-07,0,3
16,2015-10,0,3
16,2016-02,0,3
16,2016-06,0,3
16,2016-10,0,3
16,2017-02,0,3
16,2017-06,1,3
16,2017-10,0,3
17,2015-04,1,3
17,2015-07,1,3
17,2015-10,1,3
17,2016-02,1,3
17,2016-06,1,3
17,2016-10,1,3
17,2017-02,1,3
17,2017-06,1,3
17,2017-10,1,3
18,2015-04,0,3
18,2015-07,1,3
18,2015-10,1,3
18,2016-02,1,3
18,2016-06,1,3
18,2016-10,1,3
18,2017-02,1,3
18,2017-06,1,3
18,2017-10,1,3
19,2015-04,0,3
19,2015-07,1,3
19,2015-10,0,3
19,2016-02,0,3
19,2016-06,1,3
19,2016-10,0,3
19,2017-02,1,3
19,2017-06,1,3
19,2017-10,1,3
20,2015-04,0,3
20,2015-07,0,3
20,2015-10,0,3
20,2016-02,0,3
20,2016-06,1,3
20,2016-10,0,3
20,2017-02,0,3
20,2017-06,1,3
20,2017-10,1,3
21,2015-04,1,3
21,2015-07,1,3
21,2015-10,1,3
21,2016-02,1,3
21,2016-06,1,3
21,2016-10,1,3
21,2017-02,1,3
21,2017-06,1,3
21,2017-10,1,3
22,2015-04,0,3
22,2015-07,0,3
22,2015-10,0,3
22,2016-02,0,3
22,2016-06,0,3
22,2016-10,0,3
22,2017-02,0,3
22,2017-06,0,3
22,2017-10,0,3
23,2015-04,0,4
23,2015-07,0,4
23,2015-10,0,4
23,2016-02,0,4
23,2016-06,1,4
23,2016-10,0,4
23,2017-02,1,4
23,2017-06,1,4
23,2017-10,1,4
24,2015-04,0,3
24,2015-07,0,3
24,2015-10,0,3
24,2016-02,0,3
24,2016-06,0,3
24,2016-10,1,3
24,2017-02,1,3
24,2017-06,1,3
24,2017-10,1,3
25,2015-04,0,3
25,2015-07,0,3
25,2015-10,0,3
25,2016-02,0,3
25,2016-06,1,3
25,2016-10,1,3
25,2017-02,1,3
25,2017-06,1,3
25,2017-10,1,3
26,2015-04,0,4
26,2015-07,0,4
26,2015-10,0,4
26,2016-02,0,4
26,2016-06,0,4
26,2016-10,0,4
26,2017-02,1,4
26,2017-06,1,4
26,2017-10,1,4
27,2015-04,0,4
27,2015-07,0,4
27,2015-10,0,4
27,2016-02,0,4
27,2016-06,1,4
27,2016-10,0,4
27,2017-02,1,4
27,2017-06,1,4
27,2017-10,1,4
28,2015-04,0,4
28,2015-07,0,4
28,2015-10,0,4
28,2016-02,0,4
28,2016-06,1,4
28,2016-10,1,4
28,2017-02,1,4
28,2017-06,1,4
28,2017-10,1,4
29,2015-04,0,4
29,2015-07,0,4
29,2015-10,0,4
29,2016-02,0,4
29,2016-06,1,4
29,2016-10,0,4
29,2017-02,1,4
29,2017-06,1,4
29,2017-10,1,4
30,2015-04,1,3
30,2015-07,1,3
30,2015-10,1,3
30,2016-02,1,3
30,2016-06,1,3
30,2016-10,1,3
30,2017-02,1,3
30,2017-06,1,3
30,2017-10,1,3
31,2015-04,0,3
31,2015-07,0,3
31,2015-10,0,3
31,2016-02,0,3
31,2016-06,0,3
31,2016-10,1,3
31,2017-02,1,3
31,2017-06,1,3
31,2017-10,1,3
32,2015-04,0,3
32,2015-07,1,3
32,2015-10,1,3
32,2016-02,1,3
32,2016-06,1,3
32,2016-10,1,3
32,2017-02,1,3
32,2017-06,1,3
32,2017-10,1,3
33,2015-04,1,3
33,2015-07,1,3
33,2015-10,0,3
33,2016-02,0,3
33,2016-06,1,3
33,2016-10,0,3
33,2017-02,1,3
33,2017-06,1,3
33,2017-10,1,3
34,2015-04,0,3
34,2015-07,0,3
34,2015-10,0,3
34,2016-02,0,3
34,2016-06,1,3
34,2016-10,0,3
34,2017-02,1,3
34,2017-06,1,3
34,2017-10,1,3
35,2015-04,1,3
35,2015-07,1,3
35,2015-10,1,3
35,2016-02,1,3
35,2016-06,1,3
35,2016-10,1,3
35,2017-02,1,3
35,2017-06,1,3
35,2017-10,1,3
36,2015-04,0,3
36,2015-07,0,3
36,2015-10,0,3
36,2016-02,0,3
36,2016-06,0,3
36,2016-10,0,3
36,2017-02,0,3
36,2017-06,0,3
36,2017-10,0,3
37,2015-04,0,4
37,2015-07,0,4
37,2015-10,0,4
37,2016-02,0,4
37,2016-06,1,4
37,2016-10,1,4
37,2017-02,1,4
37,2017-06,1,4
37,2017-10,1,4
38,2015-04,1,3
38,2015-07,1,3
38,2015-10,0,3
38,2016-02,0,3
38,2016-06,1,3
38,2016-10,0,3
38,2017-02,1,3
38,2017-06,0,3
38,2017-10,1,3
39,2015-04,0,3
39,2015-07,1,3
39,2015-10,1,3
39,2016-02,1,3
39,2016-06,1,3
39,2016-10,1,3
39,2017-02,1,3
39,2017-06,1,3
39,2017-10,1,3
40,2015-04,1,3
40,2015-07,1,3
40,2015-10,1,3
40,2016-02,1,3
40,2016-06,1,3
40,2016-10,1,3
40,2017-02,1,3
40,2017-06,1,3
40,2017-10,1,3
41,2015-04,0,3
41,2015-07,0,3
41,2015-10,0,3
41,2016-02,0,3
41,2016-06,0,3
41,2016-10,0,3
41,2017-02,0,3
41,2017-06,0,3
41,2017-10,0,3
42,2015-04,1,3
42,2015-07,1,3
42,2015-10,1,3
42,2016-02,1,3
42,2016-06,1,3
42,2016-10,1,3
42,2017-02,1,3
42,2017-06,1,3
42,2017-10,1,3
43,2015-04,0,3
43,2015-07,1,3
43,2015-10,0,3
43,2016-02,0,3
43,2016-06,0,3
43,2016-10,0,3
43,2017-02,1,3
43,2017-06,1,3
43,2017-10,1,3
44,2015-04,0,3
44,2015-07,1,3
44,2015-10,1,3
44,2016-02,0,3
44,2016-06,0,3
44,2016-10,0,3
44,2017-02,0,3
44,2017-06,0,3
44,2017-10,0,3
45,2015-04,0,3
45,2015-07,0,3
45,2015-10,0,3
45,2016-02,0,3
45,2016-06,0,3
45,2016-10,0,3
45,2017-02,1,3
45,2017-06,1,3
45,2017-10,1,3
46,2015-04,0,3
46,2015-07,0,3
46,2015-10,0,3
46,2016-02,0,3
46,2016-06,1,3
46,2016-10,1,3
46,2017-02,1,3
46,2017-06,0,3
46,2017-10,0,3
47,2015-04,0,3
47,2015-07,0,3
47,2015-10,0,3
47,2016-02,0,3
47,2016-06,1,3
47,2016-10,1,3
47,2017-02,1,3
47,2017-06,1,3
47,2017-10,0,3
48,2015-04,0,3
48,2015-07,0,3
48,2015-10,0,3
48,2016-02,0,3
48,2016-06,1,3
48,2016-10,1,3
48,2017-02,0,3
48,2017-06,1,3
48,2017-10,0,3
49,2015-04,0,3
49,2015-07,0,3
49,2015-10,0,3
49,2016-02,0,3
49,2016-06,0,3
49,2016-10,0,3
49,2017-02,0,3
49,2017-06,0,3
49,2017-10,0,3
50,2015-04,0,3
50,2015-07,1,3
50,2015-10,0,3
50,2016-02,1,3
50,2016-06,1,3
50,2016-10,0,3
50,2017-02,1,3
50,2017-06,1,3
50,2017-10,1,3
51,2015-04,0,3
51,2015-07,0,3
51,2015-10,0,3
51,2016-02,0,3
51,2016-06,0,3
51,2016-10,0,3
51,2017-02,0,3
51,2017-06,0,3
51,2017-10,0,3
52,2015-04,1,3
52,2015-07,1,3
52,2015-10,1,3
52,2016-02,1,3
52,2016-06,1,3
52,2016-10,1,3
52,2017-02,1,3
52,2017-06,1,3
52,2017-10,1,3
53,2015-04,1,3
53,2015-07,1,3
53,2015-10,1,3
53,2016-02,1,3
53,2016-06,1,3
53,2016-10,1,3
53,2017-02,1,3
53,2017-06,1,3
53,2017-10,1,3
54,2015-04,0,8
54,2015-07,0,8
54,2015-10,0,8
54,2016-02,0,8
54,2016-06,0,8
54,2016-10,0,8
54,2017-02,0,8
54,2017-06,0,8
54,2017-10,0,8
55,2015-04,0,3
55,2015-07,0,3
55,2015-10,0,3
55,2016-02,0,3
55,2016-06,1,3
55,2016-10,0,3
55,2017-02,1,3
55,2017-06,1,3
55,2017-10,1,3
56,2015-04,0,3
56,2015-07,0,3
56,2015-10,0,3
56,2016-02,0,3
56,2016-06,1,3
56,2016-10,0,3
56,2017-02,0,3
56,2017-06,0,3
56,2017-10,1,3
57,2015-04,0,3
57,2015-07,0,3
57,2015-10,0,3
57,2016-02,0,3
57,2016-06,1,3
57,2016-10,1,3
57,2017-02,1,3
57,2017-06,1,3
57,2017-10,1,3
58,2015-04,0,3
58,2015-07,0,3
58,2015-10,0,3
58,2016-02,0,3
58,2016-06,0,3
58,2016-10,0,3
58,2017-02,0,3
58,2017-06,0,3
58,2017-10,0,3
59,2015-04,1,3
59,2015-07,1,3
59,2015-10,1,3
59,2016-02,1,3
59,2016-06,0,3
59,2016-10,0,3
59,2017-02,1,3
59,2017-06,1,3
59,2017-10,1,3
60,2015-04,0,3
60,2015-07,0,3
60,2015-10,0,3
60,2016-02,0,3
60,2016-06,1,3
60,2016-10,0,3
60,2017-02,1,3
60,2017-06,1,3
60,2017-10,1,3
61,2015-04,1,3
61,2015-07,1,3
61,2015-10,0,3
61,2016-02,0,3
61,2016-06,1,3
61,2016-10,0,3
61,2017-02,1,3
61,2017-06,1,3
61,2017-10,1,3
62,2015-04,1,3
62,2015-07,1,3
62,2015-10,0,3
62,2016-02,0,3
62,2016-06,1,3
62,2016-10,0,3
62,2017-02,1,3
62,2017-06,1,3
62,2017-10,1,3
63,2015-04,0,3
63,2015-07,0,3
63,2015-10,0,3
63,2016-02,0,3
63,2016-06,0,3
63,2016-10,0,3
63,2017-02,0,3
63,2017-06,0,3
63,2017-10,0,3
64,2015-04,0,3
64,2015-07,0,3
64,2015-10,0,3
64,2016-02,0,3
64,2016-06,0,3
64,2016-10,0,3
64,2017-02,1,3
64,2017-06,1,3
64,2017-10,0,3
65,2015-04,0,3
65,2015-07,1,3
65,2015-10,0,3
65,2016-02,0,3
65,2016-06,1,3
65,2016-10,0,3
65,2017-02,1,3
65,2017-06,1,3
65,2017-10,0,3
66,2015-04,0,3
66,2015-07,1,3
66,2015-10,0,3
66,2016-02,0,3
66,2016-06,1,3
66,2016-10,0,3
66,2017-02,1,3
66,2017-06,1,3
66,2017-10,0,3
67,2015-04,1,3
67,2015-07,1,3
67,2015-10,0,3
67,2016-02,0,3
67,2016-06,1,3
67,2016-10,0,3
67,2017-02,0,3
67,2017-06,1,3
67,2017-10,0,3
68,2015-04,0,3
68,2015-07,0,3
68,2015-10,0,3
68,2016-02,0,3
68,2016-06,1,3
68,2016-10,1,3
68,2017-02,1,3
68,2017-06,1,3
68,2017-10,1,3
69,2015-04,0,3
69,2015-07,1,3
69,2015-10,0,3
69,2016-02,1,3
69,2016-06,0,3
69,2016-10,1,3
69,2017-02,1,3
69,2017-06,1,3
69,2017-10,1,3
70,2015-04,0,3
70,2015-07,0,3
70,2015-10,0,3
70,2016-02,0,3
70,2016-06,1,3
70,2016-10,0,3
70,2017-02,0,3
70,2017-06,1,3
70,2017-10,1,3
71,2015-04,1,3
71,2015-07,1,3
71,2015-10,1,3
71,2016-02,1,3
71,2016-06,1,3
71,2016-10,1,3
71,2017-02,1,3
71,2017-06,1,3
71,2017-10,1,3
72,2015-04,0,3
72,2015-07,1,3
72,2015-10,0,3
72,2016-02,1,3
72,2016-06,1,3
72,2016-10,0,3
72,2017-02,1,3
72,2017-06,1,3
72,2017-10,1,3
73,2015-04,0,3
73,2015-07,0,3
73,2015-10,0,3
73,2016-02,0,3
73,2016-06,1,3
73,2016-10,1,3
73,2017-02,1,3
73,2017-06,1,3
73,2017-10,1,3
74,2015-04,0,3
74,2015-07,0,3
74,2015-10,0,3
74,2016-02,0,3
74,2016-06,0,3
74,2016-10,0,3
74,2017-02,0,3
74,2017-06,0,3
74,2017-10,0,3
75,2015-04,0,3
75,2015-07,0,3
75,2015-10,0,3
75,2016-02,0,3
75,2016-06,0,3
75,2016-10,0,3
75,2017-02,0,3
75,2017-06,1,3
75,2017-10,0,3
76,2015-04,0,3
76,2015-07,0,3
76,2015-10,0,3
76,2016-02,0,3
76,2016-06,0,3
76,2016-10,1,3
76,2017-02,1,3
76,2017-06,1,3
76,2017-10,1,3
77,2015-04,1,3
77,2015-07,1,3
77,2015-10,0,3
77,2016-02,0,3
77,2016-06,1,3
77,2016-10,0,3
77,2017-02,1,3
77,2017-06,1,3
77,2017-10,1,3
78,2015-04,0,3
78,2015-07,0,3
78,2015-10,0,3
78,2016-02,0,3
78,2016-06,1,3
78,2016-10,0,3
78,2017-02,1,3
78,2017-06,1,3
78,2017-10,1,3
79,2015-04,0,6
79,2015-07,0,6
79,2015-10,0,6
79,2016-02,0,6
79,2016-06,0,6
79,2016-10,0,6
79,2017-02,0,6
79,2017-06,1,6
79,2017-10,0,6
80,2015-04,0,6
80,2015-07,0,6
80,2015-10,0,6
80,2016-02,0,6
80,2016-06,0,6
80,2016-10,0,6
80,2017-02,0,6
80,2017-06,0,6
80,2017-10,0,6
81,2015-04,0,6
81,2015-07,0,6
81,2015-10,0,6
81,2016-02,0,6
81,2016-06,1,6
81,2016-10,0,6
81,2017-02,0,6
81,2017-06,1,6
81,2017-10,0,6
82,2015-04,0,6
82,2015-07,0,6
82,2015-10,0,6
82,2016-02,0,6
82,2016-06,1,6
82,2016-10,0,6
82,2017-02,0,6
82,2017-06,1,6
82,2017-10,0,6
83,2015-04,0,6
83,2015-07,0,6
83,2015-10,0,6
83,2016-02,0,6
83,2016-06,0,6
83,2016-10,0,6
83,2017-02,0,6
83,2017-06,0,6
83,2017-10,0,6
84,2015-04,0,6
84,2015-07,0,6
84,2015-10,0,6
84,2016-02,0,6
84,2016-06,0,6
84,2016-10,0,6
84,2017-02,0,6
84,2017-06,0,6
84,2017-10,0,6
85,2015-04,0,6
85,2015-07,0,6
85,2015-10,0,6
85,2016-02,0,6
85,2016-06,1,6
85,2016-10,0,6
85,2017-02,0,6
85,2017-06,0,6
85,2017-10,0,6
86,2015-04,0,6
86,2015-07,0,6
86,2015-10,0,6
86,2016-02,0,6
86,2016-06,0,6
86,2016-10,0,6
86,2017-02,0,6
86,2017-06,0,6
86,2017-10,0,6
87,2015-04,0,6
87,2015-07,0,6
87,2015-10,0,6
87,2016-02,0,6
87,2016-06,0,6
87,2016-10,0,6
87,2017-02,0,6
87,2017-06,0,6
87,2017-10,0,6
88,2015-04,0,6
88,2015-07,0,6
88,2015-10,0,6
88,2016-02,0,6
88,2016-06,0,6
88,2016-10,0,6
88,2017-02,0,6
88,2017-06,0,6
88,2017-10,0,6
89,2015-04,0,6
89,2015-07,0,6
89,2015-10,0,6
89,2016-02,0,6
89,2016-06,1,6
89,2016-10,0,6
89,2017-02,0,6
89,2017-06,0,6
89,2017-10,0,6
90,2015-04,0,6
90,2015-07,0,6
90,2015-10,0,6
90,2016-02,0,6
90,2016-06,0,6
90,2016-10,0,6
90,2017-02,0,6
90,2017-06,0,6
90,2017-10,0,6
91,2015-04,0,6
91,2015-07,0,6
91,2015-10,0,6
91,2016-02,0,6
91,2016-06,0,6
91,2016-10,0,6
91,2017-02,0,6
91,2017-06,0,6
91,2017-10,0,6
92,2015-04,0,6
92,2015-07,0,6
92,2015-10,0,6
92,2016-02,0,6
92,2016-06,0,6
92,2016-10,0,6
92,2017-02,0,6
92,2017-06,0,6
92,2017-10,0,6
93,2015-04,0,6
93,2015-07,0,6
93,2015-10,0,6
93,2016-02,0,6
93,2016-06,1,6
93,2016-10,0,6
93,2017-02,0,6
93,2017-06,0,6
93,2017-10,0,6
94,2015-04,0,6
94,2015-07,0,6
94,2015-10,0,6
94,2016-02,0,6
94,2016-06,0,6
94,2016-10,0,6
94,2017-02,0,6
94,2017-06,0,6
94,2017-10,0,6
95,2015-04,0,6
95,2015-07,0,6
95,2015-10,0,6
95,2016-02,0,6
95,2016-06,0,6
95,2016-10,0,6
95,2017-02,0,6
95,2017-06,0,6
95,2017-10,0,6
96,2015-04,0,6
96,2015-07,0,6
96,2015-10,0,6
96,2016-02,0,6
96,2016-06,1,6
96,2016-10,0,6
96,2017-02,0,6
96,2017-06,1,6
96,2017-10,0,6
97,2015-04,0,6
97,2015-07,0,6
97,2015-10,0,6
97,2016-02,0,6
97,2016-06,1,6
97,2016-10,0,6
97,2017-02,1,6
97,2017-06,1,6
97,2017-10,0,6
98,2015-04,0,6
98,2015-07,0,6
98,2015-10,0,6
98,2016-02,0,6
98,2016-06,0,6
98,2016-10,0,6
98,2017-02,0,6
98,2017-06,0,6
98,2017-10,0,6
99,2015-04,0,6
99,2015-07,0,6
99,2015-10,0,6
99,2016-02,0,6
99,2016-06,0,6
99,2016-10,0,6
99,2017-02,0,6
99,2017-06,0,6
99,2017-10,0,6
100,2015-04,0,6
100,2015-07,0,6
100,2015-10,0,6
100,2016-02,0,6
100,2016-06,0,6
100,2016-10,0,6
100,2017-02,0,6
100,2017-06,0,6
100,2017-10,0,6
101,2015-04,0,6
101,2015-07,0,6
101,2015-10,0,6
101,2016-02,0,6
101,2016-06,0,6
101,2016-10,0,6
101,2017-02,0,6
101,2017-06,0,6
101,2017-10,0,6
102,2015-04,0,6
102,2015-07,0,6
102,2015-10,0,6
102,2016-02,0,6
102,2016-06,1,6
102,2016-10,0,6
102,2017-02,0,6
102,2017-06,0,6
102,2017-10,0,6
103,2015-04,0,6
103,2015-07,0,6
103,2015-10,0,6
103,2016-02,0,6
103,2016-06,0,6
103,2016-10,0,6
103,2017-02,0,6
103,2017-06,0,6
103,2017-10,0,6
104,2015-04,0,8
104,2015-07,0,8
104,2015-10,0,8
104,2016-02,0,8
104,2016-06,1,8
104,2016-10,0,8
104,2017-02,0,8
104,2017-06,1,8
104,2017-10,0,8
105,2015-04,0,6
105,2015-07,0,6
105,2015-10,0,6
105,2016-02,0,6
105,2016-06,1,6
105,2016-10,0,6
105,2017-02,0,6
105,2017-06,1,6
105,2017-10,0,6
106,2015-04,0,6
106,2015-07,0,6
106,2015-10,0,6
106,2016-02,0,6
106,2016-06,0,6
106,2016-10,0,6
106,2017-02,0,6
106,2017-06,0,6
106,2017-10,0,6
107,2015-04,0,8
107,2015-07,0,8
107,2015-10,0,8
107,2016-02,0,8
107,2016-06,0,8
107,2016-10,0,8
107,2017-02,0,8
107,2017-06,0,8
107,2017-10,0,8
108,2015-04,0,6
108,2015-07,0,6
108,2015-10,0,6
108,2016-02,0,6
108,2016-06,0,6
108,2016-10,0,6
108,2017-02,0,6
108,2017-06,1,6
108,2017-10,0,6
109,2015-04,0,6
109,2015-07,0,6
109,2015-10,0,6
109,2016-02,0,6
109,2016-06,0,6
109,2016-10,0,6
109,2017-02,0,6
109,2017-06,0,6
109,2017-10,0,6
110,2015-04,0,6
110,2015-07,0,6
110,2015-10,0,6
110,2016-02,0,6
110,2016-06,0,6
110,2016-10,0,6
110,2017-02,0,6
110,2017-06,0,6
110,2017-10,0,6
111,2015-04,0,6
111,2015-07,0,6
111,2015-10,0,6
111,2016-02,0,6
111,2016-06,0,6
111,2016-10,0,6
111,2017-02,0,6
111,2017-06,0,6
111,2017-10,0,6
112,2015-04,0,6
112,2015-07,0,6
112,2015-10,0,6
112,2016-02,0,6
112,2016-06,0,6
112,2016-10,0,6
112,2017-02,0,6
112,2017-06,0,6
112,2017-10,0,6
113,2015-04,0,6
113,2015-07,0,6
113,2015-10,0,6
113,2016-02,0,6
113,2016-06,0,6
113,2016-10,0,6
113,2017-02,0,6
113,2017-06,0,6
113,2017-10,0,6
114,2015-04,0,6
114,2015-07,0,6
114,2015-10,0,6
114,2016-02,0,6
114,2016-06,0,6
114,2016-10,0,6
114,2017-02,0,6
114,2017-06,0,6
114,2017-10,0,6
115,2015-04,0,6
115,2015-07,0,6
115,2015-10,0,6
115,2016-02,0,6
115,2016-06,0,6
115,2016-10,0,6
115,2017-02,0,6
115,2017-06,0,6
115,2017-10,0,6
116,2015-04,0,6
116,2015-07,0,6
116,2015-10,0,6
116,2016-02,0,6
116,2016-06,0,6
116,2016-10,0,6
116,2017-02,0,6
116,2017-06,1,6
116,2017-10,0,6
117,2015-04,0,6
117,2015-07,0,6
117,2015-10,0,6
117,2016-02,0,6
117,2016-06,0,6
117,2016-10,0,6
117,2017-02,0,6
117,2017-06,0,6
117,2017-10,0,6
118,2015-04,0,6
118,2015-07,0,6
118,2015-10,0,6
118,2016-02,0,6
118,2016-06,0,6
118,2016-10,0,6
118,2017-02,0,6
118,2017-06,0,6
118,2017-10,0,6
119,2015-04,0,8
119,2015-07,0,8
119,2015-10,0,8
119,2016-02,0,8
119,2016-06,0,8
119,2016-10,0,8
119,2017-02,0,8
119,2017-06,0,8
119,2017-10,0,8
120,2015-04,0,6
120,2015-07,0,6
120,2015-10,0,6
120,2016-02,0,6
120,2016-06,0,6
120,2016-10,0,6
120,2017-02,0,6
120,2017-06,0,6
120,2017-10,0,6
121,2015-04,0,6
121,2015-07,0,6
121,2015-10,0,6
121,2016-02,0,6
121,2016-06,0,6
121,2016-10,0,6
121,2017-02,0,6
121,2017-06,0,6
121,2017-10,0,6
122,2015-04,0,6
122,2015-07,0,6
122,2015-10,0,6
122,2016-02,0,6
122,2016-06,0,6
122,2016-10,0,6
122,2017-02,0,6
122,2017-06,0,6
122,2017-10,0,6
123,2015-04,0,6
123,2015-07,0,6
123,2015-10,0,6
123,2016-02,0,6
123,2016-06,0,6
123,2016-10,0,6
123,2017-02,0,6
123,2017-06,0,6
123,2017-10,0,6
124,2015-04,0,6
124,2015-07,0,6
124,2015-10,0,6
124,2016-02,0,6
124,2016-06,0,6
124,2016-10,0,6
124,2017-02,0,6
124,2017-06,0,6
124,2017-10,0,6
125,2015-04,0,6
125,2015-07,0,6
125,2015-10,0,6
125,2016-02,0,6
125,2016-06,0,6
125,2016-10,0,6
125,2017-02,0,6
125,2017-06,0,6
125,2017-10,0,6
126,2015-04,0,6
126,2015-07,0,6
126,2015-10,0,6
126,2016-02,0,6
126,2016-06,0,6
126,2016-10,0,6
126,2017-02,0,6
126,2017-06,0,6
126,2017-10,0,6
127,2015-04,0,6
127,2015-07,0,6
127,2015-10,0,6
127,2016-02,0,6
127,2016-06,1,6
127,2016-10,0,6
127,2017-02,0,6
127,2017-06,0,6
127,2017-10,0,6
128,2015-04,0,6
128,2015-07,0,6
128,2015-10,0,6
128,2016-02,0,6
128,2016-06,0,6
128,2016-10,0,6
128,2017-02,0,6
128,2017-06,0,6
128,2017-10,0,6
129,2015-04,0,6
129,2015-07,0,6
129,2015-10,0,6
129,2016-02,0,6
129,2016-06,0,6
129,2016-10,0,6
129,2017-02,0,6
129,2017-06,0,6
129,2017-10,0,6
130,2015-04,0,6
130,2015-07,0,6
130,2015-10,0,6
130,2016-02,0,6
130,2016-06,0,6
130,2016-10,0,6
130,2017-02,0,6
130,2017-06,0,6
130,2017-10,0,6
131,2015-04,0,6
131,2015-07,0,6
131,2015-10,0,6
131,2016-02,0,6
131,2016-06,0,6
131,2016-10,0,6
131,2017-02,0,6
131,2017-06,0,6
131,2017-10,0,6
132,2015-04,0,6
132,2015-07,0,6
132,2015-10,0,6
132,2016-02,0,6
132,2016-06,0,6
132,2016-10,0,6
132,2017-02,0,6
132,2017-06,0,6
132,2017-10,0,6
133,2015-04,0,6
133,2015-07,0,6
133,2015-10,0,6
133,2016-02,0,6
133,2016-06,0,6
133,2016-10,0,6
133,2017-02,0,6
133,2017-06,0,6
133,2017-10,0,6
134,2015-04,0,6
134,2015-07,0,6
134,2015-10,0,6
134,2016-02,0,6
134,2016-06,0,6
134,2016-10,0,6
134,2017-02,0,6
134,2017-06,0,6
134,2017-10,0,6
135,2015-04,0,6
135,2015-07,0,6
135,2015-10,0,6
135,2016-02,0,6
135,2016-06,0,6
135,2016-10,0,6
135,2017-02,0,6
135,2017-06,0,6
135,2017-10,0,6
136,2015-04,0,6
136,2015-07,0,6
136,2015-10,0,6
136,2016-02,0,6
136,2016-06,0,6
136,2016-10,0,6
136,2017-02,0,6
136,2017-06,0,6
136,2017-10,0,6
137,2015-04,0,6
137,2015-07,0,6
137,2015-10,0,6
137,2016-02,0,6
137,2016-06,0,6
137,2016-10,0,6
137,2017-02,0,6
137,2017-06,0,6
137,2017-10,0,6
138,2015-04,0,6
138,2015-07,0,6
138,2015-10,0,6
138,2016-02,0,6
138,2016-06,0,6
138,2016-10,0,6
138,2017-02,0,6
138,2017-06,0,6
138,2017-10,0,6
139,2015-04,0,6
139,2015-07,0,6
139,2015-10,0,6
139,2016-02,0,6
139,2016-06,0,6
139,2016-10,0,6
139,2017-02,0,6
139,2017-06,0,6
139,2017-10,0,6
140,2015-04,0,6
140,2015-07,0,6
140,2015-10,0,6
140,2016-02,0,6
140,2016-06,0,6
140,2016-10,0,6
140,2017-02,0,6
140,2017-06,0,6
140,2017-10,0,6
141,2015-04,0,6
141,2015-07,0,6
141,2015-10,0,6
141,2016-02,0,6
141,2016-06,0,6
141,2016-10,0,6
141,2017-02,0,6
141,2017-06,0,6
141,2017-10,0,6
142,2015-04,0,6
142,2015-07,0,6
142,2015-10,0,6
142,2016-02,0,6
142,2016-06,0,6
142,2016-10,0,6
142,2017-02,0,6
142,2017-06,0,6
142,2017-10,0,6
143,2015-04,0,6
143,2015-07,0,6
143,2015-10,0,6
143,2016-02,0,6
143,2016-06,0,6
143,2016-10,0,6
143,2017-02,0,6
143,2017-06,0,6
143,2017-10,0,6
144,2015-04,0,6
144,2015-07,0,6
144,2015-10,0,6
144,2016-02,0,6
144,2016-06,0,6
144,2016-10,0,6
144,2017-02,0,6
144,2017-06,0,6
144,2017-10,0,6
145,2015-04,0,6
145,2015-07,0,6
145,2015-10,0,6
145,2016-02,0,6
145,2016-06,0,6
145,2016-10,0,6
145,2017-02,0,6
145,2017-06,0,6
145,2017-10,0,6
146,2015-04,0,6
146,2015-07,0,6
146,2015-10,0,6
146,2016-02,0,6
146,2016-06,0,6
146,2016-10,0,6
146,2017-02,0,6
146,2017-06,0,6
146,2017-10,0,6
147,2015-04,0,6
147,2015-07,0,6
147,2015-10,0,6
147,2016-02,0,6
147,2016-06,0,6
147,2016-10,0,6
147,2017-02,0,6
147,2017-06,0,6
147,2017-10,0,6
148,2015-04,0,6
148,2015-07,0,6
148,2015-10,0,6
148,2016-02,0,6
148,2016-06,0,6
148,2016-10,0,6
148,2017-02,0,6
148,2017-06,0,6
148,2017-10,0,6
149,2015-04,0,6
149,2015-07,0,6
149,2015-10,0,6
149,2016-02,0,6
149,2016-06,0,6
149,2016-10,0,6
149,2017-02,0,6
149,2017-06,0,6
149,2017-10,0,6
150,2015-04,0,6
150,2015-07,0,6
150,2015-10,0,6
150,2016-02,0,6
150,2016-06,0,6
150,2016-10,0,6
150,2017-02,0,6
150,2017-06,0,6
150,2017-10,0,6
151,2015-04,0,6
151,2015-07,0,6
151,2015-10,0,6
151,2016-02,0,6
151,2016-06,0,6
151,2016-10,0,6
151,2017-02,0,6
151,2017-06,0,6
151,2017-10,0,6
152,2015-04,0,6
152,2015-07,0,6
152,2015-10,0,6
152,2016-02,0,6
152,2016-06,0,6
152,2016-10,0,6
152,2017-02,0,6
152,2017-06,0,6
152,2017-10,0,6
153,2015-04,0,6
153,2015-07,0,6
153,2015-10,0,6
153,2016-02,0,6
153,2016-06,0,6
153,2016-10,0,6
153,2017-02,0,6
153,2017-06,0,6
153,2017-10,0,6
154,2015-04,0,6
154,2015-07,0,6
154,2015-10,0,6
154,2016-02,0,6
154,2016-06,0,6
154,2016-10,0,6
154,2017-02,0,6
154,2017-06,0,6
154,2017-10,0,6
155,2015-04,0,6
155,2015-07,0,6
155,2015-10,0,6
155,2016-02,0,6
155,2016-06,0,6
155,2016-10,0,6
155,2017-02,0,6
155,2017-06,0,6
155,2017-10,0,6
156,2015-04,0,6
156,2015-07,0,6
156,2015-10,0,6
156,2016-02,0,6
156,2016-06,0,6
156,2016-10,0,6
156,2017-02,0,6
156,2017-06,0,6
156,2017-10,0,6
157,2015-04,0,6
157,2015-07,0,6
157,2015-10,0,6
157,2016-02,0,6
157,2016-06,0,6
157,2016-10,0,6
157,2017-02,0,6
157,2017-06,0,6
157,2017-10,0,6
158,2015-04,0,6
158,2015-07,0,6
158,2015-10,0,6
158,2016-02,0,6
158,2016-06,0,6
158,2016-10,0,6
158,2017-02,0,6
158,2017-06,0,6
158,2017-10,0,6
159,2015-04,0,6
159,2015-07,0,6
159,2015-10,0,6
159,2016-02,0,6
159,2016-06,0,6
159,2016-10,0,6
159,2017-02,0,6
159,2017-06,0,6
159,2017-10,0,6
160,2015-04,0,6
160,2015-07,0,6
160,2015-10,0,6
160,2016-02,0,6
160,2016-06,0,6
160,2016-10,0,6
160,2017-02,0,6
160,2017-06,1,6
160,2017-10,0,6
161,2015-04,0,6
161,2015-07,0,6
161,2015-10,0,6
161,2016-02,0,6
161,2016-06,0,6
161,2016-10,0,6
161,2017-02,0,6
161,2017-06,1,6
161,2017-10,0,6
162,2015-04,0,6
162,2015-07,0,6
162,2015-10,0,6
162,2016-02,0,6
162,2016-06,0,6
162,2016-10,0,6
162,2017-02,0,6
162,2017-06,0,6
162,2017-10,0,6
163,2015-04,0,6
163,2015-07,0,6
163,2015-10,0,6
163,2016-02,0,6
163,2016-06,0,6
163,2016-10,0,6
163,2017-02,0,6
163,2017-06,0,6
163,2017-10,0,6
164,2015-04,0,6
164,2015-07,0,6
164,2015-10,0,6
164,2016-02,0,6
164,2016-06,0,6
164,2016-10,0,6
164,2017-02,0,6
164,2017-06,1,6
164,2017-10,0,6
165,2015-04,0,6
165,2015-07,0,6
165,2015-10,0,6
165,2016-02,0,6
165,2016-06,0,6
165,2016-10,0,6
165,2017-02,0,6
165,2017-06,1,6
165,2017-10,0,6
166,2015-04,0,8
166,2015-07,0,8
166,2015-10,0,8
166,2016-02,0,8
166,2016-06,1,8
166,2016-10,0,8
166,2017-02,0,8
166,2017-06,1,8
166,2017-10,0,8
167,2015-04,0,6
167,2015-07,0,6
167,2015-10,0,6
167,2016-02,0,6
167,2016-06,1,6
167,2016-10,0,6
167,2017-02,0,6
167,2017-06,1,6
167,2017-10,0,6
168,2015-04,0,6
168,2015-07,0,6
168,2015-10,0,6
168,2016-02,0,6
168,2016-06,0,6
168,2016-10,0,6
168,2017-02,0,6
168,2017-06,1,6
168,2017-10,0,6
169,2015-04,0,6
169,2015-07,0,6
169,2015-10,0,6
169,2016-02,0,6
169,2016-06,1,6
169,2016-10,0,6
169,2017-02,1,6
169,2017-06,1,6
169,2017-10,0,6
170,2015-04,0,6
170,2015-07,0,6
170,2015-10,0,6
170,2016-02,0,6
170,2016-06,1,6
170,2016-10,0,6
170,2017-02,1,6
170,2017-06,1,6
170,2017-10,0,6
171,2015-04,0,6
171,2015-07,0,6
171,2015-10,0,6
171,2016-02,0,6
171,2016-06,1,6
171,2016-10,0,6
171,2017-02,1,6
171,2017-06,1,6
171,2017-10,0,6
172,2015-04,0,4
172,2015-07,0,4
172,2015-10,0,4
172,2016-02,0,4
172,2016-06,0,4
172,2016-10,0,4
172,2017-02,1,4
172,2017-06,1,4
172,2017-10,1,4
173,2015-04,0,4
173,2015-07,0,4
173,2015-10,0,4
173,2016-02,0,4
173,2016-06,0,4
173,2016-10,0,4
173,2017-02,0,4
173,2017-06,1,4
173,2017-10,1,4
174,2015-04,0,4
174,2015-07,0,4
174,2015-10,0,4
174,2016-02,0,4
174,2016-06,0,4
174,2016-10,0,4
174,2017-02,1,4
174,2017-06,1,4
174,2017-10,1,4
175,2015-04,0,4
175,2015-07,0,4
175,2015-10,0,4
175,2016-02,0,4
175,2016-06,0,4
175,2016-10,0,4
175,2017-02,0,4
175,2017-06,1,4
175,2017-10,1,4
176,2015-04,0,4
176,2015-07,0,4
176,2015-10,0,4
176,2016-02,0,4
176,2016-06,0,4
176,2016-10,0,4
176,2017-02,1,4
176,2017-06,1,4
176,2017-10,1,4
177,2015-04,0,4
177,2015-07,0,4
177,2015-10,0,4
177,2016-02,0,4
177,2016-06,0,4
177,2016-10,0,4
177,2017-02,1,4
177,2017-06,1,4
177,2017-10,1,4
178,2015-04,0,4
178,2015-07,0,4
178,2015-10,0,4
178,2016-02,0,4
178,2016-06,0,4
178,2016-10,0,4
178,2017-02,0,4
178,2017-06,1,4
178,2017-10,1,4
179,2015-04,0,4
179,2015-07,0,4
179,2015-10,0,4
179,2016-02,0,4
179,2016-06,0,4
179,2016-10,0,4
179,2017-02,1,4
179,2017-06,1,4
179,2017-10,1,4
180,2015-04,0,4
180,2015-07,0,4
180,2015-10,0,4
180,2016-02,0,4
180,2016-06,0,4
180,2016-10,0,4
180,2017-02,1,4
180,2017-06,1,4
180,2017-10,1,4
181,2015-04,0,4
181,2015-07,0,4
181,2015-10,0,4
181,2016-02,0,4
181,2016-06,0,4
181,2016-10,0,4
181,2017-02,1,4
181,2017-06,1,4
181,2017-10,1,4
182,2015-04,0,4
182,2015-07,0,4
182,2015-10,0,4
182,2016-02,0,4
182,2016-06,0,4
182,2016-10,0,4
182,2017-02,1,4
182,2017-06,1,4
182,2017-10,1,4
183,2015-04,0,4
183,2015-07,0,4
183,2015-10,0,4
183,2016-02,0,4
183,2016-06,0,4
183,2016-10,0,4
183,2017-02,1,4
183,2017-06,1,4
183,2017-10,1,4
184,2015-04,0,4
184,2015-07,0,4
184,2015-10,0,4
184,2016-02,0,4
184,2016-06,0,4
184,2016-10,0,4
184,2017-02,1,4
184,2017-06,1,4
184,2017-10,1,4
185,2015-04,0,4
185,2015-07,0,4
185,2015-10,0,4
185,2016-02,0,4
185,2016-06,0,4
185,2016-10,0,4
185,2017-02,1,4
185,2017-06,0,4
185,2017-10,1,4
186,2015-04,0,4
186,2015-07,0,4
186,2015-10,0,4
186,2016-02,0,4
186,2016-06,0,4
186,2016-10,0,4
186,2017-02,1,4
186,2017-06,1,4
186,2017-10,1,4
187,2015-04,0,4
187,2015-07,0,4
187,2015-10,0,4
187,2016-02,0,4
187,2016-06,0,4
187,2016-10,0,4
187,2017-02,0,4
187,2017-06,1,4
187,2017-10,1,4
188,2015-04,0,4
188,2015-07,0,4
188,2015-10,0,4
188,2016-02,0,4
188,2016-06,0,4
188,2016-10,0,4
188,2017-02,0,4
188,2017-06,1,4
188,2017-10,1,4
189,2015-04,0,4
189,2015-07,0,4
189,2015-10,0,4
189,2016-02,0,4
189,2016-06,0,4
189,2016-10,0,4
189,2017-02,0,4
189,2017-06,1,4
189,2017-10,1,4
190,2015-04,0,4
190,2015-07,0,4
190,2015-10,0,4
190,2016-02,0,4
190,2016-06,0,4
190,2016-10,0,4
190,2017-02,0,4
190,2017-06,0,4
190,2017-10,1,4
191,2015-04,0,4
191,2015-07,0,4
191,2015-10,0,4
191,2016-02,0,4
191,2016-06,0,4
191,2016-10,0,4
191,2017-02,0,4
191,2017-06,1,4
191,2017-10,1,4
192,2015-04,0,4
192,2015-07,0,4
192,2015-10,0,4
192,2016-02,0,4
192,2016-06,0,4
192,2016-10,0,4
192,2017-02,1,4
192,2017-06,1,4
192,2017-10,1,4
193,2015-04,0,4
193,2015-07,0,4
193,2015-10,0,4
193,2016-02,0,4
193,2016-06,0,4
193,2016-10,0,4
193,2017-02,0,4
193,2017-06,1,4
193,2017-10,1,4
194,2015-04,0,4
194,2015-07,0,4
194,2015-10,0,4
194,2016-02,0,4
194,2016-06,0,4
194,2016-10,0,4
194,2017-02,0,4
194,2017-06,1,4
194,2017-10,1,4
195,2015-04,0,4
195,2015-07,0,4
195,2015-10,0,4
195,2016-02,0,4
195,2016-06,0,4
195,2016-10,0,4
195,2017-02,0,4
195,2017-06,0,4
195,2017-10,1,4
196,2015-04,0,4
196,2015-07,0,4
196,2015-10,0,4
196,2016-02,0,4
196,2016-06,0,4
196,2016-10,0,4
196,2017-02,0,4
196,2017-06,0,4
196,2017-10,1,4
197,2015-04,0,4
197,2015-07,0,4
197,2015-10,0,4
197,2016-02,0,4
197,2016-06,0,4
197,2016-10,0,4
197,2017-02,0,4
197,2017-06,1,4
197,2017-10,1,4
198,2015-04,0,4
198,2015-07,0,4
198,2015-10,0,4
198,2016-02,0,4
198,2016-06,0,4
198,2016-10,0,4
198,2017-02,0,4
198,2017-06,1,4
198,2017-10,1,4
199,2015-04,0,4
199,2015-07,0,4
199,2015-10,0,4
199,2016-02,0,4
199,2016-06,0,4
199,2016-10,0,4
199,2017-02,0,4
199,2017-06,1,4
199,2017-10,1,4
200,2015-04,0,4
200,2015-07,0,4
200,2015-10,0,4
200,2016-02,0,4
200,2016-06,0,4
200,2016-10,0,4
200,2017-02,0,4
200,2017-06,0,4
200,2017-10,1,4
201,2015-04,0,4
201,2015-07,0,4
201,2015-10,0,4
201,2016-02,0,4
201,2016-06,0,4
201,2016-10,1,4
201,2017-02,0,4
201,2017-06,1,4
201,2017-10,1,4
202,2015-04,0,4
202,2015-07,0,4
202,2015-10,0,4
202,2016-02,0,4
202,2016-06,0,4
202,2016-10,0,4
202,2017-02,0,4
202,2017-06,1,4
202,2017-10,1,4
203,2015-04,0,4
203,2015-07,0,4
203,2015-10,0,4
203,2016-02,0,4
203,2016-06,1,4
203,2016-10,1,4
203,2017-02,0,4
203,2017-06,1,4
203,2017-10,1,4
204,2015-04,0,4
204,2015-07,0,4
204,2015-10,0,4
204,2016-02,0,4
204,2016-06,1,4
204,2016-10,1,4
204,2017-02,1,4
204,2017-06,1,4
204,2017-10,1,4
205,2015-04,0,4
205,2015-07,0,4
205,2015-10,0,4
205,2016-02,0,4
205,2016-06,0,4
205,2016-10,1,4
205,2017-02,1,4
205,2017-06,1,4
205,2017-10,1,4
206,2015-04,0,4
206,2015-07,0,4
206,2015-10,0,4
206,2016-02,0,4
206,2016-06,1,4
206,2016-10,1,4
206,2017-02,1,4
206,2017-06,1,4
206,2017-10,1,4
207,2015-04,0,4
207,2015-07,0,4
207,2015-10,0,4
207,2016-02,0,4
207,2016-06,0,4
207,2016-10,0,4
207,2017-02,0,4
207,2017-06,0,4
207,2017-10,1,4
208,2015-04,0,4
208,2015-07,0,4
208,2015-10,0,4
208,2016-02,0,4
208,2016-06,1,4
208,2016-10,1,4
208,2017-02,1,4
208,2017-06,1,4
208,2017-10,1,4
209,2015-04,0,0
209,2015-07,0,0
209,2015-10,0,0
209,2016-02,0,0
209,2016-06,0,0
209,2016-10,0,0
209,2017-02,0,0
209,2017-06,0,0
209,2017-10,1,0
210,2015-04,0,4
210,2015-07,0,4
210,2015-10,0,4
210,2016-02,0,4
210,2016-06,0,4
210,2016-10,0,4
210,2017-02,0,4
210,2017-06,0,4
210,2017-10,1,4
211,2015-04,0,4
211,2015-07,0,4
211,2015-10,0,4
211,2016-02,0,4
211,2016-06,0,4
211,2016-10,0,4
211,2017-02,0,4
211,2017-06,1,4
211,2017-10,1,4
212,2015-04,0,0
212,2015-07,0,0
212,2015-10,0,0
212,2016-02,0,0
212,2016-06,0,0
212,2016-10,0,0
212,2017-02,0,0
212,2017-06,0,0
212,2017-10,1,0
213,2015-04,0,0
213,2015-07,0,0
213,2015-10,0,0
213,2016-02,0,0
213,2016-06,0,0
213,2016-10,0,0
213,2017-02,0,0
213,2017-06,0,0
213,2017-10,1,0
214,2015-04,0,4
214,2015-07,0,4
214,2015-10,0,4
214,2016-02,0,4
214,2016-06,0,4
214,2016-10,0,4
214,2017-02,0,4
214,2017-06,0,4
214,2017-10,1,4
215,2015-04,0,4
215,2015-07,0,4
215,2015-10,0,4
215,2016-02,0,4
215,2016-06,0,4
215,2016-10,0,4
215,2017-02,0,4
215,2017-06,1,4
215,2017-10,1,4
217,2015-04,0,0
217,2015-07,0,0
217,2015-10,1,0
217,2016-02,1,0
217,2016-06,1,0
217,2016-10,1,0
217,2017-02,1,0
217,2017-06,1,0
217,2017-10,1,0
218,2015-04,0,0
218,2015-07,0,0
218,2015-10,1,0
218,2016-02,1,0
218,2016-06,1,0
218,2016-10,1,0
218,2017-02,1,0
218,2017-06,1,0
218,2017-10,1,0
219,2015-04,0,0
219,2015-07,0,0
219,2015-10,1,0
219,2016-02,1,0
219,2016-06,1,0
219,2016-10,1,0
219,2017-02,0,0
219,2017-06,1,0
219,2017-10,1,0
220,2015-04,0,0
220,2015-07,0,0
220,2015-10,1,0
220,2016-02,1,0
220,2016-06,1,0
220,2016-10,1,0
220,2017-02,1,0
220,2017-06,1,0
220,2017-10,1,0
221,2015-04,0,0
221,2015-07,0,0
221,2015-10,1,0
221,2016-02,1,0
221,2016-06,1,0
221,2016-10,1,0
221,2017-02,1,0
221,2017-06,1,0
221,2017-10,1,0
222,2015-04,0,0
222,2015-07,0,0
222,2015-10,1,0
222,2016-02,1,0
222,2016-06,1,0
222,2016-10,1,0
222,2017-02,1,0
222,2017-06,1,0
222,2017-10,1,0
223,2015-04,0,4
223,2015-07,0,4
223,2015-10,0,4
223,2016-02,0,4
223,2016-06,0,4
223,2016-10,0,4
223,2017-02,0,4
223,2017-06,1,4
223,2017-10,1,4
224,2015-04,0,4
224,2015-07,0,4
224,2015-10,0,4
224,2016-02,0,4
224,2016-06,0,4
224,2016-10,0,4
224,2017-02,0,4
224,2017-06,1,4
224,2017-10,1,4
225,2015-04,0,0
225,2015-07,0,0
225,2015-10,0,0
225,2016-02,0,0
225,2016-06,0,0
225,2016-10,0,0
225,2017-02,0,0
225,2017-06,1,0
225,2017-10,1,0
226,2015-04,0,4
226,2015-07,0,4
226,2015-10,0,4
226,2016-02,0,4
226,2016-06,0,4
226,2016-10,0,4
226,2017-02,0,4
226,2017-06,1,4
226,2017-10,1,4
227,2015-04,0,0
227,2015-07,0,0
227,2015-10,0,0
227,2016-02,0,0
227,2016-06,0,0
227,2016-10,0,0
227,2017-02,0,0
227,2017-06,1,0
227,2017-10,1,0
228,2015-04,0,4
228,2015-07,0,4
228,2015-10,0,4
228,2016-02,0,4
228,2016-06,0,4
228,2016-10,0,4
228,2017-02,0,4
228,2017-06,1,4
228,2017-10,1,4
229,2015-04,0,4
229,2015-07,0,4
229,2015-10,0,4
229,2016-02,0,4
229,2016-06,0,4
229,2016-10,0,4
229,2017-02,0,4
229,2017-06,1,4
229,2017-10,1,4
230,2015-04,0,0
230,2015-07,0,0
230,2015-10,0,0
230,2016-02,0,0
230,2016-06,0,0
230,2016-10,0,0
230,2017-02,0,0
230,2017-06,1,0
230,2017-10,1,0
231,2015-04,0,4
231,2015-07,0,4
231,2015-10,0,4
231,2016-02,0,4
231,2016-06,0,4
231,2016-10,0,4
231,2017-02,0,4
231,2017-06,1,4
231,2017-10,1,4
232,2015-04,0,4
232,2015-07,0,4
232,2015-10,0,4
232,2016-02,0,4
232,2016-06,0,4
232,2016-10,0,4
232,2017-02,0,4
232,2017-06,1,4
232,2017-10,1,4
233,2015-04,0,4
233,2015-07,0,4
233,2015-10,0,4
233,2016-02,0,4
233,2016-06,0,4
233,2016-10,0,4
233,2017-02,0,4
233,2017-06,1,4
233,2017-10,1,4
234,2015-04,0,4
234,2015-07,0,4
234,2015-10,0,4
234,2016-02,0,4
234,2016-06,0,4
234,2016-10,0,4
234,2017-02,0,4
234,2017-06,1,4
234,2017-10,1,4
235,2015-04,0,4
235,2015-07,0,4
235,2015-10,0,4
235,2016-02,0,4
235,2016-06,0,4
235,2016-10,0,4
235,2017-02,0,4
235,2017-06,1,4
235,2017-10,1,4
236,2015-04,0,4
236,2015-07,0,4
236,2015-10,0,4
236,2016-02,0,4
236,2016-06,0,4
236,2016-10,0,4
236,2017-02,0,4
236,2017-06,1,4
236,2017-10,1,4
237,2015-04,0,0
237,2015-07,0,0
237,2015-10,0,0
237,2016-02,0,0
237,2016-06,0,0
237,2016-10,0,0
237,2017-02,0,0
237,2017-06,1,0
237,2017-10,1,0
238,2015-04,0,4
238,2015-07,0,4
238,2015-10,0,4
238,2016-02,0,4
238,2016-06,0,4
238,2016-10,0,4
238,2017-02,0,4
238,2017-06,1,4
238,2017-10,1,4
239,2015-04,0,4
239,2015-07,0,4
239,2015-10,0,4
239,2016-02,0,4
239,2016-06,0,4
239,2016-10,0,4
239,2017-02,0,4
239,2017-06,1,4
239,2017-10,1,4
240,2015-04,0,0
240,2015-07,0,0
240,2015-10,0,0
240,2016-02,0,0
240,2016-06,0,0
240,2016-10,0,0
240,2017-02,0,0
240,2017-06,1,0
240,2017-10,1,0
241,2015-04,0,4
241,2015-07,0,4
241,2015-10,0,4
241,2016-02,0,4
241,2016-06,0,4
241,2016-10,0,4
241,2017-02,0,4
241,2017-06,0,4
241,2017-10,0,4
242,2015-04,0,4
242,2015-07,0,4
242,2015-10,0,4
242,2016-02,0,4
242,2016-06,0,4
242,2016-10,0,4
242,2017-02,0,4
242,2017-06,1,4
242,2017-10,0,4
243,2015-04,0,4
243,2015-07,0,4
243,2015-10,0,4
243,2016-02,0,4
243,2016-06,0,4
243,2016-10,0,4
243,2017-02,0,4
243,2017-06,1,4
243,2017-10,0,4
244,2015-04,0,4
244,2015-07,0,4
244,2015-10,0,4
244,2016-02,0,4
244,2016-06,0,4
244,2016-10,0,4
244,2017-02,0,4
244,2017-06,1,4
244,2017-10,0,4
245,2015-04,0,4
245,2015-07,0,4
245,2015-10,0,4
245,2016-02,0,4
245,2016-06,0,4
245,2016-10,0,4
245,2017-02,0,4
245,2017-06,0,4
245,2017-10,0,4
246,2015-04,0,0
246,2015-07,0,0
246,2015-10,0,0
246,2016-02,1,0
246,2016-06,0,0
246,2016-10,0,0
246,2017-02,1,0
246,2017-06,1,0
246,2017-10,1,0
247,2015-04,0,4
247,2015-07,0,4
247,2015-10,0,4
247,2016-02,1,4
247,2016-06,1,4
247,2016-10,1,4
247,2017-02,1,4
247,2017-06,1,4
247,2017-10,0,4
248,2015-04,0,4
248,2015-07,0,4
248,2015-10,0,4
248,2016-02,1,4
248,2016-06,1,4
248,2016-10,1,4
248,2017-02,1,4
248,2017-06,1,4
248,2017-10,0,4
249,2015-04,0,0
249,2015-07,0,0
249,2015-10,0,0
249,2016-02,0,0
249,2016-06,0,0
249,2016-10,0,0
249,2017-02,1,0
249,2017-06,1,0
249,2017-10,1,0
250,2015-04,0,0
250,2015-07,0,0
250,2015-10,0,0
250,2016-02,0,0
250,2016-06,0,0
250,2016-10,0,0
250,2017-02,1,0
250,2017-06,1,0
250,2017-10,1,0
251,2015-04,0,0
251,2015-07,0,0
251,2015-10,0,0
251,2016-02,1,0
251,2016-06,0,0
251,2016-10,0,0
251,2017-02,1,0
251,2017-06,1,0
251,2017-10,1,0
252,2015-04,0,4
252,2015-07,0,4
252,2015-10,0,4
252,2016-02,1,4
252,2016-06,1,4
252,2016-10,1,4
252,2017-02,1,4
252,2017-06,1,4
252,2017-10,0,4
253,2015-04,0,0
253,2015-07,0,0
253,2015-10,0,0
253,2016-02,1,0
253,2016-06,1,0
253,2016-10,1,0
253,2017-02,1,0
253,2017-06,1,0
253,2017-10,0,0
254,2015-04,0,4
254,2015-07,0,4
254,2015-10,0,4
254,2016-02,1,4
254,2016-06,1,4
254,2016-10,1,4
254,2017-02,1,4
254,2017-06,1,4
254,2017-10,0,4
255,2015-04,0,0
255,2015-07,0,0
255,2015-10,0,0
255,2016-02,0,0
255,2016-06,0,0
255,2016-10,0,0
255,2017-02,1,0
255,2017-06,1,0
255,2017-10,1,0
256,2015-04,0,4
256,2015-07,0,4
256,2015-10,0,4
256,2016-02,1,4
256,2016-06,1,4
256,2016-10,1,4
256,2017-02,1,4
256,2017-06,1,4
256,2017-10,0,4
257,2015-04,0,4
257,2015-07,0,4
257,2015-10,0,4
257,2016-02,1,4
257,2016-06,1,4
257,2016-10,1,4
257,2017-02,1,4
257,2017-06,1,4
257,2017-10,0,4
258,2015-04,0,0
258,2015-07,0,0
258,2015-10,0,0
258,2016-02,1,0
258,2016-06,0,0
258,2016-10,0,0
258,2017-02,1,0
258,2017-06,1,0
258,2017-10,1,0
259,2015-04,0,0
259,2015-07,0,0
259,2015-10,0,0
259,2016-02,1,0
259,2016-06,0,0
259,2016-10,0,0
259,2017-02,1,0
259,2017-06,1,0
259,2017-10,1,0
260,2015-04,0,0
260,2015-07,1,0
260,2015-10,1,0
260,2016-02,1,0
260,2016-06,1,0
260,2016-10,0,0
260,2017-02,0,0
260,2017-06,0,0
260,2017-10,1,0
261,2015-04,0,0
261,2015-07,1,0
261,2015-10,1,0
261,2016-02,1,0
261,2016-06,1,0
261,2016-10,0,0
261,2017-02,0,0
261,2017-06,0,0
261,2017-10,1,0
262,2015-04,0,0
262,2015-07,0,0
262,2015-10,1,0
262,2016-02,1,0
262,2016-06,1,0
262,2016-10,0,0
262,2017-02,0,0
262,2017-06,0,0
262,2017-10,1,0
263,2015-04,0,0
263,2015-07,0,0
263,2015-10,1,0
263,2016-02,1,0
263,2016-06,1,0
263,2016-10,0,0
263,2017-02,0,0
263,2017-06,0,0
263,2017-10,1,0
264,2015-04,0,4
264,2015-07,0,4
264,2015-10,0,4
264,2016-02,0,4
264,2016-06,0,4
264,2016-10,0,4
264,2017-02,0,4
264,2017-06,0,4
264,2017-10,0,4
265,2015-04,0,4
265,2015-07,0,4
265,2015-10,0,4
265,2016-02,0,4
265,2016-06,0,4
265,2016-10,0,4
265,2017-02,0,4
265,2017-06,0,4
265,2017-10,0,4
266,2015-04,0,4
266,2015-07,0,4
266,2015-10,1,4
266,2016-02,0,4
266,2016-06,0,4
266,2016-10,0,4
266,2017-02,0,4
266,2017-06,0,4
266,2017-10,0,4
267,2015-04,0,4
267,2015-07,0,4
267,2015-10,0,4
267,2016-02,0,4
267,2016-06,0,4
267,2016-10,0,4
267,2017-02,0,4
267,2017-06,1,4
267,2017-10,0,4
268,2015-04,1,4
268,2015-07,0,4
268,2015-10,0,4
268,2016-02,0,4
268,2016-06,0,4
268,2016-10,0,4
268,2017-02,0,4
268,2017-06,0,4
268,2017-10,0,4
269,2015-04,0,4
269,2015-07,0,4
269,2015-10,0,4
269,2016-02,0,4
269,2016-06,0,4
269,2016-10,0,4
269,2017-02,0,4
269,2017-06,0,4
269,2017-10,0,4
270,2015-04,0,4
270,2015-07,0,4
270,2015-10,0,4
270,2016-02,0,4
270,2016-06,0,4
270,2016-10,0,4
270,2017-02,0,4
270,2017-06,0,4
270,2017-10,0,4
271,2015-04,0,4
271,2015-07,0,4
271,2015-10,0,4
271,2016-02,0,4
271,2016-06,0,4
271,2016-10,0,4
271,2017-02,0,4
271,2017-06,0,4
271,2017-10,0,4
272,2015-04,0,4
272,2015-07,1,4
272,2015-10,1,4
272,2016-02,0,4
272,2016-06,0,4
272,2016-10,0,4
272,2017-02,0,4
272,2017-06,0,4
272,2017-10,0,4
273,2015-04,0,4
273,2015-07,0,4
273,2015-10,0,4
273,2016-02,0,4
273,2016-06,0,4
273,2016-10,0,4
273,2017-02,0,4
273,2017-06,0,4
273,2017-10,0,4
274,2015-04,0,4
274,2015-07,0,4
274,2015-10,0,4
274,2016-02,0,4
274,2016-06,0,4
274,2016-10,0,4
274,2017-02,0,4
274,2017-06,1,4
274,2017-10,0,4
275,2015-04,0,4
275,2015-07,0,4
275,2015-10,0,4
275,2016-02,0,4
275,2016-06,0,4
275,2016-10,0,4
275,2017-02,0,4
275,2017-06,1,4
275,2017-10,0,4
276,2015-04,0,4
276,2015-07,0,4
276,2015-10,0,4
276,2016-02,0,4
276,2016-06,0,4
276,2016-10,0,4
276,2017-02,0,4
276,2017-06,1,4
276,2017-10,0,4
277,2015-04,0,4
277,2015-07,0,4
277,2015-10,0,4
277,2016-02,0,4
277,2016-06,0,4
277,2016-10,0,4
277,2017-02,0,4
277,2017-06,0,4
277,2017-10,0,4
278,2015-04,0,4
278,2015-07,0,4
278,2015-10,0,4
278,2016-02,0,4
278,2016-06,0,4
278,2016-10,0,4
278,2017-02,0,4
278,2017-06,0,4
278,2017-10,0,4
279,2015-04,0,4
279,2015-07,0,4
279,2015-10,0,4
279,2016-02,0,4
279,2016-06,1,4
279,2016-10,0,4
279,2017-02,1,4
279,2017-06,1,4
279,2017-10,0,4
280,2015-04,1,4
280,2015-07,1,4
280,2015-10,1,4
280,2016-02,0,4
280,2016-06,0,4
280,2016-10,0,4
280,2017-02,0,4
280,2017-06,0,4
280,2017-10,0,4
281,2015-04,0,4
281,2015-07,0,4
281,2015-10,0,4
281,2016-02,0,4
281,2016-06,1,4
281,2016-10,0,4
281,2017-02,1,4
281,2017-06,1,4
281,2017-10,0,4
282,2015-04,0,4
282,2015-07,0,4
282,2015-10,0,4
282,2016-02,0,4
282,2016-06,0,4
282,2016-10,0,4
282,2017-02,0,4
282,2017-06,0,4
282,2017-10,0,4
283,2015-04,0,4
283,2015-07,0,4
283,2015-10,0,4
283,2016-02,0,4
283,2016-06,0,4
283,2016-10,0,4
283,2017-02,0,4
283,2017-06,0,4
283,2017-10,0,4
284,2015-04,0,4
284,2015-07,0,4
284,2015-10,0,4
284,2016-02,0,4
284,2016-06,1,4
284,2016-10,0,4
284,2017-02,1,4
284,2017-06,1,4
284,2017-10,0,4
285,2015-04,0,4
285,2015-07,0,4
285,2015-10,0,4
285,2016-02,0,4
285,2016-06,0,4
285,2016-10,0,4
285,2017-02,0,4
285,2017-06,0,4
285,2017-10,0,4
286,2015-04,0,4
286,2015-07,0,4
286,2015-10,0,4
286,2016-02,0,4
286,2016-06,0,4
286,2016-10,0,4
286,2017-02,0,4
286,2017-06,0,4
286,2017-10,0,4
287,2015-04,0,4
287,2015-07,0,4
287,2015-10,0,4
287,2016-02,0,4
287,2016-06,0,4
287,2016-10,0,4
287,2017-02,0,4
287,2017-06,0,4
287,2017-10,0,4
288,2015-04,0,4
288,2015-07,0,4
288,2015-10,0,4
288,2016-02,0,4
288,2016-06,0,4
288,2016-10,0,4
288,2017-02,0,4
288,2017-06,0,4
288,2017-10,0,4
289,2015-04,0,4
289,2015-07,0,4
289,2015-10,0,4
289,2016-02,0,4
289,2016-06,0,4
289,2016-10,0,4
289,2017-02,0,4
289,2017-06,1,4
289,2017-10,1,4
290,2015-04,0,4
290,2015-07,0,4
290,2015-10,0,4
290,2016-02,0,4
290,2016-06,0,4
290,2016-10,0,4
290,2017-02,0,4
290,2017-06,0,4
290,2017-10,0,4
291,2015-04,0,4
291,2015-07,0,4
291,2015-10,0,4
291,2016-02,0,4
291,2016-06,0,4
291,2016-10,0,4
291,2017-02,1,4
291,2017-06,1,4
291,2017-10,1,4
292,2015-04,0,4
292,2015-07,0,4
292,2015-10,0,4
292,2016-02,0,4
292,2016-06,0,4
292,2016-10,0,4
292,2017-02,0,4
292,2017-06,1,4
292,2017-10,0,4
293,2015-04,0,4
293,2015-07,0,4
293,2015-10,0,4
293,2016-02,0,4
293,2016-06,0,4
293,2016-10,0,4
293,2017-02,1,4
293,2017-06,1,4
293,2017-10,1,4
294,2015-04,0,4
294,2015-07,0,4
294,2015-10,0,4
294,2016-02,0,4
294,2016-06,0,4
294,2016-10,0,4
294,2017-02,1,4
294,2017-06,1,4
294,2017-10,1,4
295,2015-04,0,4
295,2015-07,0,4
295,2015-10,0,4
295,2016-02,0,4
295,2016-06,0,4
295,2016-10,0,4
295,2017-02,0,4
295,2017-06,1,4
295,2017-10,1,4
296,2015-04,0,4
296,2015-07,0,4
296,2015-10,0,4
296,2016-02,0,4
296,2016-06,0,4
296,2016-10,0,4
296,2017-02,0,4
296,2017-06,0,4
296,2017-10,0,4
297,2015-04,0,4
297,2015-07,0,4
297,2015-10,0,4
297,2016-02,0,4
297,2016-06,0,4
297,2016-10,0,4
297,2017-02,0,4
297,2017-06,1,4
297,2017-10,0,4
298,2015-04,0,4
298,2015-07,0,4
298,2015-10,0,4
298,2016-02,0,4
298,2016-06,0,4
298,2016-10,0,4
298,2017-02,1,4
298,2017-06,1,4
298,2017-10,1,4
299,2015-04,0,4
299,2015-07,0,4
299,2015-10,0,4
299,2016-02,0,4
299,2016-06,0,4
299,2016-10,0,4
299,2017-02,0,4
299,2017-06,0,4
299,2017-10,0,4
300,2015-04,1,4
300,2015-07,1,4
300,2015-10,1,4
300,2016-02,0,4
300,2016-06,0,4
300,2016-10,0,4
300,2017-02,0,4
300,2017-06,1,4
300,2017-10,0,4
301,2015-04,0,4
301,2015-07,0,4
301,2015-10,0,4
301,2016-02,0,4
301,2016-06,0,4
301,2016-10,0,4
301,2017-02,0,4
301,2017-06,0,4
301,2017-10,0,4
302,2015-04,0,4
302,2015-07,0,4
302,2015-10,0,4
302,2016-02,0,4
302,2016-06,0,4
302,2016-10,0,4
302,2017-02,0,4
302,2017-06,1,4
302,2017-10,0,4
303,2015-04,0,4
303,2015-07,0,4
303,2015-10,0,4
303,2016-02,0,4
303,2016-06,0,4
303,2016-10,0,4
303,2017-02,0,4
303,2017-06,1,4
303,2017-10,1,4
304,2015-04,1,4
304,2015-07,1,4
304,2015-10,1,4
304,2016-02,0,4
304,2016-06,0,4
304,2016-10,1,4
304,2017-02,1,4
304,2017-06,1,4
304,2017-10,1,4
305,2015-04,0,4
305,2015-07,0,4
305,2015-10,0,4
305,2016-02,0,4
305,2016-06,0,4
305,2016-10,0,4
305,2017-02,0,4
305,2017-06,1,4
305,2017-10,1,4
306,2015-04,1,4
306,2015-07,1,4
306,2015-10,1,4
306,2016-02,0,4
306,2016-06,0,4
306,2016-10,0,4
306,2017-02,0,4
306,2017-06,1,4
306,2017-10,0,4
307,2015-04,1,4
307,2015-07,1,4
307,2015-10,1,4
307,2016-02,0,4
307,2016-06,0,4
307,2016-10,1,4
307,2017-02,1,4
307,2017-06,1,4
307,2017-10,1,4
308,2015-04,0,4
308,2015-07,0,4
308,2015-10,0,4
308,2016-02,0,4
308,2016-06,0,4
308,2016-10,0,4
308,2017-02,0,4
308,2017-06,1,4
308,2017-10,1,4
309,2015-04,0,4
309,2015-07,0,4
309,2015-10,0,4
309,2016-02,0,4
309,2016-06,0,4
309,2016-10,0,4
309,2017-02,0,4
309,2017-06,1,4
309,2017-10,1,4
310,2015-04,0,4
310,2015-07,0,4
310,2015-10,0,4
310,2016-02,0,4
310,2016-06,0,4
310,2016-10,0,4
310,2017-02,0,4
310,2017-06,1,4
310,2017-10,1,4
311,2015-04,1,4
311,2015-07,1,4
311,2015-10,1,4
311,2016-02,0,4
311,2016-06,0,4
311,2016-10,1,4
311,2017-02,1,4
311,2017-06,1,4
311,2017-10,1,4
312,2015-04,0,4
312,2015-07,0,4
312,2015-10,0,4
312,2016-02,0,4
312,2016-06,0,4
312,2016-10,0,4
312,2017-02,0,4
312,2017-06,1,4
312,2017-10,1,4
313,2015-04,1,4
313,2015-07,1,4
313,2015-10,1,4
313,2016-02,0,4
313,2016-06,0,4
313,2016-10,0,4
313,2017-02,1,4
313,2017-06,1,4
313,2017-10,1,4
314,2015-04,1,4
314,2015-07,1,4
314,2015-10,1,4
314,2016-02,0,4
314,2016-06,0,4
314,2016-10,0,4
314,2017-02,0,4
314,2017-06,1,4
314,2017-10,0,4
315,2015-04,0,4
315,2015-07,0,4
315,2015-10,0,4
315,2016-02,0,4
315,2016-06,0,4
315,2016-10,0,4
315,2017-02,1,4
315,2017-06,1,4
315,2017-10,1,4
316,2015-04,0,4
316,2015-07,0,4
316,2015-10,0,4
316,2016-02,0,4
316,2016-06,0,4
316,2016-10,0,4
316,2017-02,1,4
316,2017-06,1,4
316,2017-10,1,4
317,2015-04,0,4
317,2015-07,0,4
317,2015-10,0,4
317,2016-02,0,4
317,2016-06,0,4
317,2016-10,0,4
317,2017-02,1,4
317,2017-06,1,4
317,2017-10,1,4
318,2015-04,0,4
318,2015-07,0,4
318,2015-10,0,4
318,2016-02,0,4
318,2016-06,0,4
318,2016-10,0,4
318,2017-02,0,4
318,2017-06,0,4
318,2017-10,0,4
319,2015-04,0,4
319,2015-07,0,4
319,2015-10,0,4
319,2016-02,0,4
319,2016-06,0,4
319,2016-10,0,4
319,2017-02,0,4
319,2017-06,0,4
319,2017-10,0,4
320,2015-04,0,4
320,2015-07,0,4
320,2015-10,0,4
320,2016-02,0,4
320,2016-06,0,4
320,2016-10,0,4
320,2017-02,0,4
320,2017-06,0,4
320,2017-10,0,4
321,2015-04,0,4
321,2015-07,0,4
321,2015-10,0,4
321,2016-02,0,4
321,2016-06,0,4
321,2016-10,0,4
321,2017-02,0,4
321,2017-06,0,4
321,2017-10,0,4
322,2015-04,0,4
322,2015-07,0,4
322,2015-10,0,4
322,2016-02,0,4
322,2016-06,0,4
322,2016-10,0,4
322,2017-02,0,4
322,2017-06,1,4
322,2017-10,0,4
323,2015-04,0,4
323,2015-07,0,4
323,2015-10,0,4
323,2016-02,0,4
323,2016-06,0,4
323,2016-10,0,4
323,2017-02,0,4
323,2017-06,0,4
323,2017-10,0,4
324,2015-04,0,4
324,2015-07,0,4
324,2015-10,0,4
324,2016-02,0,4
324,2016-06,0,4
324,2016-10,0,4
324,2017-02,0,4
324,2017-06,1,4
324,2017-10,0,4
325,2015-04,0,4
325,2015-07,0,4
325,2015-10,0,4
325,2016-02,0,4
325,2016-06,0,4
325,2016-10,0,4
325,2017-02,0,4
325,2017-06,1,4
325,2017-10,0,4
326,2015-04,0,4
326,2015-07,0,4
326,2015-10,0,4
326,2016-02,0,4
326,2016-06,0,4
326,2016-10,0,4
326,2017-02,0,4
326,2017-06,0,4
326,2017-10,0,4
327,2015-04,0,4
327,2015-07,0,4
327,2015-10,0,4
327,2016-02,0,4
327,2016-06,0,4
327,2016-10,0,4
327,2017-02,0,4
327,2017-06,0,4
327,2017-10,0,4
328,2015-04,0,4
328,2015-07,0,4
328,2015-10,0,4
328,2016-02,0,4
328,2016-06,0,4
328,2016-10,0,4
328,2017-02,1,4
328,2017-06,1,4
328,2017-10,0,4
329,2015-04,0,4
329,2015-07,0,4
329,2015-10,0,4
329,2016-02,0,4
329,2016-06,0,4
329,2016-10,0,4
329,2017-02,0,4
329,2017-06,0,4
329,2017-10,0,4
330,2015-04,0,4
330,2015-07,0,4
330,2015-10,0,4
330,2016-02,0,4
330,2016-06,0,4
330,2016-10,0,4
330,2017-02,0,4
330,2017-06,0,4
330,2017-10,0,4
331,2015-04,0,4
331,2015-07,0,4
331,2015-10,0,4
331,2016-02,0,4
331,2016-06,0,4
331,2016-10,0,4
331,2017-02,0,4
331,2017-06,0,4
331,2017-10,0,4
332,2015-04,0,4
332,2015-07,0,4
332,2015-10,0,4
332,2016-02,0,4
332,2016-06,0,4
332,2016-10,0,4
332,2017-02,0,4
332,2017-06,0,4
332,2017-10,0,4
333,2015-04,0,4
333,2015-07,0,4
333,2015-10,0,4
333,2016-02,0,4
333,2016-06,0,4
333,2016-10,0,4
333,2017-02,0,4
333,2017-06,0,4
333,2017-10,0,4
334,2015-04,0,4
334,2015-07,0,4
334,2015-10,0,4
334,2016-02,0,4
334,2016-06,0,4
334,2016-10,0,4
334,2017-02,0,4
334,2017-06,1,4
334,2017-10,0,4
335,2015-04,0,4
335,2015-07,0,4
335,2015-10,0,4
335,2016-02,0,4
335,2016-06,0,4
335,2016-10,0,4
335,2017-02,0,4
335,2017-06,0,4
335,2017-10,0,4
336,2015-04,0,4
336,2015-07,0,4
336,2015-10,0,4
336,2016-02,0,4
336,2016-06,0,4
336,2016-10,0,4
336,2017-02,0,4
336,2017-06,0,4
336,2017-10,0,4
337,2015-04,0,4
337,2015-07,0,4
337,2015-10,0,4
337,2016-02,0,4
337,2016-06,0,4
337,2016-10,0,4
337,2017-02,0,4
337,2017-06,0,4
337,2017-10,0,4
338,2015-04,0,4
338,2015-07,0,4
338,2015-10,0,4
338,2016-02,0,4
338,2016-06,0,4
338,2016-10,0,4
338,2017-02,0,4
338,2017-06,0,4
338,2017-10,0,4
339,2015-04,0,4
339,2015-07,0,4
339,2015-10,0,4
339,2016-02,0,4
339,2016-06,0,4
339,2016-10,0,4
339,2017-02,0,4
339,2017-06,0,4
339,2017-10,0,4
340,2015-04,0,4
340,2015-07,0,4
340,2015-10,0,4
340,2016-02,0,4
340,2016-06,0,4
340,2016-10,0,4
340,2017-02,0,4
340,2017-06,0,4
340,2017-10,0,4
341,2015-04,0,4
341,2015-07,0,4
341,2015-10,0,4
341,2016-02,0,4
341,2016-06,0,4
341,2016-10,0,4
341,2017-02,1,4
341,2017-06,1,4
341,2017-10,1,4
342,2015-04,0,4
342,2015-07,0,4
342,2015-10,0,4
342,2016-02,0,4
342,2016-06,0,4
342,2016-10,0,4
342,2017-02,0,4
342,2017-06,0,4
342,2017-10,0,4
343,2015-04,0,4
343,2015-07,0,4
343,2015-10,0,4
343,2016-02,0,4
343,2016-06,0,4
343,2016-10,0,4
343,2017-02,0,4
343,2017-06,0,4
343,2017-10,0,4
344,2015-04,0,4
344,2015-07,0,4
344,2015-10,0,4
344,2016-02,0,4
344,2016-06,0,4
344,2016-10,0,4
344,2017-02,1,4
344,2017-06,1,4
344,2017-10,1,4
345,2015-04,0,4
345,2015-07,0,4
345,2015-10,0,4
345,2016-02,0,4
345,2016-06,0,4
345,2016-10,0,4
345,2017-02,0,4
345,2017-06,0,4
345,2017-10,0,4
346,2015-04,0,4
346,2015-07,0,4
346,2015-10,0,4
346,2016-02,0,4
346,2016-06,0,4
346,2016-10,0,4
346,2017-02,1,4
346,2017-06,1,4
346,2017-10,1,4
347,2015-04,0,4
347,2015-07,0,4
347,2015-10,0,4
347,2016-02,0,4
347,2016-06,0,4
347,2016-10,1,4
347,2017-02,1,4
347,2017-06,1,4
347,2017-10,1,4
348,2015-04,0,4
348,2015-07,0,4
348,2015-10,0,4
348,2016-02,0,4
348,2016-06,0,4
348,2016-10,1,4
348,2017-02,1,4
348,2017-06,1,4
348,2017-10,1,4
349,2015-04,0,4
349,2015-07,0,4
349,2015-10,0,4
349,2016-02,0,4
349,2016-06,0,4
349,2016-10,1,4
349,2017-02,1,4
349,2017-06,1,4
349,2017-10,1,4
350,2015-04,0,4
350,2015-07,0,4
350,2015-10,0,4
350,2016-02,0,4
350,2016-06,0,4
350,2016-10,0,4
350,2017-02,0,4
350,2017-06,0,4
350,2017-10,1,4
351,2015-04,0,4
351,2015-07,0,4
351,2015-10,0,4
351,2016-02,0,4
351,2016-06,0,4
351,2016-10,1,4
351,2017-02,1,4
351,2017-06,1,4
351,2017-10,1,4
352,2015-04,0,4
352,2015-07,0,4
352,2015-10,0,4
352,2016-02,0,4
352,2016-06,0,4
352,2016-10,1,4
352,2017-02,1,4
352,2017-06,1,4
352,2017-10,1,4
353,2015-04,0,4
353,2015-07,0,4
353,2015-10,0,4
353,2016-02,0,4
353,2016-06,0,4
353,2016-10,1,4
353,2017-02,1,4
353,2017-06,1,4
353,2017-10,1,4
354,2015-04,0,0
354,2015-07,0,0
354,2015-10,0,0
354,2016-02,0,0
354,2016-06,0,0
354,2016-10,0,0
354,2017-02,0,0
354,2017-06,1,0
354,2017-10,1,0
355,2015-04,0,0
355,2015-07,0,0
355,2015-10,0,0
355,2016-02,0,0
355,2016-06,0,0
355,2016-10,0,0
355,2017-02,0,0
355,2017-06,1,0
355,2017-10,1,0
356,2015-04,0,0
356,2015-07,0,0
356,2015-10,0,0
356,2016-02,0,0
356,2016-06,0,0
356,2016-10,0,0
356,2017-02,0,0
356,2017-06,1,0
356,2017-10,1,0
357,2015-04,0,4
357,2015-07,0,4
357,2015-10,0,4
357,2016-02,0,4
357,2016-06,0,4
357,2016-10,0,4
357,2017-02,0,4
357,2017-06,0,4
357,2017-10,0,4
358,2015-04,0,4
358,2015-07,0,4
358,2015-10,0,4
358,2016-02,0,4
358,2016-06,0,4
358,2016-10,0,4
358,2017-02,0,4
358,2017-06,0,4
358,2017-10,0,4
359,2015-04,0,0
359,2015-07,0,0
359,2015-10,0,0
359,2016-02,0,0
359,2016-06,0,0
359,2016-10,0,0
359,2017-02,0,0
359,2017-06,0,0
359,2017-10,1,0
360,2015-04,0,0
360,2015-07,0,0
360,2015-10,0,0
360,2016-02,0,0
360,2016-06,0,0
360,2016-10,0,0
360,2017-02,0,0
360,2017-06,0,0
360,2017-10,1,0
361,2015-04,0,0
361,2015-07,0,0
361,2015-10,0,0
361,2016-02,0,0
361,2016-06,0,0
361,2016-10,0,0
361,2017-02,0,0
361,2017-06,0,0
361,2017-10,1,0
362,2015-04,0,0
362,2015-07,0,0
362,2015-10,0,0
362,2016-02,0,0
362,2016-06,0,0
362,2016-10,0,0
362,2017-02,0,0
362,2017-06,0,0
362,2017-10,1,0
363,2015-04,0,0
363,2015-07,0,0
363,2015-10,0,0
363,2016-02,0,0
363,2016-06,0,0
363,2016-10,0,0
363,2017-02,0,0
363,2017-06,0,0
363,2017-10,1,0
364,2015-04,0,0
364,2015-07,0,0
364,2015-10,0,0
364,2016-02,0,0
364,2016-06,0,0
364,2016-10,0,0
364,2017-02,0,0
364,2017-06,0,0
364,2017-10,1,0
365,2015-04,0,0
365,2015-07,0,0
365,2015-10,0,0
365,2016-02,0,0
365,2016-06,0,0
365,2016-10,0,0
365,2017-02,0,0
365,2017-06,0,0
365,2017-10,1,0
366,2015-04,0,0
366,2015-07,0,0
366,2015-10,0,0
366,2016-02,0,0
366,2016-06,0,0
366,2016-10,0,0
366,2017-02,0,0
366,2017-06,0,0
366,2017-10,1,0
367,2015-04,0,0
367,2015-07,0,0
367,2015-10,0,0
367,2016-02,0,0
367,2016-06,0,0
367,2016-10,0,0
367,2017-02,0,0
367,2017-06,0,0
367,2017-10,1,0
368,2015-04,0,0
368,2015-07,0,0
368,2015-10,0,0
368,2016-02,0,0
368,2016-06,0,0
368,2016-10,0,0
368,2017-02,0,0
368,2017-06,0,0
368,2017-10,1,0
369,2015-04,0,0
369,2015-07,0,0
369,2015-10,0,0
369,2016-02,0,0
369,2016-06,0,0
369,2016-10,0,0
369,2017-02,0,0
369,2017-06,0,0
369,2017-10,1,0
370,2015-04,0,0
370,2015-07,0,0
370,2015-10,0,0
370,2016-02,0,0
370,2016-06,0,0
370,2016-10,0,0
370,2017-02,0,0
370,2017-06,0,0
370,2017-10,1,0
371,2015-04,0,8
371,2015-07,0,8
371,2015-10,0,8
371,2016-02,0,8
371,2016-06,0,8
371,2016-10,0,8
371,2017-02,0,8
371,2017-06,0,8
371,2017-10,0,8
372,2015-04,0,8
372,2015-07,0,8
372,2015-10,0,8
372,2016-02,0,8
372,2016-06,0,8
372,2016-10,0,8
372,2017-02,0,8
372,2017-06,0,8
372,2017-10,0,8
373,2015-04,0,8
373,2015-07,0,8
373,2015-10,0,8
373,2016-02,0,8
373,2016-06,0,8
373,2016-10,0,8
373,2017-02,0,8
373,2017-06,0,8
373,2017-10,0,8
374,2015-04,0,8
374,2015-07,0,8
374,2015-10,0,8
374,2016-02,0,8
374,2016-06,0,8
374,2016-10,0,8
374,2017-02,0,8
374,2017-06,0,8
374,2017-10,0,8
375,2015-04,0,8
375,2015-07,0,8
375,2015-10,0,8
375,2016-02,0,8
375,2016-06,0,8
375,2016-10,0,8
375,2017-02,0,8
375,2017-06,0,8
375,2017-10,0,8
376,2015-04,0,8
376,2015-07,0,8
376,2015-10,0,8
376,2016-02,0,8
376,2016-06,0,8
376,2016-10,0,8
376,2017-02,0,8
376,2017-06,0,8
376,2017-10,0,8
377,2015-04,0,8
377,2015-07,0,8
377,2015-10,0,8
377,2016-02,0,8
377,2016-06,0,8
377,2016-10,0,8
377,2017-02,0,8
377,2017-06,0,8
377,2017-10,0,8
378,2015-04,0,8
378,2015-07,0,8
378,2015-10,0,8
378,2016-02,0,8
378,2016-06,0,8
378,2016-10,0,8
378,2017-02,0,8
378,2017-06,0,8
378,2017-10,0,8
379,2015-04,0,8
379,2015-07,0,8
379,2015-10,0,8
379,2016-02,0,8
379,2016-06,0,8
379,2016-10,0,8
379,2017-02,0,8
379,2017-06,0,8
379,2017-10,0,8
380,2015-04,0,8
380,2015-07,0,8
380,2015-10,0,8
380,2016-02,0,8
380,2016-06,0,8
380,2016-10,0,8
380,2017-02,0,8
380,2017-06,0,8
380,2017-10,0,8
381,2015-04,0,8
381,2015-07,0,8
381,2015-10,0,8
381,2016-02,0,8
381,2016-06,0,8
381,2016-10,0,8
381,2017-02,0,8
381,2017-06,0,8
381,2017-10,0,8
382,2015-04,0,8
382,2015-07,0,8
382,2015-10,0,8
382,2016-02,0,8
382,2016-06,0,8
382,2016-10,0,8
382,2017-02,0,8
382,2017-06,0,8
382,2017-10,0,8
383,2015-04,0,8
383,2015-07,0,8
383,2015-10,0,8
383,2016-02,0,8
383,2016-06,0,8
383,2016-10,0,8
383,2017-02,0,8
383,2017-06,0,8
383,2017-10,0,8
384,2015-04,0,8
384,2015-07,0,8
384,2015-10,0,8
384,2016-02,0,8
384,2016-06,0,8
384,2016-10,0,8
384,2017-02,0,8
384,2017-06,0,8
384,2017-10,0,8
385,2015-04,0,8
385,2015-07,0,8
385,2015-10,0,8
385,2016-02,0,8
385,2016-06,0,8
385,2016-10,0,8
385,2017-02,0,8
385,2017-06,0,8
385,2017-10,0,8
386,2015-04,0,8
386,2015-07,0,8
386,2015-10,0,8
386,2016-02,0,8
386,2016-06,0,8
386,2016-10,0,8
386,2017-02,0,8
386,2017-06,0,8
386,2017-10,0,8
387,2015-04,0,8
387,2015-07,0,8
387,2015-10,0,8
387,2016-02,0,8
387,2016-06,0,8
387,2016-10,0,8
387,2017-02,0,8
387,2017-06,0,8
387,2017-10,0,8
388,2015-04,0,8
388,2015-07,0,8
388,2015-10,0,8
388,2016-02,0,8
388,2016-06,0,8
388,2016-10,0,8
388,2017-02,0,8
388,2017-06,0,8
388,2017-10,0,8
389,2015-04,0,8
389,2015-07,0,8
389,2015-10,0,8
389,2016-02,0,8
389,2016-06,0,8
389,2016-10,0,8
389,2017-02,0,8
389,2017-06,0,8
389,2017-10,0,8
390,2015-04,0,8
390,2015-07,0,8
390,2015-10,0,8
390,2016-02,0,8
390,2016-06,0,8
390,2016-10,0,8
390,2017-02,0,8
390,2017-06,0,8
390,2017-10,0,8
391,2015-04,0,8
391,2015-07,0,8
391,2015-10,0,8
391,2016-02,0,8
391,2016-06,0,8
391,2016-10,0,8
391,2017-02,0,8
391,2017-06,0,8
391,2017-10,0,8
392,2015-04,0,8
392,2015-07,0,8
392,2015-10,0,8
392,2016-02,0,8
392,2016-06,0,8
392,2016-10,0,8
392,2017-02,0,8
392,2017-06,0,8
392,2017-10,0,8
393,2015-04,0,8
393,2015-07,0,8
393,2015-10,0,8
393,2016-02,0,8
393,2016-06,0,8
393,2016-10,0,8
393,2017-02,0,8
393,2017-06,0,8
393,2017-10,0,8
394,2015-04,0,8
394,2015-07,0,8
394,2015-10,0,8
394,2016-02,0,8
394,2016-06,0,8
394,2016-10,0,8
394,2017-02,0,8
394,2017-06,0,8
394,2017-10,0,8
395,2015-04,0,8
395,2015-07,0,8
395,2015-10,0,8
395,2016-02,0,8
395,2016-06,0,8
395,2016-10,0,8
395,2017-02,0,8
395,2017-06,0,8
395,2017-10,0,8
396,2015-04,0,8
396,2015-07,0,8
396,2015-10,0,8
396,2016-02,0,8
396,2016-06,0,8
396,2016-10,0,8
396,2017-02,0,8
396,2017-06,0,8
396,2017-10,0,8
397,2015-04,0,8
397,2015-07,0,8
397,2015-10,0,8
397,2016-02,0,8
397,2016-06,0,8
397,2016-10,0,8
397,2017-02,0,8
397,2017-06,0,8
397,2017-10,0,8
398,2015-04,0,8
398,2015-07,0,8
398,2015-10,0,8
398,2016-02,0,8
398,2016-06,0,8
398,2016-10,0,8
398,2017-02,0,8
398,2017-06,0,8
398,2017-10,0,8
399,2015-04,0,8
399,2015-07,0,8
399,2015-10,0,8
399,2016-02,0,8
399,2016-06,0,8
399,2016-10,0,8
399,2017-02,0,8
399,2017-06,0,8
399,2017-10,0,8
400,2015-04,0,8
400,2015-07,0,8
400,2015-10,0,8
400,2016-02,0,8
400,2016-06,0,8
400,2016-10,0,8
400,2017-02,0,8
400,2017-06,0,8
400,2017-10,0,8
401,2015-04,0,8
401,2015-07,0,8
401,2015-10,0,8
401,2016-02,0,8
401,2016-06,0,8
401,2016-10,0,8
401,2017-02,0,8
401,2017-06,0,8
401,2017-10,0,8
402,2015-04,0,8
402,2015-07,0,8
402,2015-10,0,8
402,2016-02,0,8
402,2016-06,1,8
402,2016-10,0,8
402,2017-02,0,8
402,2017-06,0,8
402,2017-10,0,8
403,2015-04,0,8
403,2015-07,0,8
403,2015-10,0,8
403,2016-02,0,8
403,2016-06,0,8
403,2016-10,0,8
403,2017-02,0,8
403,2017-06,0,8
403,2017-10,0,8
404,2015-04,0,8
404,2015-07,0,8
404,2015-10,0,8
404,2016-02,0,8
404,2016-06,0,8
404,2016-10,0,8
404,2017-02,0,8
404,2017-06,0,8
404,2017-10,0,8
405,2015-04,0,8
405,2015-07,0,8
405,2015-10,0,8
405,2016-02,0,8
405,2016-06,0,8
405,2016-10,0,8
405,2017-02,0,8
405,2017-06,0,8
405,2017-10,0,8
406,2015-04,0,8
406,2015-07,0,8
406,2015-10,0,8
406,2016-02,0,8
406,2016-06,0,8
406,2016-10,0,8
406,2017-02,0,8
406,2017-06,0,8
406,2017-10,0,8
407,2015-04,0,8
407,2015-07,0,8
407,2015-10,0,8
407,2016-02,0,8
407,2016-06,0,8
407,2016-10,0,8
407,2017-02,0,8
407,2017-06,0,8
407,2017-10,0,8
408,2015-04,0,8
408,2015-07,0,8
408,2015-10,0,8
408,2016-02,0,8
408,2016-06,1,8
408,2016-10,0,8
408,2017-02,0,8
408,2017-06,1,8
408,2017-10,0,8
409,2015-04,0,8
409,2015-07,0,8
409,2015-10,0,8
409,2016-02,0,8
409,2016-06,1,8
409,2016-10,0,8
409,2017-02,0,8
409,2017-06,1,8
409,2017-10,1,8
410,2015-04,0,8
410,2015-07,0,8
410,2015-10,0,8
410,2016-02,0,8
410,2016-06,0,8
410,2016-10,0,8
410,2017-02,0,8
410,2017-06,0,8
410,2017-10,0,8
411,2015-04,0,8
411,2015-07,0,8
411,2015-10,0,8
411,2016-02,0,8
411,2016-06,0,8
411,2016-10,0,8
411,2017-02,0,8
411,2017-06,0,8
411,2017-10,0,8
412,2015-04,0,8
412,2015-07,0,8
412,2015-10,0,8
412,2016-02,0,8
412,2016-06,0,8
412,2016-10,0,8
412,2017-02,0,8
412,2017-06,0,8
412,2017-10,0,8
413,2015-04,0,8
413,2015-07,0,8
413,2015-10,0,8
413,2016-02,0,8
413,2016-06,1,8
413,2016-10,0,8
413,2017-02,0,8
413,2017-06,1,8
413,2017-10,0,8
414,2015-04,0,8
414,2015-07,0,8
414,2015-10,0,8
414,2016-02,0,8
414,2016-06,0,8
414,2016-10,0,8
414,2017-02,0,8
414,2017-06,0,8
414,2017-10,0,8
415,2015-04,0,8
415,2015-07,0,8
415,2015-10,0,8
415,2016-02,0,8
415,2016-06,0,8
415,2016-10,0,8
415,2017-02,0,8
415,2017-06,0,8
415,2017-10,0,8
416,2015-04,0,8
416,2015-07,0,8
416,2015-10,0,8
416,2016-02,0,8
416,2016-06,0,8
416,2016-10,0,8
416,2017-02,0,8
416,2017-06,0,8
416,2017-10,0,8
417,2015-04,0,8
417,2015-07,0,8
417,2015-10,0,8
417,2016-02,0,8
417,2016-06,0,8
417,2016-10,0,8
417,2017-02,0,8
417,2017-06,0,8
417,2017-10,0,8
418,2015-04,0,8
418,2015-07,0,8
418,2015-10,0,8
418,2016-02,0,8
418,2016-06,0,8
418,2016-10,0,8
418,2017-02,0,8
418,2017-06,0,8
418,2017-10,0,8
419,2015-04,0,8
419,2015-07,0,8
419,2015-10,0,8
419,2016-02,0,8
419,2016-06,0,8
419,2016-10,0,8
419,2017-02,0,8
419,2017-06,0,8
419,2017-10,0,8
420,2015-04,0,8
420,2015-07,0,8
420,2015-10,0,8
420,2016-02,0,8
420,2016-06,0,8
420,2016-10,0,8
420,2017-02,0,8
420,2017-06,0,8
420,2017-10,0,8
421,2015-04,0,8
421,2015-07,0,8
421,2015-10,0,8
421,2016-02,0,8
421,2016-06,0,8
421,2016-10,0,8
421,2017-02,0,8
421,2017-06,0,8
421,2017-10,0,8
422,2015-04,0,8
422,2015-07,0,8
422,2015-10,0,8
422,2016-02,0,8
422,2016-06,0,8
422,2016-10,0,8
422,2017-02,0,8
422,2017-06,0,8
422,2017-10,0,8
423,2015-04,0,8
423,2015-07,0,8
423,2015-10,0,8
423,2016-02,0,8
423,2016-06,0,8
423,2016-10,0,8
423,2017-02,0,8
423,2017-06,0,8
423,2017-10,0,8
424,2015-04,0,8
424,2015-07,0,8
424,2015-10,0,8
424,2016-02,0,8
424,2016-06,1,8
424,2016-10,0,8
424,2017-02,0,8
424,2017-06,0,8
424,2017-10,0,8
425,2015-04,0,8
425,2015-07,0,8
425,2015-10,0,8
425,2016-02,0,8
425,2016-06,1,8
425,2016-10,0,8
425,2017-02,0,8
425,2017-06,0,8
425,2017-10,1,8
426,2015-04,0,8
426,2015-07,0,8
426,2015-10,0,8
426,2016-02,0,8
426,2016-06,0,8
426,2016-10,0,8
426,2017-02,0,8
426,2017-06,0,8
426,2017-10,0,8
427,2015-04,0,8
427,2015-07,0,8
427,2015-10,0,8
427,2016-02,0,8
427,2016-06,0,8
427,2016-10,0,8
427,2017-02,0,8
427,2017-06,0,8
427,2017-10,0,8
428,2015-04,0,8
428,2015-07,0,8
428,2015-10,0,8
428,2016-02,0,8
428,2016-06,0,8
428,2016-10,0,8
428,2017-02,0,8
428,2017-06,0,8
428,2017-10,0,8
429,2015-04,0,8
429,2015-07,0,8
429,2015-10,0,8
429,2016-02,0,8
429,2016-06,0,8
429,2016-10,0,8
429,2017-02,0,8
429,2017-06,0,8
429,2017-10,0,8
430,2015-04,0,8
430,2015-07,0,8
430,2015-10,0,8
430,2016-02,0,8
430,2016-06,1,8
430,2016-10,0,8
430,2017-02,0,8
430,2017-06,1,8
430,2017-10,1,8
431,2015-04,0,8
431,2015-07,0,8
431,2015-10,0,8
431,2016-02,0,8
431,2016-06,1,8
431,2016-10,0,8
431,2017-02,0,8
431,2017-06,1,8
431,2017-10,0,8
432,2015-04,0,8
432,2015-07,0,8
432,2015-10,0,8
432,2016-02,0,8
432,2016-06,0,8
432,2016-10,0,8
432,2017-02,0,8
432,2017-06,0,8
432,2017-10,0,8
433,2015-04,0,8
433,2015-07,0,8
433,2015-10,0,8
433,2016-02,0,8
433,2016-06,1,8
433,2016-10,0,8
433,2017-02,0,8
433,2017-06,1,8
433,2017-10,0,8
434,2015-04,0,8
434,2015-07,0,8
434,2015-10,0,8
434,2016-02,0,8
434,2016-06,1,8
434,2016-10,0,8
434,2017-02,0,8
434,2017-06,1,8
434,2017-10,1,8
435,2015-04,0,8
435,2015-07,0,8
435,2015-10,0,8
435,2016-02,0,8
435,2016-06,0,8
435,2016-10,0,8
435,2017-02,0,8
435,2017-06,0,8
435,2017-10,0,8
436,2015-04,0,8
436,2015-07,0,8
436,2015-10,0,8
436,2016-02,0,8
436,2016-06,0,8
436,2016-10,0,8
436,2017-02,0,8
436,2017-06,0,8
436,2017-10,0,8
437,2015-04,0,8
437,2015-07,0,8
437,2015-10,0,8
437,2016-02,0,8
437,2016-06,0,8
437,2016-10,0,8
437,2017-02,0,8
437,2017-06,0,8
437,2017-10,0,8
438,2015-04,0,8
438,2015-07,0,8
438,2015-10,0,8
438,2016-02,0,8
438,2016-06,1,8
438,2016-10,0,8
438,2017-02,0,8
438,2017-06,1,8
438,2017-10,0,8
439,2015-04,0,8
439,2015-07,0,8
439,2015-10,0,8
439,2016-02,0,8
439,2016-06,1,8
439,2016-10,0,8
439,2017-02,0,8
439,2017-06,1,8
439,2017-10,0,8
440,2015-04,0,8
440,2015-07,0,8
440,2015-10,0,8
440,2016-02,0,8
440,2016-06,0,8
440,2016-10,0,8
440,2017-02,0,8
440,2017-06,0,8
440,2017-10,0,8
441,2015-04,0,8
441,2015-07,0,8
441,2015-10,0,8
441,2016-02,0,8
441,2016-06,0,8
441,2016-10,0,8
441,2017-02,0,8
441,2017-06,0,8
441,2017-10,0,8
442,2015-04,0,8
442,2015-07,0,8
442,2015-10,0,8
442,2016-02,0,8
442,2016-06,0,8
442,2016-10,0,8
442,2017-02,0,8
442,2017-06,0,8
442,2017-10,0,8
443,2015-04,0,8
443,2015-07,0,8
443,2015-10,0,8
443,2016-02,0,8
443,2016-06,0,8
443,2016-10,0,8
443,2017-02,0,8
443,2017-06,0,8
443,2017-10,0,8
444,2015-04,0,8
444,2015-07,0,8
444,2015-10,0,8
444,2016-02,0,8
444,2016-06,1,8
444,2016-10,0,8
444,2017-02,0,8
444,2017-06,1,8
444,2017-10,1,8
445,2015-04,0,8
445,2015-07,0,8
445,2015-10,0,8
445,2016-02,0,8
445,2016-06,0,8
445,2016-10,0,8
445,2017-02,0,8
445,2017-06,0,8
445,2017-10,0,8
446,2015-04,0,8
446,2015-07,0,8
446,2015-10,0,8
446,2016-02,0,8
446,2016-06,1,8
446,2016-10,0,8
446,2017-02,0,8
446,2017-06,0,8
446,2017-10,0,8
447,2015-04,0,8
447,2015-07,0,8
447,2015-10,0,8
447,2016-02,0,8
447,2016-06,1,8
447,2016-10,0,8
447,2017-02,0,8
447,2017-06,0,8
447,2017-10,1,8
448,2015-04,0,8
448,2015-07,0,8
448,2015-10,0,8
448,2016-02,0,8
448,2016-06,0,8
448,2016-10,0,8
448,2017-02,0,8
448,2017-06,0,8
448,2017-10,0,8
449,2015-04,0,8
449,2015-07,0,8
449,2015-10,0,8
449,2016-02,0,8
449,2016-06,0,8
449,2016-10,0,8
449,2017-02,0,8
449,2017-06,0,8
449,2017-10,0,8
450,2015-04,0,8
450,2015-07,0,8
450,2015-10,0,8
450,2016-02,0,8
450,2016-06,0,8
450,2016-10,0,8
450,2017-02,0,8
450,2017-06,0,8
450,2017-10,0,8
451,2015-04,0,8
451,2015-07,0,8
451,2015-10,0,8
451,2016-02,0,8
451,2016-06,1,8
451,2016-10,0,8
451,2017-02,0,8
451,2017-06,1,8
451,2017-10,0,8
452,2015-04,0,8
452,2015-07,0,8
452,2015-10,0,8
452,2016-02,0,8
452,2016-06,1,8
452,2016-10,0,8
452,2017-02,0,8
452,2017-06,1,8
452,2017-10,0,8
453,2015-04,0,8
453,2015-07,0,8
453,2015-10,0,8
453,2016-02,0,8
453,2016-06,1,8
453,2016-10,0,8
453,2017-02,0,8
453,2017-06,1,8
453,2017-10,0,8
454,2015-04,0,8
454,2015-07,0,8
454,2015-10,0,8
454,2016-02,0,8
454,2016-06,0,8
454,2016-10,0,8
454,2017-02,0,8
454,2017-06,0,8
454,2017-10,0,8
455,2015-04,0,8
455,2015-07,0,8
455,2015-10,0,8
455,2016-02,0,8
455,2016-06,0,8
455,2016-10,0,8
455,2017-02,0,8
455,2017-06,0,8
455,2017-10,0,8
456,2015-04,0,8
456,2015-07,0,8
456,2015-10,0,8
456,2016-02,0,8
456,2016-06,0,8
456,2016-10,0,8
456,2017-02,0,8
456,2017-06,0,8
456,2017-10,0,8
457,2015-04,0,8
457,2015-07,0,8
457,2015-10,0,8
457,2016-02,0,8
457,2016-06,1,8
457,2016-10,0,8
457,2017-02,0,8
457,2017-06,0,8
457,2017-10,0,8
458,2015-04,0,8
458,2015-07,0,8
458,2015-10,0,8
458,2016-02,0,8
458,2016-06,1,8
458,2016-10,0,8
458,2017-02,0,8
458,2017-06,1,8
458,2017-10,0,8
459,2015-04,0,8
459,2015-07,0,8
459,2015-10,0,8
459,2016-02,0,8
459,2016-06,0,8
459,2016-10,0,8
459,2017-02,0,8
459,2017-06,0,8
459,2017-10,0,8
460,2015-04,0,8
460,2015-07,0,8
460,2015-10,0,8
460,2016-02,0,8
460,2016-06,0,8
460,2016-10,0,8
460,2017-02,0,8
460,2017-06,0,8
460,2017-10,0,8
461,2015-04,0,8
461,2015-07,0,8
461,2015-10,0,8
461,2016-02,0,8
461,2016-06,0,8
461,2016-10,0,8
461,2017-02,0,8
461,2017-06,0,8
461,2017-10,0,8
462,2015-04,0,8
462,2015-07,0,8
462,2015-10,0,8
462,2016-02,0,8
462,2016-06,0,8
462,2016-10,0,8
462,2017-02,0,8
462,2017-06,0,8
462,2017-10,0,8
463,2015-04,0,8
463,2015-07,0,8
463,2015-10,0,8
463,2016-02,0,8
463,2016-06,0,8
463,2016-10,0,8
463,2017-02,0,8
463,2017-06,0,8
463,2017-10,0,8
464,2015-04,1,8
464,2015-07,1,8
464,2015-10,1,8
464,2016-02,1,8
464,2016-06,1,8
464,2016-10,1,8
464,2017-02,1,8
464,2017-06,1,8
464,2017-10,1,8
465,2015-04,1,6
465,2015-07,1,6
465,2015-10,1,6
465,2016-02,1,6
465,2016-06,1,6
465,2016-10,1,6
465,2017-02,1,6
465,2017-06,1,6
465,2017-10,1,6
466,2015-04,1,8
466,2015-07,1,8
466,2015-10,1,8
466,2016-02,1,8
466,2016-06,1,8
466,2016-10,1,8
466,2017-02,1,8
466,2017-06,1,8
466,2017-10,0,8
467,2015-04,0,8
467,2015-07,0,8
467,2015-10,0,8
467,2016-02,0,8
467,2016-06,0,8
467,2016-10,0,8
467,2017-02,0,8
467,2017-06,0,8
467,2017-10,0,8
468,2015-04,0,8
468,2015-07,0,8
468,2015-10,0,8
468,2016-02,0,8
468,2016-06,0,8
468,2016-10,0,8
468,2017-02,0,8
468,2017-06,0,8
468,2017-10,0,8
469,2015-04,0,8
469,2015-07,0,8
469,2015-10,0,8
469,2016-02,0,8
469,2016-06,1,8
469,2016-10,0,8
469,2017-02,0,8
469,2017-06,0,8
469,2017-10,0,8
470,2015-04,0,8
470,2015-07,0,8
470,2015-10,0,8
470,2016-02,0,8
470,2016-06,1,8
470,2016-10,0,8
470,2017-02,0,8
470,2017-06,0,8
470,2017-10,0,8
471,2015-04,0,8
471,2015-07,0,8
471,2015-10,0,8
471,2016-02,0,8
471,2016-06,0,8
471,2016-10,0,8
471,2017-02,0,8
471,2017-06,0,8
471,2017-10,0,8
472,2015-04,0,8
472,2015-07,0,8
472,2015-10,0,8
472,2016-02,0,8
472,2016-06,0,8
472,2016-10,0,8
472,2017-02,0,8
472,2017-06,0,8
472,2017-10,0,8
473,2015-04,0,8
473,2015-07,0,8
473,2015-10,0,8
473,2016-02,0,8
473,2016-06,0,8
473,2016-10,0,8
473,2017-02,0,8
473,2017-06,0,8
473,2017-10,0,8
474,2015-04,0,8
474,2015-07,0,8
474,2015-10,0,8
474,2016-02,0,8
474,2016-06,0,8
474,2016-10,0,8
474,2017-02,0,8
474,2017-06,0,8
474,2017-10,0,8
475,2015-04,0,8
475,2015-07,0,8
475,2015-10,0,8
475,2016-02,0,8
475,2016-06,0,8
475,2016-10,0,8
475,2017-02,0,8
475,2017-06,0,8
475,2017-10,0,8
476,2015-04,0,8
476,2015-07,0,8
476,2015-10,0,8
476,2016-02,0,8
476,2016-06,0,8
476,2016-10,0,8
476,2017-02,0,8
476,2017-06,0,8
476,2017-10,0,8
477,2015-04,0,8
477,2015-07,0,8
477,2015-10,0,8
477,2016-02,0,8
477,2016-06,0,8
477,2016-10,0,8
477,2017-02,0,8
477,2017-06,0,8
477,2017-10,0,8
478,2015-04,0,8
478,2015-07,0,8
478,2015-10,0,8
478,2016-02,0,8
478,2016-06,0,8
478,2016-10,0,8
478,2017-02,0,8
478,2017-06,0,8
478,2017-10,0,8
479,2015-04,0,8
479,2015-07,0,8
479,2015-10,0,8
479,2016-02,0,8
479,2016-06,0,8
479,2016-10,0,8
479,2017-02,0,8
479,2017-06,0,8
479,2017-10,0,8
480,2015-04,0,8
480,2015-07,0,8
480,2015-10,0,8
480,2016-02,0,8
480,2016-06,0,8
480,2016-10,0,8
480,2017-02,0,8
480,2017-06,0,8
480,2017-10,0,8
481,2015-04,0,8
481,2015-07,0,8
481,2015-10,0,8
481,2016-02,0,8
481,2016-06,0,8
481,2016-10,0,8
481,2017-02,0,8
481,2017-06,0,8
481,2017-10,0,8
482,2015-04,0,8
482,2015-07,0,8
482,2015-10,0,8
482,2016-02,0,8
482,2016-06,0,8
482,2016-10,0,8
482,2017-02,0,8
482,2017-06,0,8
482,2017-10,0,8
483,2015-04,0,8
483,2015-07,0,8
483,2015-10,0,8
483,2016-02,0,8
483,2016-06,0,8
483,2016-10,0,8
483,2017-02,0,8
483,2017-06,0,8
483,2017-10,0,8
484,2015-04,0,8
484,2015-07,0,8
484,2015-10,0,8
484,2016-02,0,8
484,2016-06,0,8
484,2016-10,0,8
484,2017-02,0,8
484,2017-06,0,8
484,2017-10,0,8
485,2015-04,0,8
485,2015-07,0,8
485,2015-10,0,8
485,2016-02,0,8
485,2016-06,0,8
485,2016-10,0,8
485,2017-02,0,8
485,2017-06,0,8
485,2017-10,0,8
486,2015-04,0,8
486,2015-07,0,8
486,2015-10,0,8
486,2016-02,0,8
486,2016-06,0,8
486,2016-10,0,8
486,2017-02,0,8
486,2017-06,0,8
486,2017-10,0,8
487,2015-04,0,8
487,2015-07,0,8
487,2015-10,0,8
487,2016-02,0,8
487,2016-06,0,8
487,2016-10,0,8
487,2017-02,0,8
487,2017-06,0,8
487,2017-10,0,8
488,2015-04,0,3
488,2015-07,0,3
488,2015-10,0,3
488,2016-02,0,3
488,2016-06,0,3
488,2016-10,0,3
488,2017-02,0,3
488,2017-06,0,3
488,2017-10,0,3
489,2015-04,0,8
489,2015-07,0,8
489,2015-10,0,8
489,2016-02,0,8
489,2016-06,0,8
489,2016-10,0,8
489,2017-02,0,8
489,2017-06,0,8
489,2017-10,0,8
490,2015-04,0,8
490,2015-07,0,8
490,2015-10,0,8
490,2016-02,0,8
490,2016-06,0,8
490,2016-10,0,8
490,2017-02,0,8
490,2017-06,0,8
490,2017-10,0,8
491,2015-04,0,8
491,2015-07,0,8
491,2015-10,0,8
491,2016-02,0,8
491,2016-06,0,8
491,2016-10,0,8
491,2017-02,0,8
491,2017-06,0,8
491,2017-10,0,8
492,2015-04,0,8
492,2015-07,0,8
492,2015-10,0,8
492,2016-02,0,8
492,2016-06,0,8
492,2016-10,0,8
492,2017-02,0,8
492,2017-06,0,8
492,2017-10,0,8
493,2015-04,0,8
493,2015-07,0,8
493,2015-10,0,8
493,2016-02,0,8
493,2016-06,0,8
493,2016-10,0,8
493,2017-02,0,8
493,2017-06,0,8
493,2017-10,0,8
494,2015-04,0,8
494,2015-07,0,8
494,2015-10,0,8
494,2016-02,0,8
494,2016-06,0,8
494,2016-10,0,8
494,2017-02,0,8
494,2017-06,0,8
494,2017-10,0,8
495,2015-04,0,8
495,2015-07,0,8
495,2015-10,0,8
495,2016-02,0,8
495,2016-06,0,8
495,2016-10,0,8
495,2017-02,0,8
495,2017-06,0,8
495,2017-10,0,8
496,2015-04,0,8
496,2015-07,0,8
496,2015-10,0,8
496,2016-02,0,8
496,2016-06,1,8
496,2016-10,0,8
496,2017-02,0,8
496,2017-06,0,8
496,2017-10,0,8
497,2015-04,0,8
497,2015-07,0,8
497,2015-10,0,8
497,2016-02,0,8
497,2016-06,0,8
497,2016-10,0,8
497,2017-02,0,8
497,2017-06,0,8
497,2017-10,0,8
498,2015-04,0,8
498,2015-07,0,8
498,2015-10,0,8
498,2016-02,0,8
498,2016-06,0,8
498,2016-10,0,8
498,2017-02,0,8
498,2017-06,0,8
498,2017-10,0,8
499,2015-04,0,8
499,2015-07,0,8
499,2015-10,0,8
499,2016-02,0,8
499,2016-06,0,8
499,2016-10,0,8
499,2017-02,0,8
499,2017-06,0,8
499,2017-10,0,8
500,2015-04,0,8
500,2015-07,0,8
500,2015-10,0,8
500,2016-02,0,8
500,2016-06,0,8
500,2016-10,0,8
500,2017-02,0,8
500,2017-06,0,8
500,2017-10,0,8
501,2015-04,0,8
501,2015-07,0,8
501,2015-10,0,8
501,2016-02,0,8
501,2016-06,1,8
501,2016-10,0,8
501,2017-02,0,8
501,2017-06,1,8
501,2017-10,1,8
502,2015-04,0,8
502,2015-07,0,8
502,2015-10,0,8
502,2016-02,0,8
502,2016-06,0,8
502,2016-10,0,8
502,2017-02,0,8
502,2017-06,0,8
502,2017-10,0,8
503,2015-04,0,6
503,2015-07,0,6
503,2015-10,0,6
503,2016-02,0,6
503,2016-06,1,6
503,2016-10,0,6
503,2017-02,0,6
503,2017-06,1,6
503,2017-10,1,6
504,2015-04,0,8
504,2015-07,0,8
504,2015-10,0,8
504,2016-02,0,8
504,2016-06,0,8
504,2016-10,0,8
504,2017-02,0,8
504,2017-06,0,8
504,2017-10,0,8
505,2015-04,0,8
505,2015-07,0,8
505,2015-10,0,8
505,2016-02,0,8
505,2016-06,0,8
505,2016-10,0,8
505,2017-02,0,8
505,2017-06,0,8
505,2017-10,0,8
506,2015-04,0,8
506,2015-07,0,8
506,2015-10,0,8
506,2016-02,0,8
506,2016-06,0,8
506,2016-10,0,8
506,2017-02,0,8
506,2017-06,0,8
506,2017-10,0,8
507,2015-04,0,8
507,2015-07,0,8
507,2015-10,0,8
507,2016-02,0,8
507,2016-06,0,8
507,2016-10,0,8
507,2017-02,0,8
507,2017-06,0,8
507,2017-10,0,8
508,2015-04,0,8
508,2015-07,0,8
508,2015-10,0,8
508,2016-02,0,8
508,2016-06,1,8
508,2016-10,0,8
508,2017-02,0,8
508,2017-06,1,8
508,2017-10,1,8
509,2015-04,0,8
509,2015-07,0,8
509,2015-10,0,8
509,2016-02,0,8
509,2016-06,0,8
509,2016-10,0,8
509,2017-02,0,8
509,2017-06,0,8
509,2017-10,0,8
510,2015-04,0,8
510,2015-07,0,8
510,2015-10,0,8
510,2016-02,0,8
510,2016-06,1,8
510,2016-10,0,8
510,2017-02,0,8
510,2017-06,1,8
510,2017-10,1,8
511,2015-04,0,8
511,2015-07,0,8
511,2015-10,0,8
511,2016-02,0,8
511,2016-06,0,8
511,2016-10,0,8
511,2017-02,0,8
511,2017-06,0,8
511,2017-10,0,8
512,2015-04,0,8
512,2015-07,0,8
512,2015-10,0,8
512,2016-02,0,8
512,2016-06,0,8
512,2016-10,0,8
512,2017-02,0,8
512,2017-06,0,8
512,2017-10,0,8
513,2015-04,0,8
513,2015-07,0,8
513,2015-10,0,8
513,2016-02,0,8
513,2016-06,0,8
513,2016-10,0,8
513,2017-02,0,8
513,2017-06,0,8
513,2017-10,0,8
514,2015-04,0,3
514,2015-07,0,3
514,2015-10,0,3
514,2016-02,0,3
514,2016-06,0,3
514,2016-10,0,3
514,2017-02,0,3
514,2017-06,0,3
514,2017-10,0,3
515,2015-04,0,8
515,2015-07,0,8
515,2015-10,0,8
515,2016-02,0,8
515,2016-06,0,8
515,2016-10,0,8
515,2017-02,0,8
515,2017-06,0,8
515,2017-10,0,8
516,2015-04,1,8
516,2015-07,1,8
516,2015-10,1,8
516,2016-02,1,8
516,2016-06,1,8
516,2016-10,1,8
516,2017-02,1,8
516,2017-06,1,8
516,2017-10,1,8
517,2015-04,0,8
517,2015-07,0,8
517,2015-10,0,8
517,2016-02,0,8
517,2016-06,0,8
517,2016-10,0,8
517,2017-02,0,8
517,2017-06,0,8
517,2017-10,0,8
518,2015-04,0,8
518,2015-07,0,8
518,2015-10,0,8
518,2016-02,0,8
518,2016-06,0,8
518,2016-10,0,8
518,2017-02,0,8
518,2017-06,0,8
518,2017-10,0,8
519,2015-04,1,8
519,2015-07,1,8
519,2015-10,1,8
519,2016-02,1,8
519,2016-06,1,8
519,2016-10,1,8
519,2017-02,1,8
519,2017-06,1,8
519,2017-10,0,8
520,2015-04,0,8
520,2015-07,0,8
520,2015-10,0,8
520,2016-02,0,8
520,2016-06,0,8
520,2016-10,0,8
520,2017-02,0,8
520,2017-06,0,8
520,2017-10,0,8
521,2015-04,0,8
521,2015-07,0,8
521,2015-10,0,8
521,2016-02,0,8
521,2016-06,0,8
521,2016-10,0,8
521,2017-02,0,8
521,2017-06,0,8
521,2017-10,0,8
522,2015-04,0,8
522,2015-07,0,8
522,2015-10,0,8
522,2016-02,0,8
522,2016-06,0,8
522,2016-10,0,8
522,2017-02,0,8
522,2017-06,0,8
522,2017-10,0,8
523,2015-04,0,8
523,2015-07,0,8
523,2015-10,0,8
523,2016-02,0,8
523,2016-06,0,8
523,2016-10,0,8
523,2017-02,0,8
523,2017-06,0,8
523,2017-10,0,8
524,2015-04,0,8
524,2015-07,0,8
524,2015-10,0,8
524,2016-02,0,8
524,2016-06,0,8
524,2016-10,0,8
524,2017-02,0,8
524,2017-06,0,8
524,2017-10,0,8
525,2015-04,0,8
525,2015-07,0,8
525,2015-10,0,8
525,2016-02,0,8
525,2016-06,0,8
525,2016-10,0,8
525,2017-02,0,8
525,2017-06,0,8
525,2017-10,0,8
526,2015-04,0,8
526,2015-07,0,8
526,2015-10,0,8
526,2016-02,0,8
526,2016-06,0,8
526,2016-10,0,8
526,2017-02,0,8
526,2017-06,0,8
526,2017-10,0,8
527,2015-04,0,8
527,2015-07,0,8
527,2015-10,0,8
527,2016-02,0,8
527,2016-06,0,8
527,2016-10,0,8
527,2017-02,0,8
527,2017-06,0,8
527,2017-10,0,8
528,2015-04,0,8
528,2015-07,0,8
528,2015-10,0,8
528,2016-02,0,8
528,2016-06,0,8
528,2016-10,0,8
528,2017-02,0,8
528,2017-06,0,8
528,2017-10,0,8
529,2015-04,0,8
529,2015-07,0,8
529,2015-10,0,8
529,2016-02,0,8
529,2016-06,1,8
529,2016-10,0,8
529,2017-02,0,8
529,2017-06,0,8
529,2017-10,0,8
530,2015-04,0,8
530,2015-07,0,8
530,2015-10,0,8
530,2016-02,0,8
530,2016-06,0,8
530,2016-10,0,8
530,2017-02,0,8
530,2017-06,0,8
530,2017-10,0,8
531,2015-04,0,8
531,2015-07,0,8
531,2015-10,0,8
531,2016-02,0,8
531,2016-06,0,8
531,2016-10,0,8
531,2017-02,0,8
531,2017-06,0,8
531,2017-10,0,8
532,2015-04,0,8
532,2015-07,0,8
532,2015-10,0,8
532,2016-02,0,8
532,2016-06,0,8
532,2016-10,0,8
532,2017-02,0,8
532,2017-06,0,8
532,2017-10,0,8
533,2015-04,1,8
533,2015-07,1,8
533,2015-10,1,8
533,2016-02,1,8
533,2016-06,1,8
533,2016-10,1,8
533,2017-02,1,8
533,2017-06,1,8
533,2017-10,0,8
534,2015-04,1,8
534,2015-07,1,8
534,2015-10,1,8
534,2016-02,1,8
534,2016-06,1,8
534,2016-10,1,8
534,2017-02,1,8
534,2017-06,1,8
534,2017-10,1,8
535,2015-04,0,8
535,2015-07,0,8
535,2015-10,0,8
535,2016-02,0,8
535,2016-06,1,8
535,2016-10,0,8
535,2017-02,0,8
535,2017-06,0,8
535,2017-10,0,8
536,2015-04,1,8
536,2015-07,1,8
536,2015-10,1,8
536,2016-02,1,8
536,2016-06,1,8
536,2016-10,1,8
536,2017-02,1,8
536,2017-06,1,8
536,2017-10,0,8
537,2015-04,0,8
537,2015-07,0,8
537,2015-10,0,8
537,2016-02,0,8
537,2016-06,0,8
537,2016-10,0,8
537,2017-02,0,8
537,2017-06,0,8
537,2017-10,0,8
538,2015-04,0,8
538,2015-07,0,8
538,2015-10,0,8
538,2016-02,0,8
538,2016-06,1,8
538,2016-10,0,8
538,2017-02,0,8
538,2017-06,0,8
538,2017-10,0,8
539,2015-04,1,8
539,2015-07,1,8
539,2015-10,1,8
539,2016-02,1,8
539,2016-06,1,8
539,2016-10,1,8
539,2017-02,1,8
539,2017-06,1,8
539,2017-10,1,8
540,2015-04,0,8
540,2015-07,0,8
540,2015-10,0,8
540,2016-02,0,8
540,2016-06,0,8
540,2016-10,0,8
540,2017-02,0,8
540,2017-06,0,8
540,2017-10,0,8
541,2015-04,0,8
541,2015-07,0,8
541,2015-10,0,8
541,2016-02,0,8
541,2016-06,0,8
541,2016-10,0,8
541,2017-02,0,8
541,2017-06,0,8
541,2017-10,0,8
542,2015-04,0,8
542,2015-07,0,8
542,2015-10,0,8
542,2016-02,0,8
542,2016-06,0,8
542,2016-10,0,8
542,2017-02,0,8
542,2017-06,0,8
542,2017-10,0,8
543,2015-04,0,8
543,2015-07,0,8
543,2015-10,0,8
543,2016-02,0,8
543,2016-06,0,8
543,2016-10,0,8
543,2017-02,0,8
543,2017-06,0,8
543,2017-10,0,8
544,2015-04,0,8
544,2015-07,0,8
544,2015-10,0,8
544,2016-02,0,8
544,2016-06,0,8
544,2016-10,0,8
544,2017-02,0,8
544,2017-06,0,8
544,2017-10,0,8
545,2015-04,0,8
545,2015-07,0,8
545,2015-10,0,8
545,2016-02,0,8
545,2016-06,0,8
545,2016-10,0,8
545,2017-02,0,8
545,2017-06,0,8
545,2017-10,0,8
546,2015-04,0,8
546,2015-07,0,8
546,2015-10,0,8
546,2016-02,0,8
546,2016-06,0,8
546,2016-10,0,8
546,2017-02,0,8
546,2017-06,1,8
546,2017-10,0,8
547,2015-04,0,8
547,2015-07,0,8
547,2015-10,0,8
547,2016-02,0,8
547,2016-06,0,8
547,2016-10,0,8
547,2017-02,0,8
547,2017-06,0,8
547,2017-10,0,8
548,2015-04,0,8
548,2015-07,0,8
548,2015-10,0,8
548,2016-02,0,8
548,2016-06,0,8
548,2016-10,0,8
548,2017-02,0,8
548,2017-06,0,8
548,2017-10,0,8
549,2015-04,0,8
549,2015-07,0,8
549,2015-10,0,8
549,2016-02,0,8
549,2016-06,0,8
549,2016-10,0,8
549,2017-02,0,8
549,2017-06,0,8
549,2017-10,0,8
550,2015-04,0,8
550,2015-07,0,8
550,2015-10,0,8
550,2016-02,0,8
550,2016-06,0,8
550,2016-10,0,8
550,2017-02,0,8
550,2017-06,0,8
550,2017-10,0,8
551,2015-04,0,8
551,2015-07,0,8
551,2015-10,0,8
551,2016-02,0,8
551,2016-06,0,8
551,2016-10,0,8
551,2017-02,0,8
551,2017-06,0,8
551,2017-10,0,8
552,2015-04,0,8
552,2015-07,0,8
552,2015-10,0,8
552,2016-02,0,8
552,2016-06,0,8
552,2016-10,0,8
552,2017-02,0,8
552,2017-06,0,8
552,2017-10,0,8
553,2015-04,0,8
553,2015-07,0,8
553,2015-10,0,8
553,2016-02,0,8
553,2016-06,0,8
553,2016-10,0,8
553,2017-02,0,8
553,2017-06,0,8
553,2017-10,0,8
554,2015-04,0,8
554,2015-07,0,8
554,2015-10,0,8
554,2016-02,0,8
554,2016-06,0,8
554,2016-10,0,8
554,2017-02,0,8
554,2017-06,0,8
554,2017-10,0,8
555,2015-04,0,8
555,2015-07,0,8
555,2015-10,0,8
555,2016-02,0,8
555,2016-06,0,8
555,2016-10,0,8
555,2017-02,0,8
555,2017-06,0,8
555,2017-10,0,8
556,2015-04,0,8
556,2015-07,0,8
556,2015-10,0,8
556,2016-02,0,8
556,2016-06,0,8
556,2016-10,0,8
556,2017-02,0,8
556,2017-06,0,8
556,2017-10,0,8
557,2015-04,0,8
557,2015-07,0,8
557,2015-10,0,8
557,2016-02,0,8
557,2016-06,0,8
557,2016-10,0,8
557,2017-02,0,8
557,2017-06,0,8
557,2017-10,0,8
558,2015-04,1,8
558,2015-07,1,8
558,2015-10,1,8
558,2016-02,1,8
558,2016-06,1,8
558,2016-10,1,8
558,2017-02,1,8
558,2017-06,1,8
558,2017-10,1,8
559,2015-04,0,8
559,2015-07,0,8
559,2015-10,0,8
559,2016-02,0,8
559,2016-06,0,8
559,2016-10,0,8
559,2017-02,0,8
559,2017-06,0,8
559,2017-10,0,8
560,2015-04,0,8
560,2015-07,0,8
560,2015-10,0,8
560,2016-02,0,8
560,2016-06,0,8
560,2016-10,0,8
560,2017-02,0,8
560,2017-06,0,8
560,2017-10,0,8
561,2015-04,0,8
561,2015-07,0,8
561,2015-10,0,8
561,2016-02,0,8
561,2016-06,0,8
561,2016-10,0,8
561,2017-02,0,8
561,2017-06,0,8
561,2017-10,0,8
562,2015-04,0,0
562,2015-07,0,0
562,2015-10,0,0
562,2016-02,0,0
562,2016-06,1,0
562,2016-10,0,0
562,2017-02,0,0
562,2017-06,1,0
562,2017-10,0,0
563,2015-04,1,8
563,2015-07,1,8
563,2015-10,1,8
563,2016-02,1,8
563,2016-06,1,8
563,2016-10,1,8
563,2017-02,1,8
563,2017-06,1,8
563,2017-10,0,8
564,2015-04,0,8
564,2015-07,0,8
564,2015-10,0,8
564,2016-02,0,8
564,2016-06,0,8
564,2016-10,0,8
564,2017-02,0,8
564,2017-06,0,8
564,2017-10,0,8
565,2015-04,0,0
565,2015-07,0,0
565,2015-10,0,0
565,2016-02,0,0
565,2016-06,0,0
565,2016-10,0,0
565,2017-02,0,0
565,2017-06,0,0
565,2017-10,0,0
566,2015-04,0,8
566,2015-07,0,8
566,2015-10,0,8
566,2016-02,0,8
566,2016-06,0,8
566,2016-10,0,8
566,2017-02,0,8
566,2017-06,0,8
566,2017-10,0,8
567,2015-04,0,8
567,2015-07,0,8
567,2015-10,0,8
567,2016-02,0,8
567,2016-06,0,8
567,2016-10,0,8
567,2017-02,0,8
567,2017-06,0,8
567,2017-10,0,8
568,2015-04,0,8
568,2015-07,0,8
568,2015-10,0,8
568,2016-02,0,8
568,2016-06,0,8
568,2016-10,0,8
568,2017-02,0,8
568,2017-06,0,8
568,2017-10,0,8
569,2015-04,0,0
569,2015-07,0,0
569,2015-10,0,0
569,2016-02,0,0
569,2016-06,0,0
569,2016-10,0,0
569,2017-02,0,0
569,2017-06,0,0
569,2017-10,0,0
570,2015-04,0,8
570,2015-07,0,8
570,2015-10,0,8
570,2016-02,0,8
570,2016-06,0,8
570,2016-10,0,8
570,2017-02,0,8
570,2017-06,0,8
570,2017-10,0,8
571,2015-04,0,8
571,2015-07,0,8
571,2015-10,0,8
571,2016-02,0,8
571,2016-06,0,8
571,2016-10,0,8
571,2017-02,0,8
571,2017-06,0,8
571,2017-10,0,8
572,2015-04,0,8
572,2015-07,0,8
572,2015-10,0,8
572,2016-02,0,8
572,2016-06,0,8
572,2016-10,0,8
572,2017-02,0,8
572,2017-06,0,8
572,2017-10,0,8
573,2015-04,0,8
573,2015-07,0,8
573,2015-10,0,8
573,2016-02,0,8
573,2016-06,0,8
573,2016-10,0,8
573,2017-02,0,8
573,2017-06,0,8
573,2017-10,0,8
574,2015-04,0,0
574,2015-07,0,0
574,2015-10,0,0
574,2016-02,0,0
574,2016-06,0,0
574,2016-10,0,0
574,2017-02,0,0
574,2017-06,0,0
574,2017-10,0,0
575,2015-04,0,0
575,2015-07,0,0
575,2015-10,0,0
575,2016-02,0,0
575,2016-06,0,0
575,2016-10,0,0
575,2017-02,0,0
575,2017-06,0,0
575,2017-10,0,0
576,2015-04,1,8
576,2015-07,1,8
576,2015-10,1,8
576,2016-02,1,8
576,2016-06,1,8
576,2016-10,1,8
576,2017-02,1,8
576,2017-06,1,8
576,2017-10,0,8
577,2015-04,0,8
577,2015-07,0,8
577,2015-10,0,8
577,2016-02,0,8
577,2016-06,0,8
577,2016-10,0,8
577,2017-02,0,8
577,2017-06,0,8
577,2017-10,0,8
578,2015-04,0,8
578,2015-07,0,8
578,2015-10,0,8
578,2016-02,0,8
578,2016-06,0,8
578,2016-10,0,8
578,2017-02,0,8
578,2017-06,0,8
578,2017-10,0,8
579,2015-04,0,0
579,2015-07,0,0
579,2015-10,0,0
579,2016-02,0,0
579,2016-06,0,0
579,2016-10,0,0
579,2017-02,0,0
579,2017-06,0,0
579,2017-10,0,0
580,2015-04,0,0
580,2015-07,0,0
580,2015-10,0,0
580,2016-02,0,0
580,2016-06,0,0
580,2016-10,0,0
580,2017-02,0,0
580,2017-06,0,0
580,2017-10,0,0
581,2015-04,0,8
581,2015-07,0,8
581,2015-10,0,8
581,2016-02,0,8
581,2016-06,0,8
581,2016-10,0,8
581,2017-02,0,8
581,2017-06,0,8
581,2017-10,0,8
582,2015-04,0,8
582,2015-07,0,8
582,2015-10,0,8
582,2016-02,0,8
582,2016-06,0,8
582,2016-10,0,8
582,2017-02,0,8
582,2017-06,0,8
582,2017-10,0,8
583,2015-04,1,8
583,2015-07,1,8
583,2015-10,1,8
583,2016-02,1,8
583,2016-06,1,8
583,2016-10,1,8
583,2017-02,1,8
583,2017-06,1,8
583,2017-10,1,8
584,2015-04,0,8
584,2015-07,0,8
584,2015-10,0,8
584,2016-02,0,8
584,2016-06,0,8
584,2016-10,0,8
584,2017-02,0,8
584,2017-06,0,8
584,2017-10,0,8
585,2015-04,0,8
585,2015-07,0,8
585,2015-10,0,8
585,2016-02,0,8
585,2016-06,0,8
585,2016-10,0,8
585,2017-02,0,8
585,2017-06,0,8
585,2017-10,0,8
586,2015-04,0,8
586,2015-07,0,8
586,2015-10,0,8
586,2016-02,0,8
586,2016-06,0,8
586,2016-10,0,8
586,2017-02,0,8
586,2017-06,0,8
586,2017-10,0,8
587,2015-04,0,8
587,2015-07,0,8
587,2015-10,0,8
587,2016-02,0,8
587,2016-06,0,8
587,2016-10,0,8
587,2017-02,0,8
587,2017-06,0,8
587,2017-10,0,8
588,2015-04,0,8
588,2015-07,0,8
588,2015-10,0,8
588,2016-02,0,8
588,2016-06,0,8
588,2016-10,0,8
588,2017-02,0,8
588,2017-06,0,8
588,2017-10,0,8
589,2015-04,0,8
589,2015-07,0,8
589,2015-10,0,8
589,2016-02,0,8
589,2016-06,0,8
589,2016-10,0,8
589,2017-02,0,8
589,2017-06,0,8
589,2017-10,0,8
590,2015-04,0,8
590,2015-07,0,8
590,2015-10,0,8
590,2016-02,0,8
590,2016-06,0,8
590,2016-10,0,8
590,2017-02,0,8
590,2017-06,0,8
590,2017-10,0,8
591,2015-04,0,8
591,2015-07,0,8
591,2015-10,0,8
591,2016-02,0,8
591,2016-06,0,8
591,2016-10,0,8
591,2017-02,0,8
591,2017-06,0,8
591,2017-10,0,8
592,2015-04,0,8
592,2015-07,0,8
592,2015-10,0,8
592,2016-02,0,8
592,2016-06,0,8
592,2016-10,0,8
592,2017-02,0,8
592,2017-06,0,8
592,2017-10,0,8
593,2015-04,0,8
593,2015-07,0,8
593,2015-10,0,8
593,2016-02,0,8
593,2016-06,0,8
593,2016-10,0,8
593,2017-02,0,8
593,2017-06,0,8
593,2017-10,0,8
594,2015-04,0,8
594,2015-07,0,8
594,2015-10,0,8
594,2016-02,0,8
594,2016-06,0,8
594,2016-10,0,8
594,2017-02,0,8
594,2017-06,0,8
594,2017-10,0,8
595,2015-04,0,8
595,2015-07,0,8
595,2015-10,0,8
595,2016-02,0,8
595,2016-06,0,8
595,2016-10,0,8
595,2017-02,0,8
595,2017-06,1,8
595,2017-10,0,8
596,2015-04,0,8
596,2015-07,0,8
596,2015-10,0,8
596,2016-02,0,8
596,2016-06,0,8
596,2016-10,0,8
596,2017-02,0,8
596,2017-06,0,8
596,2017-10,0,8
597,2015-04,1,8
597,2015-07,1,8
597,2015-10,1,8
597,2016-02,1,8
597,2016-06,1,8
597,2016-10,1,8
597,2017-02,1,8
597,2017-06,1,8
597,2017-10,1,8
598,2015-04,0,8
598,2015-07,0,8
598,2015-10,0,8
598,2016-02,0,8
598,2016-06,0,8
598,2016-10,0,8
598,2017-02,0,8
598,2017-06,0,8
598,2017-10,0,8
599,2015-04,0,0
599,2015-07,0,0
599,2015-10,0,0
599,2016-02,0,0
599,2016-06,0,0
599,2016-10,0,0
599,2017-02,0,0
599,2017-06,0,0
599,2017-10,0,0
600,2015-04,0,8
600,2015-07,0,8
600,2015-10,0,8
600,2016-02,0,8
600,2016-06,0,8
600,2016-10,0,8
600,2017-02,0,8
600,2017-06,0,8
600,2017-10,0,8
601,2015-04,0,8
601,2015-07,0,8
601,2015-10,0,8
601,2016-02,0,8
601,2016-06,0,8
601,2016-10,0,8
601,2017-02,0,8
601,2017-06,0,8
601,2017-10,0,8
602,2015-04,0,8
602,2015-07,0,8
602,2015-10,0,8
602,2016-02,0,8
602,2016-06,0,8
602,2016-10,0,8
602,2017-02,0,8
602,2017-06,0,8
602,2017-10,0,8
603,2015-04,0,8
603,2015-07,0,8
603,2015-10,0,8
603,2016-02,0,8
603,2016-06,0,8
603,2016-10,0,8
603,2017-02,0,8
603,2017-06,0,8
603,2017-10,0,8
604,2015-04,0,8
604,2015-07,0,8
604,2015-10,0,8
604,2016-02,0,8
604,2016-06,0,8
604,2016-10,0,8
604,2017-02,0,8
604,2017-06,0,8
604,2017-10,0,8
605,2015-04,0,8
605,2015-07,0,8
605,2015-10,0,8
605,2016-02,0,8
605,2016-06,0,8
605,2016-10,0,8
605,2017-02,0,8
605,2017-06,0,8
605,2017-10,0,8
606,2015-04,0,8
606,2015-07,0,8
606,2015-10,0,8
606,2016-02,0,8
606,2016-06,0,8
606,2016-10,0,8
606,2017-02,0,8
606,2017-06,0,8
606,2017-10,0,8
607,2015-04,0,8
607,2015-07,0,8
607,2015-10,0,8
607,2016-02,0,8
607,2016-06,0,8
607,2016-10,0,8
607,2017-02,0,8
607,2017-06,0,8
607,2017-10,0,8
608,2015-04,0,8
608,2015-07,0,8
608,2015-10,0,8
608,2016-02,0,8
608,2016-06,0,8
608,2016-10,0,8
608,2017-02,0,8
608,2017-06,0,8
608,2017-10,0,8
609,2015-04,0,8
609,2015-07,0,8
609,2015-10,0,8
609,2016-02,0,8
609,2016-06,0,8
609,2016-10,0,8
609,2017-02,0,8
609,2017-06,0,8
609,2017-10,0,8
610,2015-04,0,8
610,2015-07,0,8
610,2015-10,0,8
610,2016-02,0,8
610,2016-06,0,8
610,2016-10,0,8
610,2017-02,0,8
610,2017-06,0,8
610,2017-10,0,8
611,2015-04,0,8
611,2015-07,0,8
611,2015-10,0,8
611,2016-02,0,8
611,2016-06,0,8
611,2016-10,0,8
611,2017-02,0,8
611,2017-06,0,8
611,2017-10,0,8
612,2015-04,0,8
612,2015-07,0,8
612,2015-10,0,8
612,2016-02,0,8
612,2016-06,0,8
612,2016-10,0,8
612,2017-02,0,8
612,2017-06,0,8
612,2017-10,0,8
613,2015-04,0,0
613,2015-07,0,0
613,2015-10,0,0
613,2016-02,0,0
613,2016-06,1,0
613,2016-10,0,0
613,2017-02,0,0
613,2017-06,1,0
613,2017-10,0,0
614,2015-04,0,8
614,2015-07,0,8
614,2015-10,0,8
614,2016-02,0,8
614,2016-06,0,8
614,2016-10,0,8
614,2017-02,0,8
614,2017-06,0,8
614,2017-10,0,8
615,2015-04,0,8
615,2015-07,0,8
615,2015-10,0,8
615,2016-02,0,8
615,2016-06,0,8
615,2016-10,0,8
615,2017-02,0,8
615,2017-06,0,8
615,2017-10,0,8
616,2015-04,0,8
616,2015-07,0,8
616,2015-10,0,8
616,2016-02,0,8
616,2016-06,0,8
616,2016-10,0,8
616,2017-02,0,8
616,2017-06,0,8
616,2017-10,0,8
617,2015-04,0,8
617,2015-07,0,8
617,2015-10,0,8
617,2016-02,0,8
617,2016-06,0,8
617,2016-10,0,8
617,2017-02,0,8
617,2017-06,0,8
617,2017-10,0,8
618,2015-04,0,8
618,2015-07,0,8
618,2015-10,0,8
618,2016-02,0,8
618,2016-06,0,8
618,2016-10,0,8
618,2017-02,0,8
618,2017-06,0,8
618,2017-10,0,8
619,2015-04,0,8
619,2015-07,0,8
619,2015-10,0,8
619,2016-02,0,8
619,2016-06,0,8
619,2016-10,0,8
619,2017-02,0,8
619,2017-06,0,8
619,2017-10,0,8
620,2015-04,0,8
620,2015-07,0,8
620,2015-10,0,8
620,2016-02,0,8
620,2016-06,0,8
620,2016-10,0,8
620,2017-02,0,8
620,2017-06,0,8
620,2017-10,0,8
621,2015-04,0,8
621,2015-07,0,8
621,2015-10,0,8
621,2016-02,0,8
621,2016-06,0,8
621,2016-10,0,8
621,2017-02,0,8
621,2017-06,0,8
621,2017-10,0,8
622,2015-04,0,8
622,2015-07,0,8
622,2015-10,0,8
622,2016-02,0,8
622,2016-06,0,8
622,2016-10,0,8
622,2017-02,0,8
622,2017-06,0,8
622,2017-10,0,8
623,2015-04,0,8
623,2015-07,0,8
623,2015-10,0,8
623,2016-02,0,8
623,2016-06,0,8
623,2016-10,0,8
623,2017-02,0,8
623,2017-06,0,8
623,2017-10,0,8
624,2015-04,0,8
624,2015-07,0,8
624,2015-10,0,8
624,2016-02,0,8
624,2016-06,0,8
624,2016-10,0,8
624,2017-02,0,8
624,2017-06,0,8
624,2017-10,0,8
625,2015-04,0,8
625,2015-07,0,8
625,2015-10,0,8
625,2016-02,0,8
625,2016-06,1,8
625,2016-10,0,8
625,2017-02,0,8
625,2017-06,0,8
625,2017-10,0,8
626,2015-04,0,8
626,2015-07,0,8
626,2015-10,0,8
626,2016-02,0,8
626,2016-06,0,8
626,2016-10,0,8
626,2017-02,0,8
626,2017-06,0,8
626,2017-10,0,8
627,2015-04,0,8
627,2015-07,0,8
627,2015-10,0,8
627,2016-02,0,8
627,2016-06,0,8
627,2016-10,0,8
627,2017-02,0,8
627,2017-06,0,8
627,2017-10,0,8
628,2015-04,0,8
628,2015-07,0,8
628,2015-10,0,8
628,2016-02,0,8
628,2016-06,0,8
628,2016-10,0,8
628,2017-02,0,8
628,2017-06,0,8
628,2017-10,0,8
629,2015-04,0,8
629,2015-07,0,8
629,2015-10,0,8
629,2016-02,0,8
629,2016-06,0,8
629,2016-10,0,8
629,2017-02,0,8
629,2017-06,0,8
629,2017-10,0,8
630,2015-04,0,8
630,2015-07,0,8
630,2015-10,0,8
630,2016-02,0,8
630,2016-06,0,8
630,2016-10,0,8
630,2017-02,0,8
630,2017-06,0,8
630,2017-10,0,8
631,2015-04,0,0
631,2015-07,0,0
631,2015-10,0,0
631,2016-02,0,0
631,2016-06,0,0
631,2016-10,0,0
631,2017-02,0,0
631,2017-06,0,0
631,2017-10,0,0
632,2015-04,0,8
632,2015-07,0,8
632,2015-10,0,8
632,2016-02,0,8
632,2016-06,0,8
632,2016-10,0,8
632,2017-02,0,8
632,2017-06,0,8
632,2017-10,0,8
633,2015-04,0,8
633,2015-07,0,8
633,2015-10,0,8
633,2016-02,0,8
633,2016-06,0,8
633,2016-10,0,8
633,2017-02,0,8
633,2017-06,0,8
633,2017-10,0,8
634,2015-04,0,8
634,2015-07,0,8
634,2015-10,0,8
634,2016-02,0,8
634,2016-06,0,8
634,2016-10,0,8
634,2017-02,0,8
634,2017-06,0,8
634,2017-10,0,8
635,2015-04,0,8
635,2015-07,0,8
635,2015-10,0,8
635,2016-02,0,8
635,2016-06,0,8
635,2016-10,0,8
635,2017-02,0,8
635,2017-06,0,8
635,2017-10,0,8
636,2015-04,0,8
636,2015-07,0,8
636,2015-10,0,8
636,2016-02,0,8
636,2016-06,1,8
636,2016-10,0,8
636,2017-02,0,8
636,2017-06,1,8
636,2017-10,1,8
637,2015-04,0,8
637,2015-07,0,8
637,2015-10,0,8
637,2016-02,0,8
637,2016-06,0,8
637,2016-10,0,8
637,2017-02,0,8
637,2017-06,0,8
637,2017-10,0,8
638,2015-04,0,8
638,2015-07,0,8
638,2015-10,0,8
638,2016-02,0,8
638,2016-06,0,8
638,2016-10,0,8
638,2017-02,0,8
638,2017-06,0,8
638,2017-10,0,8
639,2015-04,0,8
639,2015-07,0,8
639,2015-10,0,8
639,2016-02,0,8
639,2016-06,1,8
639,2016-10,0,8
639,2017-02,0,8
639,2017-06,1,8
639,2017-10,0,8
640,2015-04,0,8
640,2015-07,0,8
640,2015-10,0,8
640,2016-02,0,8
640,2016-06,0,8
640,2016-10,0,8
640,2017-02,0,8
640,2017-06,0,8
640,2017-10,0,8
641,2015-04,0,8
641,2015-07,0,8
641,2015-10,0,8
641,2016-02,0,8
641,2016-06,1,8
641,2016-10,0,8
641,2017-02,0,8
641,2017-06,0,8
641,2017-10,0,8
642,2015-04,0,8
642,2015-07,0,8
642,2015-10,0,8
642,2016-02,0,8
642,2016-06,0,8
642,2016-10,0,8
642,2017-02,0,8
642,2017-06,0,8
642,2017-10,0,8
643,2015-04,0,8
643,2015-07,0,8
643,2015-10,0,8
643,2016-02,0,8
643,2016-06,1,8
643,2016-10,0,8
643,2017-02,0,8
643,2017-06,1,8
643,2017-10,0,8
644,2015-04,0,8
644,2015-07,0,8
644,2015-10,0,8
644,2016-02,0,8
644,2016-06,0,8
644,2016-10,0,8
644,2017-02,0,8
644,2017-06,0,8
644,2017-10,0,8
645,2015-04,0,8
645,2015-07,0,8
645,2015-10,0,8
645,2016-02,0,8
645,2016-06,1,8
645,2016-10,0,8
645,2017-02,0,8
645,2017-06,0,8
645,2017-10,0,8
646,2015-04,0,8
646,2015-07,0,8
646,2015-10,0,8
646,2016-02,0,8
646,2016-06,0,8
646,2016-10,0,8
646,2017-02,0,8
646,2017-06,0,8
646,2017-10,0,8
647,2015-04,0,8
647,2015-07,0,8
647,2015-10,0,8
647,2016-02,0,8
647,2016-06,1,8
647,2016-10,0,8
647,2017-02,0,8
647,2017-06,1,8
647,2017-10,0,8
648,2015-04,0,8
648,2015-07,0,8
648,2015-10,0,8
648,2016-02,0,8
648,2016-06,0,8
648,2016-10,0,8
648,2017-02,0,8
648,2017-06,0,8
648,2017-10,0,8
649,2015-04,0,8
649,2015-07,0,8
649,2015-10,0,8
649,2016-02,0,8
649,2016-06,0,8
649,2016-10,0,8
649,2017-02,0,8
649,2017-06,0,8
649,2017-10,0,8
650,2015-04,0,8
650,2015-07,0,8
650,2015-10,0,8
650,2016-02,0,8
650,2016-06,0,8
650,2016-10,0,8
650,2017-02,0,8
650,2017-06,0,8
650,2017-10,0,8
651,2015-04,0,8
651,2015-07,0,8
651,2015-10,0,8
651,2016-02,0,8
651,2016-06,0,8
651,2016-10,0,8
651,2017-02,0,8
651,2017-06,0,8
651,2017-10,0,8
652,2015-04,0,8
652,2015-07,0,8
652,2015-10,0,8
652,2016-02,0,8
652,2016-06,1,8
652,2016-10,0,8
652,2017-02,0,8
652,2017-06,0,8
652,2017-10,0,8
653,2015-04,0,8
653,2015-07,0,8
653,2015-10,0,8
653,2016-02,0,8
653,2016-06,0,8
653,2016-10,0,8
653,2017-02,0,8
653,2017-06,0,8
653,2017-10,0,8
654,2015-04,0,8
654,2015-07,0,8
654,2015-10,0,8
654,2016-02,0,8
654,2016-06,1,8
654,2016-10,0,8
654,2017-02,0,8
654,2017-06,0,8
654,2017-10,0,8
655,2015-04,0,8
655,2015-07,0,8
655,2015-10,0,8
655,2016-02,0,8
655,2016-06,0,8
655,2016-10,0,8
655,2017-02,0,8
655,2017-06,0,8
655,2017-10,0,8
656,2015-04,0,8
656,2015-07,0,8
656,2015-10,0,8
656,2016-02,0,8
656,2016-06,0,8
656,2016-10,0,8
656,2017-02,0,8
656,2017-06,0,8
656,2017-10,0,8
657,2015-04,0,8
657,2015-07,0,8
657,2015-10,0,8
657,2016-02,0,8
657,2016-06,0,8
657,2016-10,0,8
657,2017-02,0,8
657,2017-06,0,8
657,2017-10,0,8
658,2015-04,0,8
658,2015-07,0,8
658,2015-10,0,8
658,2016-02,0,8
658,2016-06,0,8
658,2016-10,0,8
658,2017-02,0,8
658,2017-06,0,8
658,2017-10,0,8
659,2015-04,0,8
659,2015-07,0,8
659,2015-10,0,8
659,2016-02,0,8
659,2016-06,0,8
659,2016-10,0,8
659,2017-02,0,8
659,2017-06,0,8
659,2017-10,0,8
660,2015-04,0,8
660,2015-07,0,8
660,2015-10,0,8
660,2016-02,0,8
660,2016-06,0,8
660,2016-10,0,8
660,2017-02,0,8
660,2017-06,0,8
660,2017-10,0,8
661,2015-04,0,8
661,2015-07,0,8
661,2015-10,0,8
661,2016-02,0,8
661,2016-06,0,8
661,2016-10,0,8
661,2017-02,0,8
661,2017-06,0,8
661,2017-10,0,8
662,2015-04,0,8
662,2015-07,0,8
662,2015-10,0,8
662,2016-02,0,8
662,2016-06,0,8
662,2016-10,0,8
662,2017-02,0,8
662,2017-06,0,8
662,2017-10,0,8
663,2015-04,0,8
663,2015-07,0,8
663,2015-10,0,8
663,2016-02,0,8
663,2016-06,0,8
663,2016-10,0,8
663,2017-02,0,8
663,2017-06,0,8
663,2017-10,0,8
664,2015-04,0,8
664,2015-07,0,8
664,2015-10,0,8
664,2016-02,0,8
664,2016-06,0,8
664,2016-10,0,8
664,2017-02,0,8
664,2017-06,0,8
664,2017-10,0,8
665,2015-04,0,8
665,2015-07,0,8
665,2015-10,0,8
665,2016-02,0,8
665,2016-06,0,8
665,2016-10,0,8
665,2017-02,0,8
665,2017-06,0,8
665,2017-10,0,8
666,2015-04,0,8
666,2015-07,0,8
666,2015-10,0,8
666,2016-02,0,8
666,2016-06,0,8
666,2016-10,0,8
666,2017-02,0,8
666,2017-06,0,8
666,2017-10,0,8
667,2015-04,0,8
667,2015-07,0,8
667,2015-10,0,8
667,2016-02,0,8
667,2016-06,0,8
667,2016-10,0,8
667,2017-02,0,8
667,2017-06,0,8
667,2017-10,0,8
668,2015-04,0,8
668,2015-07,0,8
668,2015-10,0,8
668,2016-02,0,8
668,2016-06,0,8
668,2016-10,0,8
668,2017-02,0,8
668,2017-06,0,8
668,2017-10,0,8
669,2015-04,0,8
669,2015-07,0,8
669,2015-10,0,8
669,2016-02,0,8
669,2016-06,0,8
669,2016-10,0,8
669,2017-02,0,8
669,2017-06,0,8
669,2017-10,0,8
670,2015-04,0,8
670,2015-07,0,8
670,2015-10,0,8
670,2016-02,0,8
670,2016-06,0,8
670,2016-10,0,8
670,2017-02,0,8
670,2017-06,0,8
670,2017-10,0,8
671,2015-04,0,8
671,2015-07,0,8
671,2015-10,0,8
671,2016-02,0,8
671,2016-06,0,8
671,2016-10,0,8
671,2017-02,0,8
671,2017-06,0,8
671,2017-10,0,8
672,2015-04,0,8
672,2015-07,0,8
672,2015-10,0,8
672,2016-02,0,8
672,2016-06,0,8
672,2016-10,0,8
672,2017-02,0,8
672,2017-06,0,8
672,2017-10,0,8
673,2015-04,0,8
673,2015-07,0,8
673,2015-10,0,8
673,2016-02,0,8
673,2016-06,0,8
673,2016-10,0,8
673,2017-02,0,8
673,2017-06,0,8
673,2017-10,0,8
674,2015-04,0,8
674,2015-07,0,8
674,2015-10,0,8
674,2016-02,0,8
674,2016-06,0,8
674,2016-10,0,8
674,2017-02,0,8
674,2017-06,0,8
674,2017-10,0,8
675,2015-04,0,8
675,2015-07,0,8
675,2015-10,0,8
675,2016-02,0,8
675,2016-06,0,8
675,2016-10,0,8
675,2017-02,0,8
675,2017-06,0,8
675,2017-10,0,8
676,2015-04,0,8
676,2015-07,0,8
676,2015-10,0,8
676,2016-02,0,8
676,2016-06,0,8
676,2016-10,0,8
676,2017-02,0,8
676,2017-06,0,8
676,2017-10,0,8
677,2015-04,0,8
677,2015-07,0,8
677,2015-10,0,8
677,2016-02,0,8
677,2016-06,0,8
677,2016-10,0,8
677,2017-02,0,8
677,2017-06,0,8
677,2017-10,0,8
678,2015-04,0,8
678,2015-07,0,8
678,2015-10,0,8
678,2016-02,0,8
678,2016-06,0,8
678,2016-10,0,8
678,2017-02,0,8
678,2017-06,0,8
678,2017-10,0,8
679,2015-04,0,8
679,2015-07,0,8
679,2015-10,0,8
679,2016-02,0,8
679,2016-06,0,8
679,2016-10,0,8
679,2017-02,0,8
679,2017-06,0,8
679,2017-10,0,8
680,2015-04,0,8
680,2015-07,0,8
680,2015-10,0,8
680,2016-02,0,8
680,2016-06,0,8
680,2016-10,0,8
680,2017-02,0,8
680,2017-06,0,8
680,2017-10,0,8
681,2015-04,0,8
681,2015-07,0,8
681,2015-10,0,8
681,2016-02,0,8
681,2016-06,0,8
681,2016-10,0,8
681,2017-02,0,8
681,2017-06,0,8
681,2017-10,0,8
682,2015-04,0,8
682,2015-07,0,8
682,2015-10,0,8
682,2016-02,0,8
682,2016-06,0,8
682,2016-10,0,8
682,2017-02,0,8
682,2017-06,0,8
682,2017-10,0,8
683,2015-04,0,8
683,2015-07,0,8
683,2015-10,0,8
683,2016-02,0,8
683,2016-06,1,8
683,2016-10,0,8
683,2017-02,0,8
683,2017-06,0,8
683,2017-10,0,8
684,2015-04,0,8
684,2015-07,0,8
684,2015-10,0,8
684,2016-02,0,8
684,2016-06,0,8
684,2016-10,0,8
684,2017-02,0,8
684,2017-06,0,8
684,2017-10,0,8
685,2015-04,0,8
685,2015-07,0,8
685,2015-10,0,8
685,2016-02,0,8
685,2016-06,0,8
685,2016-10,0,8
685,2017-02,0,8
685,2017-06,0,8
685,2017-10,0,8
686,2015-04,0,8
686,2015-07,0,8
686,2015-10,0,8
686,2016-02,0,8
686,2016-06,0,8
686,2016-10,0,8
686,2017-02,0,8
686,2017-06,0,8
686,2017-10,0,8
687,2015-04,0,8
687,2015-07,0,8
687,2015-10,0,8
687,2016-02,0,8
687,2016-06,0,8
687,2016-10,0,8
687,2017-02,0,8
687,2017-06,0,8
687,2017-10,0,8
688,2015-04,0,8
688,2015-07,0,8
688,2015-10,0,8
688,2016-02,0,8
688,2016-06,0,8
688,2016-10,0,8
688,2017-02,0,8
688,2017-06,0,8
688,2017-10,0,8
689,2015-04,0,8
689,2015-07,0,8
689,2015-10,0,8
689,2016-02,0,8
689,2016-06,0,8
689,2016-10,0,8
689,2017-02,0,8
689,2017-06,0,8
689,2017-10,0,8
690,2015-04,0,8
690,2015-07,0,8
690,2015-10,0,8
690,2016-02,0,8
690,2016-06,1,8
690,2016-10,0,8
690,2017-02,0,8
690,2017-06,1,8
690,2017-10,0,8
691,2015-04,0,8
691,2015-07,0,8
691,2015-10,0,8
691,2016-02,0,8
691,2016-06,1,8
691,2016-10,0,8
691,2017-02,0,8
691,2017-06,0,8
691,2017-10,0,8
692,2015-04,0,8
692,2015-07,0,8
692,2015-10,0,8
692,2016-02,0,8
692,2016-06,1,8
692,2016-10,0,8
692,2017-02,0,8
692,2017-06,0,8
692,2017-10,0,8
693,2015-04,0,8
693,2015-07,0,8
693,2015-10,0,8
693,2016-02,0,8
693,2016-06,1,8
693,2016-10,0,8
693,2017-02,0,8
693,2017-06,0,8
693,2017-10,0,8
694,2015-04,0,8
694,2015-07,0,8
694,2015-10,0,8
694,2016-02,0,8
694,2016-06,0,8
694,2016-10,0,8
694,2017-02,0,8
694,2017-06,0,8
694,2017-10,0,8
695,2015-04,0,8
695,2015-07,0,8
695,2015-10,0,8
695,2016-02,0,8
695,2016-06,0,8
695,2016-10,0,8
695,2017-02,0,8
695,2017-06,0,8
695,2017-10,0,8
696,2015-04,0,8
696,2015-07,0,8
696,2015-10,0,8
696,2016-02,0,8
696,2016-06,0,8
696,2016-10,0,8
696,2017-02,0,8
696,2017-06,0,8
696,2017-10,0,8
697,2015-04,0,8
697,2015-07,0,8
697,2015-10,0,8
697,2016-02,0,8
697,2016-06,1,8
697,2016-10,0,8
697,2017-02,0,8
697,2017-06,0,8
697,2017-10,0,8
698,2015-04,0,8
698,2015-07,0,8
698,2015-10,0,8
698,2016-02,0,8
698,2016-06,0,8
698,2016-10,0,8
698,2017-02,0,8
698,2017-06,0,8
698,2017-10,0,8
699,2015-04,0,8
699,2015-07,0,8
699,2015-10,0,8
699,2016-02,0,8
699,2016-06,1,8
699,2016-10,0,8
699,2017-02,0,8
699,2017-06,1,8
699,2017-10,0,8
700,2015-04,0,8
700,2015-07,0,8
700,2015-10,0,8
700,2016-02,0,8
700,2016-06,0,8
700,2016-10,0,8
700,2017-02,0,8
700,2017-06,0,8
700,2017-10,0,8
701,2015-04,0,8
701,2015-07,0,8
701,2015-10,0,8
701,2016-02,0,8
701,2016-06,1,8
701,2016-10,0,8
701,2017-02,0,8
701,2017-06,1,8
701,2017-10,0,8
702,2015-04,0,8
702,2015-07,0,8
702,2015-10,0,8
702,2016-02,0,8
702,2016-06,1,8
702,2016-10,0,8
702,2017-02,0,8
702,2017-06,1,8
702,2017-10,0,8
703,2015-04,0,8
703,2015-07,0,8
703,2015-10,0,8
703,2016-02,0,8
703,2016-06,0,8
703,2016-10,0,8
703,2017-02,0,8
703,2017-06,0,8
703,2017-10,0,8
704,2015-04,0,8
704,2015-07,0,8
704,2015-10,0,8
704,2016-02,0,8
704,2016-06,0,8
704,2016-10,0,8
704,2017-02,0,8
704,2017-06,0,8
704,2017-10,0,8
705,2015-04,0,8
705,2015-07,0,8
705,2015-10,0,8
705,2016-02,0,8
705,2016-06,0,8
705,2016-10,0,8
705,2017-02,0,8
705,2017-06,0,8
705,2017-10,0,8
706,2015-04,0,8
706,2015-07,0,8
706,2015-10,0,8
706,2016-02,0,8
706,2016-06,0,8
706,2016-10,0,8
706,2017-02,0,8
706,2017-06,0,8
706,2017-10,0,8
707,2015-04,0,8
707,2015-07,0,8
707,2015-10,0,8
707,2016-02,0,8
707,2016-06,1,8
707,2016-10,0,8
707,2017-02,0,8
707,2017-06,0,8
707,2017-10,0,8
708,2015-04,0,8
708,2015-07,0,8
708,2015-10,0,8
708,2016-02,0,8
708,2016-06,0,8
708,2016-10,0,8
708,2017-02,0,8
708,2017-06,0,8
708,2017-10,0,8
709,2015-04,0,8
709,2015-07,0,8
709,2015-10,0,8
709,2016-02,0,8
709,2016-06,1,8
709,2016-10,0,8
709,2017-02,0,8
709,2017-06,0,8
709,2017-10,0,8
710,2015-04,0,8
710,2015-07,0,8
710,2015-10,0,8
710,2016-02,0,8
710,2016-06,1,8
710,2016-10,0,8
710,2017-02,0,8
710,2017-06,0,8
710,2017-10,0,8
711,2015-04,0,8
711,2015-07,0,8
711,2015-10,0,8
711,2016-02,0,8
711,2016-06,1,8
711,2016-10,0,8
711,2017-02,0,8
711,2017-06,1,8
711,2017-10,0,8
712,2015-04,0,8
712,2015-07,0,8
712,2015-10,0,8
712,2016-02,0,8
712,2016-06,0,8
712,2016-10,0,8
712,2017-02,0,8
712,2017-06,0,8
712,2017-10,0,8
713,2015-04,0,8
713,2015-07,0,8
713,2015-10,0,8
713,2016-02,0,8
713,2016-06,1,8
713,2016-10,0,8
713,2017-02,0,8
713,2017-06,0,8
713,2017-10,0,8
714,2015-04,0,8
714,2015-07,0,8
714,2015-10,0,8
714,2016-02,0,8
714,2016-06,0,8
714,2016-10,0,8
714,2017-02,0,8
714,2017-06,0,8
714,2017-10,0,8
715,2015-04,0,8
715,2015-07,0,8
715,2015-10,0,8
715,2016-02,0,8
715,2016-06,1,8
715,2016-10,0,8
715,2017-02,0,8
715,2017-06,0,8
715,2017-10,0,8
716,2015-04,0,8
716,2015-07,0,8
716,2015-10,0,8
716,2016-02,0,8
716,2016-06,0,8
716,2016-10,0,8
716,2017-02,0,8
716,2017-06,0,8
716,2017-10,0,8
717,2015-04,0,8
717,2015-07,0,8
717,2015-10,0,8
717,2016-02,0,8
717,2016-06,0,8
717,2016-10,0,8
717,2017-02,0,8
717,2017-06,0,8
717,2017-10,0,8
718,2015-04,0,8
718,2015-07,0,8
718,2015-10,0,8
718,2016-02,0,8
718,2016-06,0,8
718,2016-10,0,8
718,2017-02,0,8
718,2017-06,0,8
718,2017-10,0,8
719,2015-04,0,8
719,2015-07,0,8
719,2015-10,0,8
719,2016-02,0,8
719,2016-06,0,8
719,2016-10,0,8
719,2017-02,0,8
719,2017-06,0,8
719,2017-10,0,8
720,2015-04,0,8
720,2015-07,0,8
720,2015-10,0,8
720,2016-02,0,8
720,2016-06,0,8
720,2016-10,0,8
720,2017-02,0,8
720,2017-06,0,8
720,2017-10,0,8
721,2015-04,0,8
721,2015-07,0,8
721,2015-10,0,8
721,2016-02,0,8
721,2016-06,0,8
721,2016-10,0,8
721,2017-02,0,8
721,2017-06,0,8
721,2017-10,0,8
722,2015-04,0,8
722,2015-07,0,8
722,2015-10,0,8
722,2016-02,0,8
722,2016-06,0,8
722,2016-10,0,8
722,2017-02,0,8
722,2017-06,0,8
722,2017-10,0,8
723,2015-04,0,8
723,2015-07,0,8
723,2015-10,0,8
723,2016-02,0,8
723,2016-06,0,8
723,2016-10,0,8
723,2017-02,0,8
723,2017-06,0,8
723,2017-10,0,8
724,2015-04,0,8
724,2015-07,0,8
724,2015-10,0,8
724,2016-02,0,8
724,2016-06,0,8
724,2016-10,0,8
724,2017-02,0,8
724,2017-06,0,8
724,2017-10,0,8
725,2015-04,0,8
725,2015-07,0,8
725,2015-10,0,8
725,2016-02,0,8
725,2016-06,0,8
725,2016-10,0,8
725,2017-02,0,8
725,2017-06,0,8
725,2017-10,0,8
726,2015-04,0,8
726,2015-07,0,8
726,2015-10,0,8
726,2016-02,0,8
726,2016-06,0,8
726,2016-10,0,8
726,2017-02,0,8
726,2017-06,0,8
726,2017-10,0,8
727,2015-04,0,8
727,2015-07,0,8
727,2015-10,0,8
727,2016-02,0,8
727,2016-06,0,8
727,2016-10,0,8
727,2017-02,0,8
727,2017-06,0,8
727,2017-10,0,8
728,2015-04,1,6
728,2015-07,1,6
728,2015-10,1,6
728,2016-02,1,6
728,2016-06,1,6
728,2016-10,1,6
728,2017-02,1,6
728,2017-06,1,6
728,2017-10,1,6
729,2015-04,0,8
729,2015-07,0,8
729,2015-10,0,8
729,2016-02,0,8
729,2016-06,0,8
729,2016-10,0,8
729,2017-02,0,8
729,2017-06,0,8
729,2017-10,0,8
730,2015-04,0,8
730,2015-07,0,8
730,2015-10,0,8
730,2016-02,0,8
730,2016-06,0,8
730,2016-10,0,8
730,2017-02,0,8
730,2017-06,0,8
730,2017-10,0,8
731,2015-04,0,8
731,2015-07,0,8
731,2015-10,0,8
731,2016-02,0,8
731,2016-06,0,8
731,2016-10,0,8
731,2017-02,0,8
731,2017-06,0,8
731,2017-10,0,8
732,2015-04,0,5
732,2015-07,0,5
732,2015-10,0,5
732,2016-02,0,5
732,2016-06,0,5
732,2016-10,0,5
732,2017-02,0,5
732,2017-06,0,5
732,2017-10,0,5
733,2015-04,0,5
733,2015-07,0,5
733,2015-10,0,5
733,2016-02,0,5
733,2016-06,0,5
733,2016-10,0,5
733,2017-02,0,5
733,2017-06,0,5
733,2017-10,0,5
734,2015-04,0,5
734,2015-07,0,5
734,2015-10,0,5
734,2016-02,0,5
734,2016-06,0,5
734,2016-10,0,5
734,2017-02,0,5
734,2017-06,0,5
734,2017-10,0,5
735,2015-04,0,5
735,2015-07,1,5
735,2015-10,0,5
735,2016-02,1,5
735,2016-06,1,5
735,2016-10,0,5
735,2017-02,0,5
735,2017-06,0,5
735,2017-10,0,5
736,2015-04,0,5
736,2015-07,0,5
736,2015-10,0,5
736,2016-02,0,5
736,2016-06,1,5
736,2016-10,0,5
736,2017-02,0,5
736,2017-06,1,5
736,2017-10,0,5
737,2015-04,0,5
737,2015-07,1,5
737,2015-10,0,5
737,2016-02,1,5
737,2016-06,1,5
737,2016-10,0,5
737,2017-02,0,5
737,2017-06,1,5
737,2017-10,0,5
738,2015-04,0,5
738,2015-07,0,5
738,2015-10,0,5
738,2016-02,0,5
738,2016-06,0,5
738,2016-10,0,5
738,2017-02,0,5
738,2017-06,0,5
738,2017-10,0,5
739,2015-04,0,5
739,2015-07,1,5
739,2015-10,1,5
739,2016-02,1,5
739,2016-06,1,5
739,2016-10,1,5
739,2017-02,1,5
739,2017-06,1,5
739,2017-10,1,5
740,2015-04,1,5
740,2015-07,1,5
740,2015-10,1,5
740,2016-02,1,5
740,2016-06,1,5
740,2016-10,1,5
740,2017-02,1,5
740,2017-06,1,5
740,2017-10,1,5
741,2015-04,0,5
741,2015-07,0,5
741,2015-10,0,5
741,2016-02,0,5
741,2016-06,1,5
741,2016-10,0,5
741,2017-02,0,5
741,2017-06,1,5
741,2017-10,0,5
742,2015-04,0,5
742,2015-07,1,5
742,2015-10,1,5
742,2016-02,1,5
742,2016-06,1,5
742,2016-10,1,5
742,2017-02,1,5
742,2017-06,1,5
742,2017-10,1,5
743,2015-04,0,5
743,2015-07,0,5
743,2015-10,0,5
743,2016-02,0,5
743,2016-06,0,5
743,2016-10,0,5
743,2017-02,0,5
743,2017-06,0,5
743,2017-10,0,5
744,2015-04,0,5
744,2015-07,1,5
744,2015-10,1,5
744,2016-02,1,5
744,2016-06,1,5
744,2016-10,1,5
744,2017-02,1,5
744,2017-06,1,5
744,2017-10,1,5
745,2015-04,1,5
745,2015-07,1,5
745,2015-10,1,5
745,2016-02,1,5
745,2016-06,1,5
745,2016-10,1,5
745,2017-02,1,5
745,2017-06,1,5
745,2017-10,1,5
746,2015-04,1,5
746,2015-07,1,5
746,2015-10,1,5
746,2016-02,1,5
746,2016-06,1,5
746,2016-10,1,5
746,2017-02,1,5
746,2017-06,1,5
746,2017-10,1,5
747,2015-04,1,5
747,2015-07,1,5
747,2015-10,1,5
747,2016-02,1,5
747,2016-06,1,5
747,2016-10,1,5
747,2017-02,1,5
747,2017-06,1,5
747,2017-10,1,5
748,2015-04,0,5
748,2015-07,1,5
748,2015-10,1,5
748,2016-02,1,5
748,2016-06,1,5
748,2016-10,1,5
748,2017-02,1,5
748,2017-06,1,5
748,2017-10,1,5
749,2015-04,0,5
749,2015-07,1,5
749,2015-10,1,5
749,2016-02,1,5
749,2016-06,1,5
749,2016-10,1,5
749,2017-02,1,5
749,2017-06,1,5
749,2017-10,1,5
750,2015-04,1,5
750,2015-07,1,5
750,2015-10,1,5
750,2016-02,1,5
750,2016-06,1,5
750,2016-10,1,5
750,2017-02,1,5
750,2017-06,1,5
750,2017-10,1,5
751,2015-04,0,5
751,2015-07,0,5
751,2015-10,0,5
751,2016-02,0,5
751,2016-06,1,5
751,2016-10,0,5
751,2017-02,0,5
751,2017-06,1,5
751,2017-10,0,5
752,2015-04,1,5
752,2015-07,1,5
752,2015-10,1,5
752,2016-02,1,5
752,2016-06,1,5
752,2016-10,1,5
752,2017-02,1,5
752,2017-06,1,5
752,2017-10,1,5
753,2015-04,0,5
753,2015-07,0,5
753,2015-10,0,5
753,2016-02,0,5
753,2016-06,1,5
753,2016-10,0,5
753,2017-02,0,5
753,2017-06,1,5
753,2017-10,0,5
754,2015-04,0,5
754,2015-07,1,5
754,2015-10,0,5
754,2016-02,1,5
754,2016-06,1,5
754,2016-10,0,5
754,2017-02,1,5
754,2017-06,1,5
754,2017-10,0,5
755,2015-04,0,5
755,2015-07,0,5
755,2015-10,0,5
755,2016-02,0,5
755,2016-06,0,5
755,2016-10,0,5
755,2017-02,0,5
755,2017-06,0,5
755,2017-10,0,5
756,2015-04,0,5
756,2015-07,0,5
756,2015-10,0,5
756,2016-02,0,5
756,2016-06,0,5
756,2016-10,0,5
756,2017-02,0,5
756,2017-06,0,5
756,2017-10,0,5
757,2015-04,0,5
757,2015-07,0,5
757,2015-10,0,5
757,2016-02,0,5
757,2016-06,0,5
757,2016-10,0,5
757,2017-02,0,5
757,2017-06,0,5
757,2017-10,0,5
758,2015-04,0,5
758,2015-07,0,5
758,2015-10,0,5
758,2016-02,0,5
758,2016-06,0,5
758,2016-10,0,5
758,2017-02,0,5
758,2017-06,0,5
758,2017-10,0,5
759,2015-04,0,5
759,2015-07,0,5
759,2015-10,0,5
759,2016-02,0,5
759,2016-06,0,5
759,2016-10,0,5
759,2017-02,0,5
759,2017-06,0,5
759,2017-10,0,5
760,2015-04,0,5
760,2015-07,0,5
760,2015-10,0,5
760,2016-02,0,5
760,2016-06,0,5
760,2016-10,0,5
760,2017-02,0,5
760,2017-06,0,5
760,2017-10,0,5
761,2015-04,0,5
761,2015-07,0,5
761,2015-10,0,5
761,2016-02,0,5
761,2016-06,0,5
761,2016-10,0,5
761,2017-02,0,5
761,2017-06,0,5
761,2017-10,0,5
762,2015-04,0,5
762,2015-07,0,5
762,2015-10,0,5
762,2016-02,0,5
762,2016-06,0,5
762,2016-10,0,5
762,2017-02,0,5
762,2017-06,0,5
762,2017-10,0,5
763,2015-04,0,5
763,2015-07,0,5
763,2015-10,0,5
763,2016-02,0,5
763,2016-06,0,5
763,2016-10,0,5
763,2017-02,0,5
763,2017-06,0,5
763,2017-10,0,5
764,2015-04,0,5
764,2015-07,0,5
764,2015-10,0,5
764,2016-02,0,5
764,2016-06,0,5
764,2016-10,0,5
764,2017-02,0,5
764,2017-06,0,5
764,2017-10,0,5
765,2015-04,0,5
765,2015-07,0,5
765,2015-10,0,5
765,2016-02,0,5
765,2016-06,0,5
765,2016-10,0,5
765,2017-02,0,5
765,2017-06,0,5
765,2017-10,0,5
766,2015-04,0,5
766,2015-07,0,5
766,2015-10,0,5
766,2016-02,0,5
766,2016-06,0,5
766,2016-10,0,5
766,2017-02,0,5
766,2017-06,0,5
766,2017-10,0,5
767,2015-04,0,5
767,2015-07,0,5
767,2015-10,0,5
767,2016-02,0,5
767,2016-06,0,5
767,2016-10,0,5
767,2017-02,0,5
767,2017-06,0,5
767,2017-10,0,5
768,2015-04,0,5
768,2015-07,0,5
768,2015-10,0,5
768,2016-02,0,5
768,2016-06,0,5
768,2016-10,0,5
768,2017-02,0,5
768,2017-06,0,5
768,2017-10,0,5
769,2015-04,0,5
769,2015-07,0,5
769,2015-10,0,5
769,2016-02,0,5
769,2016-06,0,5
769,2016-10,0,5
769,2017-02,0,5
769,2017-06,0,5
769,2017-10,0,5
770,2015-04,0,5
770,2015-07,0,5
770,2015-10,0,5
770,2016-02,0,5
770,2016-06,0,5
770,2016-10,0,5
770,2017-02,0,5
770,2017-06,0,5
770,2017-10,0,5
771,2015-04,0,5
771,2015-07,0,5
771,2015-10,0,5
771,2016-02,0,5
771,2016-06,0,5
771,2016-10,0,5
771,2017-02,0,5
771,2017-06,0,5
771,2017-10,0,5
772,2015-04,0,5
772,2015-07,1,5
772,2015-10,0,5
772,2016-02,0,5
772,2016-06,0,5
772,2016-10,0,5
772,2017-02,0,5
772,2017-06,0,5
772,2017-10,0,5
773,2015-04,0,5
773,2015-07,0,5
773,2015-10,0,5
773,2016-02,0,5
773,2016-06,0,5
773,2016-10,0,5
773,2017-02,0,5
773,2017-06,0,5
773,2017-10,0,5
774,2015-04,0,5
774,2015-07,0,5
774,2015-10,0,5
774,2016-02,0,5
774,2016-06,0,5
774,2016-10,0,5
774,2017-02,0,5
774,2017-06,0,5
774,2017-10,0,5
775,2015-04,0,5
775,2015-07,1,5
775,2015-10,0,5
775,2016-02,0,5
775,2016-06,0,5
775,2016-10,0,5
775,2017-02,0,5
775,2017-06,0,5
775,2017-10,0,5
776,2015-04,0,5
776,2015-07,0,5
776,2015-10,0,5
776,2016-02,0,5
776,2016-06,0,5
776,2016-10,0,5
776,2017-02,0,5
776,2017-06,0,5
776,2017-10,0,5
777,2015-04,0,5
777,2015-07,0,5
777,2015-10,0,5
777,2016-02,0,5
777,2016-06,0,5
777,2016-10,0,5
777,2017-02,0,5
777,2017-06,0,5
777,2017-10,0,5
778,2015-04,0,5
778,2015-07,0,5
778,2015-10,0,5
778,2016-02,0,5
778,2016-06,0,5
778,2016-10,0,5
778,2017-02,0,5
778,2017-06,0,5
778,2017-10,0,5
779,2015-04,0,5
779,2015-07,0,5
779,2015-10,0,5
779,2016-02,0,5
779,2016-06,0,5
779,2016-10,0,5
779,2017-02,0,5
779,2017-06,0,5
779,2017-10,0,5
780,2015-04,0,5
780,2015-07,0,5
780,2015-10,0,5
780,2016-02,0,5
780,2016-06,0,5
780,2016-10,0,5
780,2017-02,0,5
780,2017-06,0,5
780,2017-10,0,5
781,2015-04,1,5
781,2015-07,1,5
781,2015-10,0,5
781,2016-02,0,5
781,2016-06,0,5
781,2016-10,0,5
781,2017-02,0,5
781,2017-06,0,5
781,2017-10,0,5
782,2015-04,1,5
782,2015-07,1,5
782,2015-10,0,5
782,2016-02,0,5
782,2016-06,0,5
782,2016-10,0,5
782,2017-02,0,5
782,2017-06,0,5
782,2017-10,0,5
783,2015-04,1,5
783,2015-07,1,5
783,2015-10,0,5
783,2016-02,0,5
783,2016-06,0,5
783,2016-10,0,5
783,2017-02,0,5
783,2017-06,0,5
783,2017-10,0,5
784,2015-04,0,5
784,2015-07,0,5
784,2015-10,0,5
784,2016-02,0,5
784,2016-06,0,5
784,2016-10,0,5
784,2017-02,0,5
784,2017-06,0,5
784,2017-10,0,5
785,2015-04,0,5
785,2015-07,0,5
785,2015-10,0,5
785,2016-02,0,5
785,2016-06,0,5
785,2016-10,0,5
785,2017-02,0,5
785,2017-06,0,5
785,2017-10,0,5
786,2015-04,0,5
786,2015-07,0,5
786,2015-10,0,5
786,2016-02,0,5
786,2016-06,0,5
786,2016-10,0,5
786,2017-02,0,5
786,2017-06,0,5
786,2017-10,0,5
787,2015-04,0,5
787,2015-07,0,5
787,2015-10,0,5
787,2016-02,0,5
787,2016-06,0,5
787,2016-10,0,5
787,2017-02,0,5
787,2017-06,0,5
787,2017-10,0,5
788,2015-04,0,5
788,2015-07,0,5
788,2015-10,0,5
788,2016-02,0,5
788,2016-06,0,5
788,2016-10,0,5
788,2017-02,0,5
788,2017-06,0,5
788,2017-10,0,5
789,2015-04,0,5
789,2015-07,0,5
789,2015-10,0,5
789,2016-02,0,5
789,2016-06,0,5
789,2016-10,0,5
789,2017-02,0,5
789,2017-06,0,5
789,2017-10,0,5
790,2015-04,0,5
790,2015-07,0,5
790,2015-10,0,5
790,2016-02,0,5
790,2016-06,0,5
790,2016-10,0,5
790,2017-02,0,5
790,2017-06,0,5
790,2017-10,0,5
791,2015-04,0,5
791,2015-07,0,5
791,2015-10,0,5
791,2016-02,0,5
791,2016-06,0,5
791,2016-10,0,5
791,2017-02,0,5
791,2017-06,0,5
791,2017-10,0,5
792,2015-04,0,5
792,2015-07,0,5
792,2015-10,0,5
792,2016-02,0,5
792,2016-06,0,5
792,2016-10,0,5
792,2017-02,0,5
792,2017-06,0,5
792,2017-10,0,5
793,2015-04,0,5
793,2015-07,0,5
793,2015-10,0,5
793,2016-02,0,5
793,2016-06,0,5
793,2016-10,0,5
793,2017-02,0,5
793,2017-06,0,5
793,2017-10,0,5
794,2015-04,0,5
794,2015-07,0,5
794,2015-10,0,5
794,2016-02,0,5
794,2016-06,0,5
794,2016-10,0,5
794,2017-02,0,5
794,2017-06,0,5
794,2017-10,0,5
795,2015-04,0,5
795,2015-07,0,5
795,2015-10,0,5
795,2016-02,0,5
795,2016-06,0,5
795,2016-10,0,5
795,2017-02,0,5
795,2017-06,0,5
795,2017-10,0,5
796,2015-04,0,5
796,2015-07,0,5
796,2015-10,0,5
796,2016-02,0,5
796,2016-06,0,5
796,2016-10,0,5
796,2017-02,0,5
796,2017-06,0,5
796,2017-10,0,5
797,2015-04,0,5
797,2015-07,0,5
797,2015-10,0,5
797,2016-02,0,5
797,2016-06,0,5
797,2016-10,0,5
797,2017-02,0,5
797,2017-06,0,5
797,2017-10,0,5
798,2015-04,0,5
798,2015-07,0,5
798,2015-10,0,5
798,2016-02,0,5
798,2016-06,0,5
798,2016-10,0,5
798,2017-02,0,5
798,2017-06,0,5
798,2017-10,0,5
799,2015-04,0,5
799,2015-07,0,5
799,2015-10,0,5
799,2016-02,0,5
799,2016-06,0,5
799,2016-10,0,5
799,2017-02,0,5
799,2017-06,0,5
799,2017-10,0,5
800,2015-04,0,5
800,2015-07,0,5
800,2015-10,0,5
800,2016-02,0,5
800,2016-06,0,5
800,2016-10,0,5
800,2017-02,0,5
800,2017-06,0,5
800,2017-10,0,5
801,2015-04,0,5
801,2015-07,0,5
801,2015-10,0,5
801,2016-02,0,5
801,2016-06,0,5
801,2016-10,0,5
801,2017-02,0,5
801,2017-06,0,5
801,2017-10,0,5
802,2015-04,0,5
802,2015-07,0,5
802,2015-10,0,5
802,2016-02,0,5
802,2016-06,0,5
802,2016-10,0,5
802,2017-02,0,5
802,2017-06,0,5
802,2017-10,0,5
803,2015-04,0,5
803,2015-07,0,5
803,2015-10,0,5
803,2016-02,0,5
803,2016-06,0,5
803,2016-10,0,5
803,2017-02,0,5
803,2017-06,0,5
803,2017-10,0,5
804,2015-04,0,5
804,2015-07,0,5
804,2015-10,0,5
804,2016-02,0,5
804,2016-06,0,5
804,2016-10,0,5
804,2017-02,0,5
804,2017-06,0,5
804,2017-10,0,5
805,2015-04,0,5
805,2015-07,0,5
805,2015-10,0,5
805,2016-02,0,5
805,2016-06,0,5
805,2016-10,0,5
805,2017-02,0,5
805,2017-06,0,5
805,2017-10,0,5
806,2015-04,1,5
806,2015-07,1,5
806,2015-10,1,5
806,2016-02,1,5
806,2016-06,1,5
806,2016-10,1,5
806,2017-02,1,5
806,2017-06,1,5
806,2017-10,1,5
807,2015-04,1,5
807,2015-07,1,5
807,2015-10,1,5
807,2016-02,1,5
807,2016-06,1,5
807,2016-10,1,5
807,2017-02,1,5
807,2017-06,1,5
807,2017-10,1,5
808,2015-04,1,5
808,2015-07,1,5
808,2015-10,1,5
808,2016-02,1,5
808,2016-06,1,5
808,2016-10,1,5
808,2017-02,1,5
808,2017-06,1,5
808,2017-10,1,5
809,2015-04,1,5
809,2015-07,1,5
809,2015-10,1,5
809,2016-02,1,5
809,2016-06,1,5
809,2016-10,1,5
809,2017-02,1,5
809,2017-06,1,5
809,2017-10,1,5
810,2015-04,1,5
810,2015-07,1,5
810,2015-10,1,5
810,2016-02,1,5
810,2016-06,1,5
810,2016-10,1,5
810,2017-02,1,5
810,2017-06,1,5
810,2017-10,1,5
811,2015-04,1,5
811,2015-07,1,5
811,2015-10,1,5
811,2016-02,1,5
811,2016-06,1,5
811,2016-10,1,5
811,2017-02,1,5
811,2017-06,1,5
811,2017-10,1,5
812,2015-04,1,5
812,2015-07,1,5
812,2015-10,1,5
812,2016-02,1,5
812,2016-06,1,5
812,2016-10,1,5
812,2017-02,1,5
812,2017-06,1,5
812,2017-10,1,5
813,2015-04,0,5
813,2015-07,0,5
813,2015-10,0,5
813,2016-02,0,5
813,2016-06,0,5
813,2016-10,0,5
813,2017-02,0,5
813,2017-06,0,5
813,2017-10,0,5
814,2015-04,0,5
814,2015-07,0,5
814,2015-10,0,5
814,2016-02,0,5
814,2016-06,0,5
814,2016-10,0,5
814,2017-02,0,5
814,2017-06,0,5
814,2017-10,0,5
815,2015-04,0,5
815,2015-07,0,5
815,2015-10,0,5
815,2016-02,0,5
815,2016-06,0,5
815,2016-10,0,5
815,2017-02,0,5
815,2017-06,0,5
815,2017-10,0,5
816,2015-04,0,5
816,2015-07,0,5
816,2015-10,0,5
816,2016-02,0,5
816,2016-06,0,5
816,2016-10,0,5
816,2017-02,0,5
816,2017-06,0,5
816,2017-10,0,5
817,2015-04,0,5
817,2015-07,0,5
817,2015-10,0,5
817,2016-02,0,5
817,2016-06,0,5
817,2016-10,0,5
817,2017-02,0,5
817,2017-06,0,5
817,2017-10,0,5
818,2015-04,0,5
818,2015-07,0,5
818,2015-10,0,5
818,2016-02,0,5
818,2016-06,0,5
818,2016-10,0,5
818,2017-02,0,5
818,2017-06,0,5
818,2017-10,0,5
819,2015-04,0,5
819,2015-07,0,5
819,2015-10,0,5
819,2016-02,0,5
819,2016-06,0,5
819,2016-10,0,5
819,2017-02,0,5
819,2017-06,0,5
819,2017-10,0,5
820,2015-04,0,5
820,2015-07,0,5
820,2015-10,0,5
820,2016-02,0,5
820,2016-06,0,5
820,2016-10,0,5
820,2017-02,0,5
820,2017-06,0,5
820,2017-10,0,5
821,2015-04,0,5
821,2015-07,0,5
821,2015-10,0,5
821,2016-02,0,5
821,2016-06,0,5
821,2016-10,0,5
821,2017-02,0,5
821,2017-06,0,5
821,2017-10,0,5
822,2015-04,0,5
822,2015-07,0,5
822,2015-10,0,5
822,2016-02,0,5
822,2016-06,0,5
822,2016-10,0,5
822,2017-02,0,5
822,2017-06,0,5
822,2017-10,0,5
823,2015-04,0,5
823,2015-07,0,5
823,2015-10,0,5
823,2016-02,0,5
823,2016-06,0,5
823,2016-10,0,5
823,2017-02,0,5
823,2017-06,0,5
823,2017-10,0,5
824,2015-04,0,5
824,2015-07,0,5
824,2015-10,0,5
824,2016-02,0,5
824,2016-06,0,5
824,2016-10,0,5
824,2017-02,0,5
824,2017-06,0,5
824,2017-10,0,5
825,2015-04,0,5
825,2015-07,0,5
825,2015-10,0,5
825,2016-02,0,5
825,2016-06,0,5
825,2016-10,0,5
825,2017-02,0,5
825,2017-06,0,5
825,2017-10,0,5
826,2015-04,0,5
826,2015-07,0,5
826,2015-10,0,5
826,2016-02,0,5
826,2016-06,0,5
826,2016-10,0,5
826,2017-02,0,5
826,2017-06,0,5
826,2017-10,0,5
827,2015-04,0,5
827,2015-07,0,5
827,2015-10,0,5
827,2016-02,0,5
827,2016-06,0,5
827,2016-10,0,5
827,2017-02,0,5
827,2017-06,0,5
827,2017-10,0,5
828,2015-04,0,5
828,2015-07,0,5
828,2015-10,0,5
828,2016-02,0,5
828,2016-06,0,5
828,2016-10,0,5
828,2017-02,0,5
828,2017-06,0,5
828,2017-10,0,5
829,2015-04,0,5
829,2015-07,0,5
829,2015-10,0,5
829,2016-02,0,5
829,2016-06,1,5
829,2016-10,0,5
829,2017-02,0,5
829,2017-06,1,5
829,2017-10,0,5
830,2015-04,0,5
830,2015-07,0,5
830,2015-10,0,5
830,2016-02,0,5
830,2016-06,0,5
830,2016-10,0,5
830,2017-02,0,5
830,2017-06,0,5
830,2017-10,0,5
831,2015-04,0,5
831,2015-07,0,5
831,2015-10,0,5
831,2016-02,0,5
831,2016-06,0,5
831,2016-10,0,5
831,2017-02,0,5
831,2017-06,0,5
831,2017-10,0,5
832,2015-04,0,5
832,2015-07,0,5
832,2015-10,0,5
832,2016-02,0,5
832,2016-06,0,5
832,2016-10,0,5
832,2017-02,0,5
832,2017-06,0,5
832,2017-10,0,5
833,2015-04,0,5
833,2015-07,0,5
833,2015-10,0,5
833,2016-02,0,5
833,2016-06,0,5
833,2016-10,0,5
833,2017-02,0,5
833,2017-06,0,5
833,2017-10,0,5
834,2015-04,0,5
834,2015-07,0,5
834,2015-10,0,5
834,2016-02,0,5
834,2016-06,0,5
834,2016-10,0,5
834,2017-02,0,5
834,2017-06,0,5
834,2017-10,0,5
835,2015-04,0,5
835,2015-07,0,5
835,2015-10,0,5
835,2016-02,0,5
835,2016-06,0,5
835,2016-10,0,5
835,2017-02,0,5
835,2017-06,0,5
835,2017-10,0,5
836,2015-04,0,5
836,2015-07,0,5
836,2015-10,0,5
836,2016-02,0,5
836,2016-06,0,5
836,2016-10,0,5
836,2017-02,0,5
836,2017-06,0,5
836,2017-10,0,5
837,2015-04,0,5
837,2015-07,0,5
837,2015-10,0,5
837,2016-02,0,5
837,2016-06,0,5
837,2016-10,0,5
837,2017-02,0,5
837,2017-06,0,5
837,2017-10,0,5
838,2015-04,0,5
838,2015-07,0,5
838,2015-10,0,5
838,2016-02,0,5
838,2016-06,0,5
838,2016-10,0,5
838,2017-02,0,5
838,2017-06,0,5
838,2017-10,0,5
839,2015-04,0,5
839,2015-07,0,5
839,2015-10,0,5
839,2016-02,0,5
839,2016-06,0,5
839,2016-10,0,5
839,2017-02,0,5
839,2017-06,0,5
839,2017-10,0,5
840,2015-04,0,5
840,2015-07,0,5
840,2015-10,0,5
840,2016-02,0,5
840,2016-06,0,5
840,2016-10,0,5
840,2017-02,0,5
840,2017-06,0,5
840,2017-10,0,5
841,2015-04,0,5
841,2015-07,0,5
841,2015-10,0,5
841,2016-02,0,5
841,2016-06,0,5
841,2016-10,0,5
841,2017-02,0,5
841,2017-06,0,5
841,2017-10,0,5
842,2015-04,0,5
842,2015-07,0,5
842,2015-10,0,5
842,2016-02,0,5
842,2016-06,0,5
842,2016-10,0,5
842,2017-02,0,5
842,2017-06,0,5
842,2017-10,0,5
843,2015-04,0,5
843,2015-07,0,5
843,2015-10,0,5
843,2016-02,0,5
843,2016-06,0,5
843,2016-10,0,5
843,2017-02,0,5
843,2017-06,0,5
843,2017-10,0,5
844,2015-04,0,5
844,2015-07,0,5
844,2015-10,0,5
844,2016-02,0,5
844,2016-06,0,5
844,2016-10,0,5
844,2017-02,0,5
844,2017-06,0,5
844,2017-10,0,5
845,2015-04,0,5
845,2015-07,0,5
845,2015-10,0,5
845,2016-02,0,5
845,2016-06,0,5
845,2016-10,0,5
845,2017-02,0,5
845,2017-06,0,5
845,2017-10,0,5
846,2015-04,0,5
846,2015-07,0,5
846,2015-10,0,5
846,2016-02,0,5
846,2016-06,0,5
846,2016-10,0,5
846,2017-02,0,5
846,2017-06,0,5
846,2017-10,0,5
847,2015-04,0,5
847,2015-07,0,5
847,2015-10,0,5
847,2016-02,0,5
847,2016-06,0,5
847,2016-10,0,5
847,2017-02,0,5
847,2017-06,0,5
847,2017-10,0,5
848,2015-04,0,5
848,2015-07,0,5
848,2015-10,0,5
848,2016-02,0,5
848,2016-06,0,5
848,2016-10,0,5
848,2017-02,0,5
848,2017-06,0,5
848,2017-10,0,5
849,2015-04,0,5
849,2015-07,0,5
849,2015-10,0,5
849,2016-02,0,5
849,2016-06,0,5
849,2016-10,0,5
849,2017-02,0,5
849,2017-06,0,5
849,2017-10,0,5
850,2015-04,0,5
850,2015-07,0,5
850,2015-10,0,5
850,2016-02,0,5
850,2016-06,0,5
850,2016-10,0,5
850,2017-02,0,5
850,2017-06,0,5
850,2017-10,0,5
851,2015-04,0,5
851,2015-07,0,5
851,2015-10,0,5
851,2016-02,0,5
851,2016-06,0,5
851,2016-10,0,5
851,2017-02,0,5
851,2017-06,0,5
851,2017-10,0,5
852,2015-04,0,5
852,2015-07,0,5
852,2015-10,0,5
852,2016-02,0,5
852,2016-06,0,5
852,2016-10,0,5
852,2017-02,0,5
852,2017-06,0,5
852,2017-10,0,5
853,2015-04,0,5
853,2015-07,0,5
853,2015-10,0,5
853,2016-02,0,5
853,2016-06,0,5
853,2016-10,0,5
853,2017-02,0,5
853,2017-06,0,5
853,2017-10,0,5
854,2015-04,0,5
854,2015-07,0,5
854,2015-10,0,5
854,2016-02,0,5
854,2016-06,0,5
854,2016-10,0,5
854,2017-02,0,5
854,2017-06,0,5
854,2017-10,0,5
855,2015-04,0,5
855,2015-07,0,5
855,2015-10,0,5
855,2016-02,0,5
855,2016-06,0,5
855,2016-10,0,5
855,2017-02,0,5
855,2017-06,0,5
855,2017-10,0,5
856,2015-04,0,5
856,2015-07,0,5
856,2015-10,0,5
856,2016-02,0,5
856,2016-06,0,5
856,2016-10,0,5
856,2017-02,0,5
856,2017-06,0,5
856,2017-10,0,5
857,2015-04,0,5
857,2015-07,0,5
857,2015-10,0,5
857,2016-02,0,5
857,2016-06,0,5
857,2016-10,0,5
857,2017-02,0,5
857,2017-06,0,5
857,2017-10,0,5
858,2015-04,0,5
858,2015-07,0,5
858,2015-10,0,5
858,2016-02,0,5
858,2016-06,0,5
858,2016-10,0,5
858,2017-02,0,5
858,2017-06,0,5
858,2017-10,0,5
859,2015-04,0,5
859,2015-07,0,5
859,2015-10,0,5
859,2016-02,0,5
859,2016-06,0,5
859,2016-10,0,5
859,2017-02,0,5
859,2017-06,0,5
859,2017-10,0,5
860,2015-04,0,5
860,2015-07,0,5
860,2015-10,0,5
860,2016-02,0,5
860,2016-06,0,5
860,2016-10,0,5
860,2017-02,0,5
860,2017-06,0,5
860,2017-10,0,5
861,2015-04,0,5
861,2015-07,0,5
861,2015-10,0,5
861,2016-02,0,5
861,2016-06,0,5
861,2016-10,0,5
861,2017-02,0,5
861,2017-06,0,5
861,2017-10,0,5
862,2015-04,0,5
862,2015-07,0,5
862,2015-10,0,5
862,2016-02,0,5
862,2016-06,0,5
862,2016-10,0,5
862,2017-02,0,5
862,2017-06,0,5
862,2017-10,0,5
863,2015-04,0,5
863,2015-07,0,5
863,2015-10,0,5
863,2016-02,0,5
863,2016-06,0,5
863,2016-10,0,5
863,2017-02,0,5
863,2017-06,0,5
863,2017-10,0,5
864,2015-04,0,5
864,2015-07,0,5
864,2015-10,0,5
864,2016-02,0,5
864,2016-06,0,5
864,2016-10,0,5
864,2017-02,0,5
864,2017-06,0,5
864,2017-10,0,5
865,2015-04,0,5
865,2015-07,0,5
865,2015-10,0,5
865,2016-02,0,5
865,2016-06,0,5
865,2016-10,0,5
865,2017-02,0,5
865,2017-06,0,5
865,2017-10,0,5
866,2015-04,0,5
866,2015-07,0,5
866,2015-10,0,5
866,2016-02,0,5
866,2016-06,0,5
866,2016-10,0,5
866,2017-02,0,5
866,2017-06,0,5
866,2017-10,0,5
867,2015-04,0,5
867,2015-07,0,5
867,2015-10,0,5
867,2016-02,0,5
867,2016-06,0,5
867,2016-10,0,5
867,2017-02,0,5
867,2017-06,0,5
867,2017-10,0,5
868,2015-04,1,5
868,2015-07,1,5
868,2015-10,1,5
868,2016-02,1,5
868,2016-06,1,5
868,2016-10,1,5
868,2017-02,1,5
868,2017-06,1,5
868,2017-10,1,5
869,2015-04,0,5
869,2015-07,0,5
869,2015-10,0,5
869,2016-02,0,5
869,2016-06,1,5
869,2016-10,0,5
869,2017-02,1,5
869,2017-06,1,5
869,2017-10,0,5
870,2015-04,1,5
870,2015-07,1,5
870,2015-10,1,5
870,2016-02,1,5
870,2016-06,1,5
870,2016-10,1,5
870,2017-02,1,5
870,2017-06,1,5
870,2017-10,1,5
871,2015-04,0,5
871,2015-07,0,5
871,2015-10,0,5
871,2016-02,0,5
871,2016-06,1,5
871,2016-10,0,5
871,2017-02,1,5
871,2017-06,1,5
871,2017-10,1,5
872,2015-04,0,5
872,2015-07,0,5
872,2015-10,0,5
872,2016-02,0,5
872,2016-06,0,5
872,2016-10,0,5
872,2017-02,0,5
872,2017-06,0,5
872,2017-10,0,5
873,2015-04,0,5
873,2015-07,0,5
873,2015-10,0,5
873,2016-02,0,5
873,2016-06,0,5
873,2016-10,0,5
873,2017-02,0,5
873,2017-06,0,5
873,2017-10,0,5
874,2015-04,1,5
874,2015-07,1,5
874,2015-10,1,5
874,2016-02,1,5
874,2016-06,1,5
874,2016-10,1,5
874,2017-02,1,5
874,2017-06,1,5
874,2017-10,1,5
875,2015-04,1,5
875,2015-07,1,5
875,2015-10,1,5
875,2016-02,1,5
875,2016-06,1,5
875,2016-10,1,5
875,2017-02,1,5
875,2017-06,1,5
875,2017-10,1,5
876,2015-04,0,5
876,2015-07,0,5
876,2015-10,0,5
876,2016-02,0,5
876,2016-06,0,5
876,2016-10,0,5
876,2017-02,0,5
876,2017-06,0,5
876,2017-10,0,5
877,2015-04,0,5
877,2015-07,0,5
877,2015-10,0,5
877,2016-02,0,5
877,2016-06,0,5
877,2016-10,0,5
877,2017-02,0,5
877,2017-06,0,5
877,2017-10,0,5
878,2015-04,0,5
878,2015-07,0,5
878,2015-10,0,5
878,2016-02,0,5
878,2016-06,0,5
878,2016-10,0,5
878,2017-02,0,5
878,2017-06,0,5
878,2017-10,0,5
879,2015-04,0,5
879,2015-07,0,5
879,2015-10,0,5
879,2016-02,0,5
879,2016-06,0,5
879,2016-10,0,5
879,2017-02,0,5
879,2017-06,0,5
879,2017-10,0,5
880,2015-04,0,5
880,2015-07,0,5
880,2015-10,0,5
880,2016-02,0,5
880,2016-06,0,5
880,2016-10,0,5
880,2017-02,0,5
880,2017-06,0,5
880,2017-10,0,5
881,2015-04,0,5
881,2015-07,0,5
881,2015-10,0,5
881,2016-02,0,5
881,2016-06,0,5
881,2016-10,0,5
881,2017-02,0,5
881,2017-06,0,5
881,2017-10,0,5
882,2015-04,0,5
882,2015-07,0,5
882,2015-10,0,5
882,2016-02,0,5
882,2016-06,0,5
882,2016-10,0,5
882,2017-02,0,5
882,2017-06,0,5
882,2017-10,0,5
883,2015-04,0,5
883,2015-07,1,5
883,2015-10,0,5
883,2016-02,0,5
883,2016-06,0,5
883,2016-10,0,5
883,2017-02,0,5
883,2017-06,0,5
883,2017-10,0,5
884,2015-04,0,5
884,2015-07,1,5
884,2015-10,0,5
884,2016-02,0,5
884,2016-06,0,5
884,2016-10,0,5
884,2017-02,0,5
884,2017-06,0,5
884,2017-10,0,5
885,2015-04,0,5
885,2015-07,0,5
885,2015-10,0,5
885,2016-02,0,5
885,2016-06,0,5
885,2016-10,0,5
885,2017-02,0,5
885,2017-06,0,5
885,2017-10,0,5
886,2015-04,0,5
886,2015-07,0,5
886,2015-10,0,5
886,2016-02,0,5
886,2016-06,0,5
886,2016-10,0,5
886,2017-02,0,5
886,2017-06,0,5
886,2017-10,0,5
887,2015-04,0,5
887,2015-07,0,5
887,2015-10,0,5
887,2016-02,0,5
887,2016-06,0,5
887,2016-10,0,5
887,2017-02,0,5
887,2017-06,0,5
887,2017-10,0,5
888,2015-04,0,5
888,2015-07,0,5
888,2015-10,0,5
888,2016-02,0,5
888,2016-06,0,5
888,2016-10,0,5
888,2017-02,0,5
888,2017-06,0,5
888,2017-10,0,5
889,2015-04,0,5
889,2015-07,0,5
889,2015-10,0,5
889,2016-02,0,5
889,2016-06,0,5
889,2016-10,0,5
889,2017-02,0,5
889,2017-06,0,5
889,2017-10,0,5
890,2015-04,0,5
890,2015-07,0,5
890,2015-10,0,5
890,2016-02,0,5
890,2016-06,0,5
890,2016-10,0,5
890,2017-02,0,5
890,2017-06,0,5
890,2017-10,0,5
891,2015-04,0,5
891,2015-07,0,5
891,2015-10,0,5
891,2016-02,0,5
891,2016-06,0,5
891,2016-10,0,5
891,2017-02,0,5
891,2017-06,0,5
891,2017-10,0,5
892,2015-04,0,5
892,2015-07,0,5
892,2015-10,0,5
892,2016-02,0,5
892,2016-06,0,5
892,2016-10,0,5
892,2017-02,0,5
892,2017-06,0,5
892,2017-10,0,5
893,2015-04,1,5
893,2015-07,1,5
893,2015-10,1,5
893,2016-02,1,5
893,2016-06,1,5
893,2016-10,1,5
893,2017-02,1,5
893,2017-06,1,5
893,2017-10,1,5
894,2015-04,0,5
894,2015-07,1,5
894,2015-10,0,5
894,2016-02,0,5
894,2016-06,0,5
894,2016-10,0,5
894,2017-02,0,5
894,2017-06,0,5
894,2017-10,0,5
895,2015-04,0,5
895,2015-07,0,5
895,2015-10,0,5
895,2016-02,0,5
895,2016-06,0,5
895,2016-10,0,5
895,2017-02,0,5
895,2017-06,0,5
895,2017-10,0,5
896,2015-04,1,5
896,2015-07,1,5
896,2015-10,1,5
896,2016-02,1,5
896,2016-06,1,5
896,2016-10,1,5
896,2017-02,1,5
896,2017-06,1,5
896,2017-10,1,5
897,2015-04,0,5
897,2015-07,0,5
897,2015-10,0,5
897,2016-02,0,5
897,2016-06,0,5
897,2016-10,0,5
897,2017-02,0,5
897,2017-06,0,5
897,2017-10,0,5
898,2015-04,1,5
898,2015-07,1,5
898,2015-10,1,5
898,2016-02,1,5
898,2016-06,1,5
898,2016-10,1,5
898,2017-02,1,5
898,2017-06,1,5
898,2017-10,1,5
899,2015-04,1,5
899,2015-07,1,5
899,2015-10,1,5
899,2016-02,1,5
899,2016-06,1,5
899,2016-10,1,5
899,2017-02,1,5
899,2017-06,1,5
899,2017-10,1,5
900,2015-04,1,5
900,2015-07,1,5
900,2015-10,0,5
900,2016-02,0,5
900,2016-06,0,5
900,2016-10,0,5
900,2017-02,0,5
900,2017-06,0,5
900,2017-10,0,5
901,2015-04,1,5
901,2015-07,1,5
901,2015-10,1,5
901,2016-02,0,5
901,2016-06,0,5
901,2016-10,1,5
901,2017-02,1,5
901,2017-06,1,5
901,2017-10,1,5
902,2015-04,1,5
902,2015-07,1,5
902,2015-10,0,5
902,2016-02,0,5
902,2016-06,0,5
902,2016-10,0,5
902,2017-02,0,5
902,2017-06,0,5
902,2017-10,0,5
903,2015-04,1,5
903,2015-07,1,5
903,2015-10,1,5
903,2016-02,1,5
903,2016-06,1,5
903,2016-10,1,5
903,2017-02,1,5
903,2017-06,1,5
903,2017-10,1,5
904,2015-04,1,5
904,2015-07,1,5
904,2015-10,1,5
904,2016-02,1,5
904,2016-06,1,5
904,2016-10,1,5
904,2017-02,0,5
904,2017-06,0,5
904,2017-10,1,5
905,2015-04,0,5
905,2015-07,1,5
905,2015-10,0,5
905,2016-02,0,5
905,2016-06,1,5
905,2016-10,0,5
905,2017-02,0,5
905,2017-06,0,5
905,2017-10,0,5
906,2015-04,0,5
906,2015-07,1,5
906,2015-10,0,5
906,2016-02,0,5
906,2016-06,1,5
906,2016-10,0,5
906,2017-02,0,5
906,2017-06,0,5
906,2017-10,0,5
907,2015-04,1,5
907,2015-07,1,5
907,2015-10,1,5
907,2016-02,1,5
907,2016-06,1,5
907,2016-10,0,5
907,2017-02,1,5
907,2017-06,1,5
907,2017-10,1,5
908,2015-04,1,5
908,2015-07,1,5
908,2015-10,1,5
908,2016-02,1,5
908,2016-06,1,5
908,2016-10,1,5
908,2017-02,1,5
908,2017-06,1,5
908,2017-10,1,5
909,2015-04,0,5
909,2015-07,0,5
909,2015-10,0,5
909,2016-02,0,5
909,2016-06,0,5
909,2016-10,0,5
909,2017-02,0,5
909,2017-06,0,5
909,2017-10,0,5
910,2015-04,1,5
910,2015-07,1,5
910,2015-10,1,5
910,2016-02,1,5
910,2016-06,1,5
910,2016-10,1,5
910,2017-02,1,5
910,2017-06,1,5
910,2017-10,1,5
911,2015-04,1,5
911,2015-07,1,5
911,2015-10,1,5
911,2016-02,1,5
911,2016-06,1,5
911,2016-10,1,5
911,2017-02,1,5
911,2017-06,1,5
911,2017-10,1,5
912,2015-04,0,5
912,2015-07,1,5
912,2015-10,1,5
912,2016-02,0,5
912,2016-06,1,5
912,2016-10,0,5
912,2017-02,0,5
912,2017-06,0,5
912,2017-10,0,5
913,2015-04,0,5
913,2015-07,1,5
913,2015-10,0,5
913,2016-02,0,5
913,2016-06,1,5
913,2016-10,0,5
913,2017-02,0,5
913,2017-06,0,5
913,2017-10,0,5
914,2015-04,1,5
914,2015-07,1,5
914,2015-10,1,5
914,2016-02,1,5
914,2016-06,1,5
914,2016-10,1,5
914,2017-02,1,5
914,2017-06,1,5
914,2017-10,1,5
915,2015-04,1,5
915,2015-07,1,5
915,2015-10,1,5
915,2016-02,0,5
915,2016-06,0,5
915,2016-10,1,5
915,2017-02,1,5
915,2017-06,1,5
915,2017-10,1,5
916,2015-04,0,5
916,2015-07,1,5
916,2015-10,0,5
916,2016-02,0,5
916,2016-06,1,5
916,2016-10,0,5
916,2017-02,0,5
916,2017-06,0,5
916,2017-10,0,5
917,2015-04,1,5
917,2015-07,1,5
917,2015-10,1,5
917,2016-02,1,5
917,2016-06,1,5
917,2016-10,1,5
917,2017-02,1,5
917,2017-06,1,5
917,2017-10,1,5
918,2015-04,0,5
918,2015-07,0,5
918,2015-10,1,5
918,2016-02,0,5
918,2016-06,1,5
918,2016-10,0,5
918,2017-02,1,5
918,2017-06,1,5
918,2017-10,0,5
919,2015-04,0,5
919,2015-07,0,5
919,2015-10,0,5
919,2016-02,0,5
919,2016-06,0,5
919,2016-10,0,5
919,2017-02,0,5
919,2017-06,0,5
919,2017-10,0,5
920,2015-04,0,5
920,2015-07,0,5
920,2015-10,0,5
920,2016-02,0,5
920,2016-06,1,5
920,2016-10,0,5
920,2017-02,1,5
920,2017-06,1,5
920,2017-10,0,5
921,2015-04,0,5
921,2015-07,1,5
921,2015-10,0,5
921,2016-02,1,5
921,2016-06,1,5
921,2016-10,0,5
921,2017-02,1,5
921,2017-06,1,5
921,2017-10,0,5
922,2015-04,0,5
922,2015-07,0,5
922,2015-10,0,5
922,2016-02,0,5
922,2016-06,1,5
922,2016-10,0,5
922,2017-02,0,5
922,2017-06,1,5
922,2017-10,0,5
923,2015-04,0,5
923,2015-07,0,5
923,2015-10,0,5
923,2016-02,0,5
923,2016-06,0,5
923,2016-10,0,5
923,2017-02,0,5
923,2017-06,0,5
923,2017-10,0,5
924,2015-04,0,5
924,2015-07,0,5
924,2015-10,0,5
924,2016-02,0,5
924,2016-06,1,5
924,2016-10,0,5
924,2017-02,0,5
924,2017-06,1,5
924,2017-10,0,5
925,2015-04,0,5
925,2015-07,0,5
925,2015-10,0,5
925,2016-02,0,5
925,2016-06,1,5
925,2016-10,0,5
925,2017-02,0,5
925,2017-06,1,5
925,2017-10,0,5
926,2015-04,1,5
926,2015-07,1,5
926,2015-10,1,5
926,2016-02,1,5
926,2016-06,1,5
926,2016-10,1,5
926,2017-02,1,5
926,2017-06,1,5
926,2017-10,1,5
927,2015-04,0,5
927,2015-07,0,5
927,2015-10,0,5
927,2016-02,0,5
927,2016-06,1,5
927,2016-10,0,5
927,2017-02,0,5
927,2017-06,1,5
927,2017-10,0,5
928,2015-04,0,5
928,2015-07,0,5
928,2015-10,0,5
928,2016-02,0,5
928,2016-06,1,5
928,2016-10,0,5
928,2017-02,1,5
928,2017-06,1,5
928,2017-10,1,5
929,2015-04,0,5
929,2015-07,0,5
929,2015-10,0,5
929,2016-02,0,5
929,2016-06,1,5
929,2016-10,0,5
929,2017-02,1,5
929,2017-06,1,5
929,2017-10,1,5
930,2015-04,0,5
930,2015-07,0,5
930,2015-10,0,5
930,2016-02,0,5
930,2016-06,0,5
930,2016-10,0,5
930,2017-02,0,5
930,2017-06,0,5
930,2017-10,0,5
931,2015-04,0,5
931,2015-07,0,5
931,2015-10,0,5
931,2016-02,0,5
931,2016-06,0,5
931,2016-10,0,5
931,2017-02,0,5
931,2017-06,0,5
931,2017-10,0,5
932,2015-04,0,5
932,2015-07,0,5
932,2015-10,0,5
932,2016-02,0,5
932,2016-06,0,5
932,2016-10,0,5
932,2017-02,0,5
932,2017-06,0,5
932,2017-10,0,5
933,2015-04,0,5
933,2015-07,0,5
933,2015-10,0,5
933,2016-02,0,5
933,2016-06,0,5
933,2016-10,0,5
933,2017-02,0,5
933,2017-06,0,5
933,2017-10,0,5
934,2015-04,0,5
934,2015-07,0,5
934,2015-10,0,5
934,2016-02,0,5
934,2016-06,0,5
934,2016-10,0,5
934,2017-02,0,5
934,2017-06,0,5
934,2017-10,0,5
935,2015-04,0,5
935,2015-07,0,5
935,2015-10,0,5
935,2016-02,0,5
935,2016-06,0,5
935,2016-10,0,5
935,2017-02,0,5
935,2017-06,0,5
935,2017-10,0,5
936,2015-04,0,5
936,2015-07,0,5
936,2015-10,0,5
936,2016-02,0,5
936,2016-06,0,5
936,2016-10,0,5
936,2017-02,0,5
936,2017-06,0,5
936,2017-10,0,5
937,2015-04,0,5
937,2015-07,0,5
937,2015-10,0,5
937,2016-02,0,5
937,2016-06,0,5
937,2016-10,0,5
937,2017-02,0,5
937,2017-06,0,5
937,2017-10,0,5
938,2015-04,0,5
938,2015-07,0,5
938,2015-10,0,5
938,2016-02,0,5
938,2016-06,0,5
938,2016-10,0,5
938,2017-02,0,5
938,2017-06,0,5
938,2017-10,0,5
939,2015-04,0,5
939,2015-07,0,5
939,2015-10,0,5
939,2016-02,0,5
939,2016-06,0,5
939,2016-10,0,5
939,2017-02,0,5
939,2017-06,0,5
939,2017-10,0,5
940,2015-04,0,5
940,2015-07,0,5
940,2015-10,0,5
940,2016-02,0,5
940,2016-06,0,5
940,2016-10,0,5
940,2017-02,0,5
940,2017-06,0,5
940,2017-10,0,5
941,2015-04,0,5
941,2015-07,0,5
941,2015-10,0,5
941,2016-02,0,5
941,2016-06,0,5
941,2016-10,0,5
941,2017-02,0,5
941,2017-06,0,5
941,2017-10,0,5
942,2015-04,0,5
942,2015-07,0,5
942,2015-10,0,5
942,2016-02,0,5
942,2016-06,0,5
942,2016-10,0,5
942,2017-02,0,5
942,2017-06,0,5
942,2017-10,0,5
943,2015-04,0,5
943,2015-07,0,5
943,2015-10,0,5
943,2016-02,0,5
943,2016-06,0,5
943,2016-10,0,5
943,2017-02,0,5
943,2017-06,0,5
943,2017-10,0,5
944,2015-04,0,5
944,2015-07,0,5
944,2015-10,0,5
944,2016-02,0,5
944,2016-06,0,5
944,2016-10,0,5
944,2017-02,0,5
944,2017-06,0,5
944,2017-10,0,5
945,2015-04,0,5
945,2015-07,0,5
945,2015-10,0,5
945,2016-02,0,5
945,2016-06,0,5
945,2016-10,0,5
945,2017-02,0,5
945,2017-06,0,5
945,2017-10,0,5
946,2015-04,0,5
946,2015-07,0,5
946,2015-10,0,5
946,2016-02,0,5
946,2016-06,0,5
946,2016-10,0,5
946,2017-02,0,5
946,2017-06,0,5
946,2017-10,0,5
947,2015-04,0,5
947,2015-07,0,5
947,2015-10,0,5
947,2016-02,0,5
947,2016-06,0,5
947,2016-10,0,5
947,2017-02,0,5
947,2017-06,0,5
947,2017-10,0,5
948,2015-04,0,5
948,2015-07,0,5
948,2015-10,0,5
948,2016-02,0,5
948,2016-06,0,5
948,2016-10,0,5
948,2017-02,0,5
948,2017-06,0,5
948,2017-10,0,5
949,2015-04,0,5
949,2015-07,0,5
949,2015-10,0,5
949,2016-02,0,5
949,2016-06,0,5
949,2016-10,0,5
949,2017-02,0,5
949,2017-06,0,5
949,2017-10,0,5
950,2015-04,0,5
950,2015-07,0,5
950,2015-10,0,5
950,2016-02,0,5
950,2016-06,0,5
950,2016-10,0,5
950,2017-02,0,5
950,2017-06,0,5
950,2017-10,0,5
951,2015-04,0,5
951,2015-07,0,5
951,2015-10,0,5
951,2016-02,0,5
951,2016-06,0,5
951,2016-10,0,5
951,2017-02,0,5
951,2017-06,0,5
951,2017-10,0,5
952,2015-04,0,5
952,2015-07,0,5
952,2015-10,0,5
952,2016-02,0,5
952,2016-06,0,5
952,2016-10,0,5
952,2017-02,0,5
952,2017-06,0,5
952,2017-10,0,5
953,2015-04,0,5
953,2015-07,0,5
953,2015-10,0,5
953,2016-02,0,5
953,2016-06,0,5
953,2016-10,0,5
953,2017-02,0,5
953,2017-06,0,5
953,2017-10,0,5
954,2015-04,0,5
954,2015-07,0,5
954,2015-10,0,5
954,2016-02,0,5
954,2016-06,0,5
954,2016-10,0,5
954,2017-02,0,5
954,2017-06,0,5
954,2017-10,0,5
955,2015-04,0,5
955,2015-07,0,5
955,2015-10,0,5
955,2016-02,0,5
955,2016-06,0,5
955,2016-10,0,5
955,2017-02,0,5
955,2017-06,0,5
955,2017-10,0,5
956,2015-04,0,5
956,2015-07,0,5
956,2015-10,0,5
956,2016-02,0,5
956,2016-06,0,5
956,2016-10,0,5
956,2017-02,0,5
956,2017-06,0,5
956,2017-10,0,5
957,2015-04,0,5
957,2015-07,0,5
957,2015-10,0,5
957,2016-02,0,5
957,2016-06,0,5
957,2016-10,0,5
957,2017-02,0,5
957,2017-06,0,5
957,2017-10,0,5
958,2015-04,0,5
958,2015-07,0,5
958,2015-10,0,5
958,2016-02,0,5
958,2016-06,0,5
958,2016-10,0,5
958,2017-02,0,5
958,2017-06,0,5
958,2017-10,0,5
959,2015-04,0,5
959,2015-07,0,5
959,2015-10,0,5
959,2016-02,0,5
959,2016-06,0,5
959,2016-10,0,5
959,2017-02,0,5
959,2017-06,0,5
959,2017-10,0,5
960,2015-04,0,5
960,2015-07,0,5
960,2015-10,0,5
960,2016-02,0,5
960,2016-06,0,5
960,2016-10,0,5
960,2017-02,0,5
960,2017-06,0,5
960,2017-10,0,5
961,2015-04,0,5
961,2015-07,0,5
961,2015-10,0,5
961,2016-02,0,5
961,2016-06,0,5
961,2016-10,0,5
961,2017-02,0,5
961,2017-06,0,5
961,2017-10,0,5
962,2015-04,0,5
962,2015-07,0,5
962,2015-10,0,5
962,2016-02,0,5
962,2016-06,0,5
962,2016-10,0,5
962,2017-02,0,5
962,2017-06,0,5
962,2017-10,0,5
963,2015-04,0,5
963,2015-07,0,5
963,2015-10,0,5
963,2016-02,0,5
963,2016-06,0,5
963,2016-10,0,5
963,2017-02,0,5
963,2017-06,0,5
963,2017-10,0,5
964,2015-04,0,5
964,2015-07,0,5
964,2015-10,0,5
964,2016-02,0,5
964,2016-06,0,5
964,2016-10,0,5
964,2017-02,0,5
964,2017-06,0,5
964,2017-10,0,5
965,2015-04,0,5
965,2015-07,0,5
965,2015-10,0,5
965,2016-02,0,5
965,2016-06,0,5
965,2016-10,0,5
965,2017-02,0,5
965,2017-06,0,5
965,2017-10,0,5
966,2015-04,0,5
966,2015-07,0,5
966,2015-10,0,5
966,2016-02,0,5
966,2016-06,0,5
966,2016-10,0,5
966,2017-02,0,5
966,2017-06,0,5
966,2017-10,0,5
967,2015-04,0,5
967,2015-07,0,5
967,2015-10,0,5
967,2016-02,0,5
967,2016-06,0,5
967,2016-10,0,5
967,2017-02,0,5
967,2017-06,0,5
967,2017-10,0,5
968,2015-04,0,5
968,2015-07,0,5
968,2015-10,0,5
968,2016-02,0,5
968,2016-06,0,5
968,2016-10,0,5
968,2017-02,0,5
968,2017-06,0,5
968,2017-10,0,5
969,2015-04,0,5
969,2015-07,0,5
969,2015-10,0,5
969,2016-02,0,5
969,2016-06,0,5
969,2016-10,0,5
969,2017-02,0,5
969,2017-06,0,5
969,2017-10,0,5
970,2015-04,0,5
970,2015-07,0,5
970,2015-10,0,5
970,2016-02,0,5
970,2016-06,0,5
970,2016-10,0,5
970,2017-02,0,5
970,2017-06,0,5
970,2017-10,0,5
971,2015-04,0,5
971,2015-07,0,5
971,2015-10,0,5
971,2016-02,0,5
971,2016-06,0,5
971,2016-10,0,5
971,2017-02,0,5
971,2017-06,0,5
971,2017-10,0,5
972,2015-04,0,5
972,2015-07,0,5
972,2015-10,0,5
972,2016-02,0,5
972,2016-06,0,5
972,2016-10,0,5
972,2017-02,0,5
972,2017-06,0,5
972,2017-10,0,5
973,2015-04,0,5
973,2015-07,0,5
973,2015-10,0,5
973,2016-02,0,5
973,2016-06,0,5
973,2016-10,0,5
973,2017-02,0,5
973,2017-06,0,5
973,2017-10,0,5
974,2015-04,0,5
974,2015-07,0,5
974,2015-10,0,5
974,2016-02,0,5
974,2016-06,0,5
974,2016-10,0,5
974,2017-02,0,5
974,2017-06,0,5
974,2017-10,0,5
975,2015-04,0,5
975,2015-07,0,5
975,2015-10,0,5
975,2016-02,0,5
975,2016-06,0,5
975,2016-10,0,5
975,2017-02,0,5
975,2017-06,0,5
975,2017-10,0,5
976,2015-04,0,5
976,2015-07,0,5
976,2015-10,0,5
976,2016-02,0,5
976,2016-06,0,5
976,2016-10,0,5
976,2017-02,0,5
976,2017-06,0,5
976,2017-10,0,5
977,2015-04,0,5
977,2015-07,0,5
977,2015-10,0,5
977,2016-02,0,5
977,2016-06,0,5
977,2016-10,0,5
977,2017-02,0,5
977,2017-06,0,5
977,2017-10,0,5
978,2015-04,0,5
978,2015-07,0,5
978,2015-10,0,5
978,2016-02,0,5
978,2016-06,0,5
978,2016-10,0,5
978,2017-02,0,5
978,2017-06,0,5
978,2017-10,0,5
979,2015-04,0,5
979,2015-07,0,5
979,2015-10,0,5
979,2016-02,0,5
979,2016-06,0,5
979,2016-10,0,5
979,2017-02,0,5
979,2017-06,0,5
979,2017-10,0,5
980,2015-04,0,5
980,2015-07,0,5
980,2015-10,0,5
980,2016-02,0,5
980,2016-06,1,5
980,2016-10,0,5
980,2017-02,1,5
980,2017-06,1,5
980,2017-10,0,5
981,2015-04,0,5
981,2015-07,0,5
981,2015-10,0,5
981,2016-02,0,5
981,2016-06,0,5
981,2016-10,0,5
981,2017-02,0,5
981,2017-06,0,5
981,2017-10,0,5
982,2015-04,0,5
982,2015-07,0,5
982,2015-10,0,5
982,2016-02,0,5
982,2016-06,0,5
982,2016-10,0,5
982,2017-02,0,5
982,2017-06,0,5
982,2017-10,0,5
983,2015-04,0,5
983,2015-07,0,5
983,2015-10,0,5
983,2016-02,0,5
983,2016-06,0,5
983,2016-10,0,5
983,2017-02,0,5
983,2017-06,0,5
983,2017-10,0,5
984,2015-04,0,5
984,2015-07,0,5
984,2015-10,0,5
984,2016-02,0,5
984,2016-06,0,5
984,2016-10,0,5
984,2017-02,0,5
984,2017-06,0,5
984,2017-10,0,5
985,2015-04,0,5
985,2015-07,0,5
985,2015-10,0,5
985,2016-02,0,5
985,2016-06,0,5
985,2016-10,0,5
985,2017-02,0,5
985,2017-06,0,5
985,2017-10,0,5
986,2015-04,0,5
986,2015-07,0,5
986,2015-10,0,5
986,2016-02,0,5
986,2016-06,0,5
986,2016-10,0,5
986,2017-02,0,5
986,2017-06,0,5
986,2017-10,0,5
987,2015-04,0,5
987,2015-07,0,5
987,2015-10,0,5
987,2016-02,0,5
987,2016-06,0,5
987,2016-10,0,5
987,2017-02,0,5
987,2017-06,0,5
987,2017-10,0,5
988,2015-04,0,5
988,2015-07,0,5
988,2015-10,0,5
988,2016-02,0,5
988,2016-06,0,5
988,2016-10,0,5
988,2017-02,0,5
988,2017-06,0,5
988,2017-10,0,5
989,2015-04,0,5
989,2015-07,0,5
989,2015-10,0,5
989,2016-02,0,5
989,2016-06,0,5
989,2016-10,0,5
989,2017-02,0,5
989,2017-06,0,5
989,2017-10,0,5
990,2015-04,0,5
990,2015-07,0,5
990,2015-10,0,5
990,2016-02,0,5
990,2016-06,0,5
990,2016-10,0,5
990,2017-02,0,5
990,2017-06,0,5
990,2017-10,0,5
991,2015-04,0,5
991,2015-07,0,5
991,2015-10,0,5
991,2016-02,0,5
991,2016-06,0,5
991,2016-10,0,5
991,2017-02,0,5
991,2017-06,0,5
991,2017-10,0,5
992,2015-04,0,5
992,2015-07,0,5
992,2015-10,0,5
992,2016-02,0,5
992,2016-06,0,5
992,2016-10,0,5
992,2017-02,0,5
992,2017-06,0,5
992,2017-10,0,5
993,2015-04,0,5
993,2015-07,0,5
993,2015-10,0,5
993,2016-02,0,5
993,2016-06,0,5
993,2016-10,0,5
993,2017-02,0,5
993,2017-06,0,5
993,2017-10,0,5
994,2015-04,0,5
994,2015-07,0,5
994,2015-10,0,5
994,2016-02,0,5
994,2016-06,0,5
994,2016-10,0,5
994,2017-02,0,5
994,2017-06,0,5
994,2017-10,0,5
995,2015-04,0,5
995,2015-07,0,5
995,2015-10,0,5
995,2016-02,0,5
995,2016-06,0,5
995,2016-10,0,5
995,2017-02,0,5
995,2017-06,0,5
995,2017-10,0,5
996,2015-04,0,5
996,2015-07,0,5
996,2015-10,0,5
996,2016-02,0,5
996,2016-06,0,5
996,2016-10,0,5
996,2017-02,0,5
996,2017-06,0,5
996,2017-10,0,5
997,2015-04,0,5
997,2015-07,0,5
997,2015-10,0,5
997,2016-02,0,5
997,2016-06,0,5
997,2016-10,0,5
997,2017-02,0,5
997,2017-06,0,5
997,2017-10,0,5
998,2015-04,0,5
998,2015-07,0,5
998,2015-10,0,5
998,2016-02,0,5
998,2016-06,0,5
998,2016-10,0,5
998,2017-02,0,5
998,2017-06,0,5
998,2017-10,0,5
999,2015-04,0,5
999,2015-07,0,5
999,2015-10,0,5
999,2016-02,0,5
999,2016-06,0,5
999,2016-10,0,5
999,2017-02,0,5
999,2017-06,0,5
999,2017-10,0,5
1000,2015-04,0,5
1000,2015-07,0,5
1000,2015-10,0,5
1000,2016-02,0,5
1000,2016-06,0,5
1000,2016-10,0,5
1000,2017-02,0,5
1000,2017-06,0,5
1000,2017-10,0,5
1001,2015-04,0,5
1001,2015-07,0,5
1001,2015-10,0,5
1001,2016-02,0,5
1001,2016-06,0,5
1001,2016-10,0,5
1001,2017-02,0,5
1001,2017-06,0,5
1001,2017-10,0,5
1002,2015-04,0,5
1002,2015-07,0,5
1002,2015-10,0,5
1002,2016-02,0,5
1002,2016-06,0,5
1002,2016-10,0,5
1002,2017-02,0,5
1002,2017-06,0,5
1002,2017-10,0,5
1003,2015-04,0,5
1003,2015-07,0,5
1003,2015-10,0,5
1003,2016-02,0,5
1003,2016-06,0,5
1003,2016-10,0,5
1003,2017-02,0,5
1003,2017-06,0,5
1003,2017-10,0,5
1004,2015-04,0,5
1004,2015-07,0,5
1004,2015-10,0,5
1004,2016-02,0,5
1004,2016-06,0,5
1004,2016-10,0,5
1004,2017-02,0,5
1004,2017-06,0,5
1004,2017-10,0,5
1005,2015-04,0,5
1005,2015-07,0,5
1005,2015-10,0,5
1005,2016-02,0,5
1005,2016-06,0,5
1005,2016-10,0,5
1005,2017-02,0,5
1005,2017-06,0,5
1005,2017-10,0,5
1006,2015-04,0,5
1006,2015-07,0,5
1006,2015-10,0,5
1006,2016-02,0,5
1006,2016-06,0,5
1006,2016-10,0,5
1006,2017-02,0,5
1006,2017-06,0,5
1006,2017-10,0,5
1007,2015-04,0,5
1007,2015-07,0,5
1007,2015-10,0,5
1007,2016-02,0,5
1007,2016-06,0,5
1007,2016-10,0,5
1007,2017-02,0,5
1007,2017-06,0,5
1007,2017-10,0,5
1008,2015-04,0,5
1008,2015-07,0,5
1008,2015-10,0,5
1008,2016-02,0,5
1008,2016-06,0,5
1008,2016-10,0,5
1008,2017-02,0,5
1008,2017-06,0,5
1008,2017-10,0,5
1009,2015-04,0,5
1009,2015-07,0,5
1009,2015-10,0,5
1009,2016-02,0,5
1009,2016-06,0,5
1009,2016-10,0,5
1009,2017-02,0,5
1009,2017-06,0,5
1009,2017-10,0,5
1010,2015-04,0,5
1010,2015-07,0,5
1010,2015-10,0,5
1010,2016-02,0,5
1010,2016-06,0,5
1010,2016-10,0,5
1010,2017-02,0,5
1010,2017-06,0,5
1010,2017-10,0,5
1011,2015-04,0,5
1011,2015-07,0,5
1011,2015-10,0,5
1011,2016-02,0,5
1011,2016-06,0,5
1011,2016-10,0,5
1011,2017-02,0,5
1011,2017-06,0,5
1011,2017-10,0,5
1012,2015-04,0,5
1012,2015-07,0,5
1012,2015-10,0,5
1012,2016-02,0,5
1012,2016-06,0,5
1012,2016-10,0,5
1012,2017-02,0,5
1012,2017-06,0,5
1012,2017-10,0,5
1013,2015-04,0,5
1013,2015-07,0,5
1013,2015-10,0,5
1013,2016-02,0,5
1013,2016-06,0,5
1013,2016-10,0,5
1013,2017-02,0,5
1013,2017-06,0,5
1013,2017-10,0,5
1014,2015-04,0,5
1014,2015-07,0,5
1014,2015-10,0,5
1014,2016-02,0,5
1014,2016-06,0,5
1014,2016-10,0,5
1014,2017-02,0,5
1014,2017-06,0,5
1014,2017-10,0,5
1015,2015-04,0,5
1015,2015-07,0,5
1015,2015-10,0,5
1015,2016-02,0,5
1015,2016-06,0,5
1015,2016-10,0,5
1015,2017-02,0,5
1015,2017-06,0,5
1015,2017-10,0,5
1112,2015-04,0,0
1112,2015-07,0,0
1112,2015-10,1,0
1112,2016-02,1,0
1112,2016-06,0,0
1112,2016-10,0,0
1112,2017-02,0,0
1112,2017-06,0,0
1112,2017-10,0,0
1113,2015-04,0,0
1113,2015-07,0,0
1113,2015-10,1,0
1113,2016-02,1,0
1113,2016-06,0,0
1113,2016-10,0,0
1113,2017-02,0,0
1113,2017-06,0,0
1113,2017-10,0,0
1114,2015-04,0,0
1114,2015-07,0,0
1114,2015-10,0,0
1114,2016-02,0,0
1114,2016-06,0,0
1114,2016-10,0,0
1114,2017-02,0,0
1114,2017-06,0,0
1114,2017-10,0,0
1115,2015-04,0,0
1115,2015-07,0,0
1115,2015-10,1,0
1115,2016-02,1,0
1115,2016-06,1,0
1115,2016-10,0,0
1115,2017-02,0,0
1115,2017-06,0,0
1115,2017-10,0,0
1116,2015-04,0,0
1116,2015-07,0,0
1116,2015-10,0,0
1116,2016-02,0,0
1116,2016-06,0,0
1116,2016-10,0,0
1116,2017-02,1,0
1116,2017-06,1,0
1116,2017-10,1,0
1117,2015-04,0,0
1117,2015-07,0,0
1117,2015-10,0,0
1117,2016-02,0,0
1117,2016-06,0,0
1117,2016-10,0,0
1117,2017-02,0,0
1117,2017-06,0,0
1117,2017-10,0,0
1118,2015-04,0,0
1118,2015-07,0,0
1118,2015-10,0,0
1118,2016-02,0,0
1118,2016-06,0,0
1118,2016-10,0,0
1118,2017-02,0,0
1118,2017-06,0,0
1118,2017-10,0,0
1119,2015-04,0,0
1119,2015-07,0,0
1119,2015-10,0,0
1119,2016-02,0,0
1119,2016-06,0,0
1119,2016-10,0,0
1119,2017-02,0,0
1119,2017-06,0,0
1119,2017-10,0,0
1120,2015-04,0,0
1120,2015-07,1,0
1120,2015-10,1,0
1120,2016-02,1,0
1120,2016-06,1,0
1120,2016-10,0,0
1120,2017-02,0,0
1120,2017-06,1,0
1120,2017-10,0,0
1121,2015-04,1,0
1121,2015-07,1,0
1121,2015-10,1,0
1121,2016-02,1,0
1121,2016-06,1,0
1121,2016-10,0,0
1121,2017-02,0,0
1121,2017-06,1,0
1121,2017-10,0,0
1122,2015-04,1,0
1122,2015-07,1,0
1122,2015-10,1,0
1122,2016-02,1,0
1122,2016-06,1,0
1122,2016-10,0,0
1122,2017-02,0,0
1122,2017-06,0,0
1122,2017-10,0,0
1123,2015-04,0,0
1123,2015-07,0,0
1123,2015-10,0,0
1123,2016-02,0,0
1123,2016-06,0,0
1123,2016-10,0,0
1123,2017-02,0,0
1123,2017-06,0,0
1123,2017-10,0,0
1124,2015-04,0,0
1124,2015-07,1,0
1124,2015-10,1,0
1124,2016-02,0,0
1124,2016-06,0,0
1124,2016-10,0,0
1124,2017-02,0,0
1124,2017-06,0,0
1124,2017-10,0,0
1125,2015-04,0,0
1125,2015-07,0,0
1125,2015-10,0,0
1125,2016-02,0,0
1125,2016-06,0,0
1125,2016-10,0,0
1125,2017-02,0,0
1125,2017-06,0,0
1125,2017-10,0,0
1126,2015-04,0,0
1126,2015-07,0,0
1126,2015-10,0,0
1126,2016-02,0,0
1126,2016-06,0,0
1126,2016-10,0,0
1126,2017-02,0,0
1126,2017-06,0,0
1126,2017-10,0,0
1127,2015-04,0,0
1127,2015-07,0,0
1127,2015-10,1,0
1127,2016-02,1,0
1127,2016-06,1,0
1127,2016-10,0,0
1127,2017-02,0,0
1127,2017-06,0,0
1127,2017-10,0,0
1128,2015-04,0,0
1128,2015-07,0,0
1128,2015-10,0,0
1128,2016-02,0,0
1128,2016-06,0,0
1128,2016-10,0,0
1128,2017-02,0,0
1128,2017-06,0,0
1128,2017-10,0,0
1129,2015-04,0,0
1129,2015-07,0,0
1129,2015-10,0,0
1129,2016-02,0,0
1129,2016-06,0,0
1129,2016-10,0,0
1129,2017-02,0,0
1129,2017-06,0,0
1129,2017-10,0,0
1130,2015-04,0,0
1130,2015-07,1,0
1130,2015-10,1,0
1130,2016-02,1,0
1130,2016-06,1,0
1130,2016-10,0,0
1130,2017-02,0,0
1130,2017-06,0,0
1130,2017-10,0,0
1131,2015-04,0,4
1131,2015-07,0,4
1131,2015-10,0,4
1131,2016-02,0,4
1131,2016-06,0,4
1131,2016-10,0,4
1131,2017-02,1,4
1131,2017-06,1,4
1131,2017-10,1,4
1132,2015-04,0,0
1132,2015-07,0,0
1132,2015-10,1,0
1132,2016-02,1,0
1132,2016-06,0,0
1132,2016-10,0,0
1132,2017-02,0,0
1132,2017-06,0,0
1132,2017-10,0,0
1133,2015-04,0,0
1133,2015-07,0,0
1133,2015-10,1,0
1133,2016-02,1,0
1133,2016-06,0,0
1133,2016-10,0,0
1133,2017-02,0,0
1133,2017-06,0,0
1133,2017-10,0,0
1134,2015-04,0,0
1134,2015-07,1,0
1134,2015-10,1,0
1134,2016-02,1,0
1134,2016-06,0,0
1134,2016-10,0,0
1134,2017-02,1,0
1134,2017-06,1,0
1134,2017-10,0,0
1135,2015-04,0,0
1135,2015-07,0,0
1135,2015-10,1,0
1135,2016-02,1,0
1135,2016-06,0,0
1135,2016-10,0,0
1135,2017-02,0,0
1135,2017-06,0,0
1135,2017-10,0,0
1136,2015-04,0,0
1136,2015-07,0,0
1136,2015-10,0,0
1136,2016-02,0,0
1136,2016-06,0,0
1136,2016-10,0,0
1136,2017-02,0,0
1136,2017-06,0,0
1136,2017-10,0,0
1137,2015-04,0,0
1137,2015-07,0,0
1137,2015-10,0,0
1137,2016-02,0,0
1137,2016-06,0,0
1137,2016-10,0,0
1137,2017-02,0,0
1137,2017-06,0,0
1137,2017-10,0,0
1138,2015-04,0,0
1138,2015-07,0,0
1138,2015-10,0,0
1138,2016-02,0,0
1138,2016-06,0,0
1138,2016-10,0,0
1138,2017-02,0,0
1138,2017-06,0,0
1138,2017-10,0,0
1139,2015-04,0,0
1139,2015-07,0,0
1139,2015-10,1,0
1139,2016-02,1,0
1139,2016-06,1,0
1139,2016-10,0,0
1139,2017-02,0,0
1139,2017-06,1,0
1139,2017-10,0,0
1140,2015-04,0,0
1140,2015-07,0,0
1140,2015-10,0,0
1140,2016-02,0,0
1140,2016-06,0,0
1140,2016-10,0,0
1140,2017-02,0,0
1140,2017-06,0,0
1140,2017-10,0,0
1141,2015-04,0,0
1141,2015-07,0,0
1141,2015-10,0,0
1141,2016-02,0,0
1141,2016-06,0,0
1141,2016-10,0,0
1141,2017-02,0,0
1141,2017-06,0,0
1141,2017-10,0,0
1142,2015-04,0,0
1142,2015-07,0,0
1142,2015-10,0,0
1142,2016-02,0,0
1142,2016-06,0,0
1142,2016-10,0,0
1142,2017-02,0,0
1142,2017-06,0,0
1142,2017-10,0,0
1143,2015-04,0,0
1143,2015-07,0,0
1143,2015-10,1,0
1143,2016-02,0,0
1143,2016-06,0,0
1143,2016-10,0,0
1143,2017-02,0,0
1143,2017-06,0,0
1143,2017-10,0,0
1144,2015-04,0,0
1144,2015-07,0,0
1144,2015-10,1,0
1144,2016-02,1,0
1144,2016-06,1,0
1144,2016-10,0,0
1144,2017-02,0,0
1144,2017-06,0,0
1144,2017-10,0,0
1145,2015-04,0,0
1145,2015-07,0,0
1145,2015-10,0,0
1145,2016-02,0,0
1145,2016-06,0,0
1145,2016-10,0,0
1145,2017-02,0,0
1145,2017-06,0,0
1145,2017-10,0,0
1146,2015-04,0,0
1146,2015-07,1,0
1146,2015-10,0,0
1146,2016-02,0,0
1146,2016-06,0,0
1146,2016-10,0,0
1146,2017-02,0,0
1146,2017-06,0,0
1146,2017-10,0,0
1147,2015-04,0,0
1147,2015-07,0,0
1147,2015-10,0,0
1147,2016-02,0,0
1147,2016-06,0,0
1147,2016-10,0,0
1147,2017-02,0,0
1147,2017-06,0,0
1147,2017-10,0,0
1148,2015-04,0,0
1148,2015-07,0,0
1148,2015-10,0,0
1148,2016-02,0,0
1148,2016-06,0,0
1148,2016-10,0,0
1148,2017-02,0,0
1148,2017-06,0,0
1148,2017-10,0,0
1149,2015-04,0,0
1149,2015-07,0,0
1149,2015-10,0,0
1149,2016-02,0,0
1149,2016-06,0,0
1149,2016-10,0,0
1149,2017-02,0,0
1149,2017-06,0,0
1149,2017-10,0,0
1150,2015-04,0,0
1150,2015-07,0,0
1150,2015-10,0,0
1150,2016-02,0,0
1150,2016-06,0,0
1150,2016-10,0,0
1150,2017-02,0,0
1150,2017-06,0,0
1150,2017-10,0,0
1151,2015-04,0,0
1151,2015-07,0,0
1151,2015-10,0,0
1151,2016-02,0,0
1151,2016-06,0,0
1151,2016-10,0,0
1151,2017-02,0,0
1151,2017-06,0,0
1151,2017-10,0,0
1152,2015-04,0,0
1152,2015-07,0,0
1152,2015-10,0,0
1152,2016-02,0,0
1152,2016-06,0,0
1152,2016-10,0,0
1152,2017-02,0,0
1152,2017-06,0,0
1152,2017-10,0,0
1153,2015-04,0,0
1153,2015-07,0,0
1153,2015-10,1,0
1153,2016-02,1,0
1153,2016-06,0,0
1153,2016-10,0,0
1153,2017-02,0,0
1153,2017-06,0,0
1153,2017-10,0,0
1154,2015-04,0,0
1154,2015-07,1,0
1154,2015-10,1,0
1154,2016-02,1,0
1154,2016-06,1,0
1154,2016-10,1,0
1154,2017-02,1,0
1154,2017-06,0,0
1154,2017-10,0,0
1155,2015-04,0,0
1155,2015-07,0,0
1155,2015-10,1,0
1155,2016-02,1,0
1155,2016-06,0,0
1155,2016-10,0,0
1155,2017-02,0,0
1155,2017-06,0,0
1155,2017-10,0,0
1156,2015-04,0,0
1156,2015-07,0,0
1156,2015-10,0,0
1156,2016-02,0,0
1156,2016-06,0,0
1156,2016-10,0,0
1156,2017-02,0,0
1156,2017-06,0,0
1156,2017-10,0,0
1157,2015-04,0,0
1157,2015-07,0,0
1157,2015-10,0,0
1157,2016-02,0,0
1157,2016-06,0,0
1157,2016-10,0,0
1157,2017-02,0,0
1157,2017-06,0,0
1157,2017-10,0,0
1158,2015-04,0,0
1158,2015-07,0,0
1158,2015-10,0,0
1158,2016-02,0,0
1158,2016-06,0,0
1158,2016-10,0,0
1158,2017-02,0,0
1158,2017-06,0,0
1158,2017-10,0,0
1159,2015-04,0,0
1159,2015-07,0,0
1159,2015-10,1,0
1159,2016-02,1,0
1159,2016-06,1,0
1159,2016-10,0,0
1159,2017-02,0,0
1159,2017-06,0,0
1159,2017-10,0,0
1160,2015-04,0,0
1160,2015-07,0,0
1160,2015-10,0,0
1160,2016-02,0,0
1160,2016-06,0,0
1160,2016-10,0,0
1160,2017-02,0,0
1160,2017-06,0,0
1160,2017-10,0,0
1161,2015-04,0,0
1161,2015-07,0,0
1161,2015-10,1,0
1161,2016-02,1,0
1161,2016-06,1,0
1161,2016-10,0,0
1161,2017-02,0,0
1161,2017-06,0,0
1161,2017-10,0,0
1162,2015-04,0,0
1162,2015-07,0,0
1162,2015-10,0,0
1162,2016-02,0,0
1162,2016-06,0,0
1162,2016-10,0,0
1162,2017-02,0,0
1162,2017-06,0,0
1162,2017-10,0,0
1163,2015-04,0,0
1163,2015-07,0,0
1163,2015-10,0,0
1163,2016-02,0,0
1163,2016-06,0,0
1163,2016-10,0,0
1163,2017-02,0,0
1163,2017-06,0,0
1163,2017-10,0,0
1164,2015-04,0,0
1164,2015-07,0,0
1164,2015-10,0,0
1164,2016-02,0,0
1164,2016-06,0,0
1164,2016-10,0,0
1164,2017-02,0,0
1164,2017-06,0,0
1164,2017-10,0,0
1165,2015-04,0,0
1165,2015-07,0,0
1165,2015-10,1,0
1165,2016-02,1,0
1165,2016-06,1,0
1165,2016-10,0,0
1165,2017-02,0,0
1165,2017-06,0,0
1165,2017-10,0,0
1166,2015-04,0,0
1166,2015-07,0,0
1166,2015-10,0,0
1166,2016-02,0,0
1166,2016-06,0,0
1166,2016-10,0,0
1166,2017-02,0,0
1166,2017-06,0,0
1166,2017-10,0,0
1167,2015-04,0,0
1167,2015-07,0,0
1167,2015-10,0,0
1167,2016-02,0,0
1167,2016-06,0,0
1167,2016-10,0,0
1167,2017-02,0,0
1167,2017-06,0,0
1167,2017-10,0,0
1168,2015-04,0,0
1168,2015-07,0,0
1168,2015-10,0,0
1168,2016-02,0,0
1168,2016-06,0,0
1168,2016-10,0,0
1168,2017-02,0,0
1168,2017-06,0,0
1168,2017-10,0,0
1169,2015-04,0,0
1169,2015-07,0,0
1169,2015-10,0,0
1169,2016-02,0,0
1169,2016-06,0,0
1169,2016-10,0,0
1169,2017-02,0,0
1169,2017-06,0,0
1169,2017-10,0,0
1170,2015-04,0,0
1170,2015-07,0,0
1170,2015-10,0,0
1170,2016-02,0,0
1170,2016-06,0,0
1170,2016-10,0,0
1170,2017-02,1,0
1170,2017-06,0,0
1170,2017-10,0,0
1171,2015-04,0,0
1171,2015-07,0,0
1171,2015-10,0,0
1171,2016-02,0,0
1171,2016-06,0,0
1171,2016-10,0,0
1171,2017-02,0,0
1171,2017-06,0,0
1171,2017-10,0,0
1172,2015-04,0,0
1172,2015-07,0,0
1172,2015-10,0,0
1172,2016-02,0,0
1172,2016-06,0,0
1172,2016-10,0,0
1172,2017-02,0,0
1172,2017-06,0,0
1172,2017-10,0,0
1173,2015-04,0,0
1173,2015-07,0,0
1173,2015-10,0,0
1173,2016-02,0,0
1173,2016-06,0,0
1173,2016-10,0,0
1173,2017-02,0,0
1173,2017-06,0,0
1173,2017-10,0,0
1174,2015-04,0,0
1174,2015-07,0,0
1174,2015-10,0,0
1174,2016-02,0,0
1174,2016-06,0,0
1174,2016-10,0,0
1174,2017-02,0,0
1174,2017-06,0,0
1174,2017-10,0,0
1175,2015-04,0,0
1175,2015-07,0,0
1175,2015-10,0,0
1175,2016-02,0,0
1175,2016-06,0,0
1175,2016-10,0,0
1175,2017-02,0,0
1175,2017-06,0,0
1175,2017-10,0,0
1176,2015-04,0,0
1176,2015-07,0,0
1176,2015-10,0,0
1176,2016-02,0,0
1176,2016-06,0,0
1176,2016-10,0,0
1176,2017-02,1,0
1176,2017-06,1,0
1176,2017-10,0,0
1177,2015-04,0,0
1177,2015-07,0,0
1177,2015-10,0,0
1177,2016-02,0,0
1177,2016-06,0,0
1177,2016-10,0,0
1177,2017-02,0,0
1177,2017-06,1,0
1177,2017-10,0,0
1178,2015-04,0,0
1178,2015-07,0,0
1178,2015-10,0,0
1178,2016-02,0,0
1178,2016-06,0,0
1178,2016-10,0,0
1178,2017-02,0,0
1178,2017-06,0,0
1178,2017-10,0,0
1179,2015-04,0,0
1179,2015-07,0,0
1179,2015-10,0,0
1179,2016-02,0,0
1179,2016-06,0,0
1179,2016-10,0,0
1179,2017-02,0,0
1179,2017-06,0,0
1179,2017-10,0,0
1180,2015-04,0,0
1180,2015-07,0,0
1180,2015-10,0,0
1180,2016-02,0,0
1180,2016-06,0,0
1180,2016-10,0,0
1180,2017-02,0,0
1180,2017-06,0,0
1180,2017-10,0,0
1181,2015-04,0,0
1181,2015-07,0,0
1181,2015-10,0,0
1181,2016-02,0,0
1181,2016-06,0,0
1181,2016-10,0,0
1181,2017-02,0,0
1181,2017-06,0,0
1181,2017-10,0,0
1182,2015-04,0,0
1182,2015-07,0,0
1182,2015-10,0,0
1182,2016-02,0,0
1182,2016-06,0,0
1182,2016-10,0,0
1182,2017-02,0,0
1182,2017-06,0,0
1182,2017-10,0,0
1183,2015-04,1,0
1183,2015-07,1,0
1183,2015-10,1,0
1183,2016-02,1,0
1183,2016-06,1,0
1183,2016-10,1,0
1183,2017-02,1,0
1183,2017-06,0,0
1183,2017-10,0,0
1184,2015-04,0,0
1184,2015-07,0,0
1184,2015-10,0,0
1184,2016-02,0,0
1184,2016-06,0,0
1184,2016-10,0,0
1184,2017-02,0,0
1184,2017-06,0,0
1184,2017-10,0,0
1185,2015-04,0,0
1185,2015-07,0,0
1185,2015-10,1,0
1185,2016-02,1,0
1185,2016-06,1,0
1185,2016-10,0,0
1185,2017-02,0,0
1185,2017-06,0,0
1185,2017-10,0,0
1186,2015-04,0,0
1186,2015-07,0,0
1186,2015-10,0,0
1186,2016-02,0,0
1186,2016-06,0,0
1186,2016-10,0,0
1186,2017-02,0,0
1186,2017-06,0,0
1186,2017-10,0,0
1187,2015-04,0,0
1187,2015-07,0,0
1187,2015-10,0,0
1187,2016-02,0,0
1187,2016-06,0,0
1187,2016-10,0,0
1187,2017-02,0,0
1187,2017-06,0,0
1187,2017-10,0,0
1188,2015-04,0,0
1188,2015-07,0,0
1188,2015-10,0,0
1188,2016-02,0,0
1188,2016-06,0,0
1188,2016-10,0,0
1188,2017-02,0,0
1188,2017-06,0,0
1188,2017-10,0,0
1189,2015-04,0,0
1189,2015-07,0,0
1189,2015-10,1,0
1189,2016-02,1,0
1189,2016-06,1,0
1189,2016-10,0,0
1189,2017-02,0,0
1189,2017-06,0,0
1189,2017-10,0,0
1190,2015-04,0,0
1190,2015-07,0,0
1190,2015-10,0,0
1190,2016-02,0,0
1190,2016-06,0,0
1190,2016-10,0,0
1190,2017-02,0,0
1190,2017-06,0,0
1190,2017-10,0,0
1191,2015-04,0,0
1191,2015-07,0,0
1191,2015-10,0,0
1191,2016-02,0,0
1191,2016-06,0,0
1191,2016-10,0,0
1191,2017-02,0,0
1191,2017-06,0,0
1191,2017-10,0,0
1192,2015-04,0,0
1192,2015-07,0,0
1192,2015-10,0,0
1192,2016-02,0,0
1192,2016-06,0,0
1192,2016-10,0,0
1192,2017-02,0,0
1192,2017-06,0,0
1192,2017-10,0,0
1193,2015-04,0,0
1193,2015-07,0,0
1193,2015-10,0,0
1193,2016-02,0,0
1193,2016-06,0,0
1193,2016-10,0,0
1193,2017-02,0,0
1193,2017-06,0,0
1193,2017-10,0,0
1194,2015-04,0,0
1194,2015-07,0,0
1194,2015-10,0,0
1194,2016-02,0,0
1194,2016-06,0,0
1194,2016-10,0,0
1194,2017-02,0,0
1194,2017-06,0,0
1194,2017-10,0,0
1195,2015-04,0,0
1195,2015-07,1,0
1195,2015-10,1,0
1195,2016-02,0,0
1195,2016-06,0,0
1195,2016-10,0,0
1195,2017-02,0,0
1195,2017-06,0,0
1195,2017-10,0,0
1196,2015-04,0,0
1196,2015-07,0,0
1196,2015-10,0,0
1196,2016-02,0,0
1196,2016-06,0,0
1196,2016-10,0,0
1196,2017-02,0,0
1196,2017-06,0,0
1196,2017-10,0,0
1197,2015-04,0,0
1197,2015-07,0,0
1197,2015-10,0,0
1197,2016-02,0,0
1197,2016-06,0,0
1197,2016-10,0,0
1197,2017-02,0,0
1197,2017-06,0,0
1197,2017-10,0,0
1198,2015-04,0,0
1198,2015-07,0,0
1198,2015-10,0,0
1198,2016-02,0,0
1198,2016-06,0,0
1198,2016-10,0,0
1198,2017-02,0,0
1198,2017-06,0,0
1198,2017-10,0,0
1199,2015-04,0,0
1199,2015-07,0,0
1199,2015-10,0,0
1199,2016-02,0,0
1199,2016-06,0,0
1199,2016-10,0,0
1199,2017-02,0,0
1199,2017-06,0,0
1199,2017-10,0,0
1200,2015-04,0,0
1200,2015-07,0,0
1200,2015-10,0,0
1200,2016-02,0,0
1200,2016-06,0,0
1200,2016-10,0,0
1200,2017-02,0,0
1200,2017-06,0,0
1200,2017-10,1,0
1201,2015-04,0,0
1201,2015-07,1,0
1201,2015-10,1,0
1201,2016-02,1,0
1201,2016-06,1,0
1201,2016-10,0,0
1201,2017-02,0,0
1201,2017-06,1,0
1201,2017-10,0,0
1202,2015-04,0,0
1202,2015-07,1,0
1202,2015-10,1,0
1202,2016-02,1,0
1202,2016-06,1,0
1202,2016-10,0,0
1202,2017-02,0,0
1202,2017-06,1,0
1202,2017-10,0,0
1203,2015-04,0,0
1203,2015-07,0,0
1203,2015-10,0,0
1203,2016-02,0,0
1203,2016-06,0,0
1203,2016-10,0,0
1203,2017-02,0,0
1203,2017-06,0,0
1203,2017-10,0,0
1204,2015-04,0,0
1204,2015-07,0,0
1204,2015-10,0,0
1204,2016-02,0,0
1204,2016-06,0,0
1204,2016-10,0,0
1204,2017-02,0,0
1204,2017-06,0,0
1204,2017-10,0,0
1205,2015-04,0,0
1205,2015-07,0,0
1205,2015-10,0,0
1205,2016-02,0,0
1205,2016-06,0,0
1205,2016-10,0,0
1205,2017-02,0,0
1205,2017-06,1,0
1205,2017-10,0,0
1206,2015-04,0,0
1206,2015-07,0,0
1206,2015-10,1,0
1206,2016-02,1,0
1206,2016-06,1,0
1206,2016-10,0,0
1206,2017-02,0,0
1206,2017-06,0,0
1206,2017-10,0,0
1207,2015-04,0,0
1207,2015-07,0,0
1207,2015-10,1,0
1207,2016-02,1,0
1207,2016-06,0,0
1207,2016-10,0,0
1207,2017-02,1,0
1207,2017-06,0,0
1207,2017-10,0,0
1208,2015-04,0,0
1208,2015-07,0,0
1208,2015-10,0,0
1208,2016-02,0,0
1208,2016-06,0,0
1208,2016-10,0,0
1208,2017-02,0,0
1208,2017-06,0,0
1208,2017-10,0,0
1209,2015-04,1,0
1209,2015-07,1,0
1209,2015-10,1,0
1209,2016-02,1,0
1209,2016-06,1,0
1209,2016-10,0,0
1209,2017-02,0,0
1209,2017-06,0,0
1209,2017-10,0,0
1210,2015-04,1,0
1210,2015-07,1,0
1210,2015-10,1,0
1210,2016-02,1,0
1210,2016-06,1,0
1210,2016-10,0,0
1210,2017-02,0,0
1210,2017-06,0,0
1210,2017-10,0,0
1211,2015-04,0,0
1211,2015-07,0,0
1211,2015-10,0,0
1211,2016-02,0,0
1211,2016-06,0,0
1211,2016-10,0,0
1211,2017-02,0,0
1211,2017-06,0,0
1211,2017-10,0,0
1212,2015-04,0,0
1212,2015-07,0,0
1212,2015-10,1,0
1212,2016-02,1,0
1212,2016-06,0,0
1212,2016-10,0,0
1212,2017-02,0,0
1212,2017-06,0,0
1212,2017-10,0,0
1213,2015-04,0,0
1213,2015-07,0,0
1213,2015-10,1,0
1213,2016-02,1,0
1213,2016-06,0,0
1213,2016-10,0,0
1213,2017-02,0,0
1213,2017-06,0,0
1213,2017-10,0,0
1214,2015-04,0,0
1214,2015-07,0,0
1214,2015-10,0,0
1214,2016-02,0,0
1214,2016-06,0,0
1214,2016-10,0,0
1214,2017-02,0,0
1214,2017-06,0,0
1214,2017-10,0,0
1215,2015-04,0,0
1215,2015-07,0,0
1215,2015-10,0,0
1215,2016-02,0,0
1215,2016-06,0,0
1215,2016-10,0,0
1215,2017-02,0,0
1215,2017-06,0,0
1215,2017-10,0,0
1216,2015-04,0,0
1216,2015-07,0,0
1216,2015-10,1,0
1216,2016-02,1,0
1216,2016-06,1,0
1216,2016-10,0,0
1216,2017-02,0,0
1216,2017-06,1,0
1216,2017-10,0,0
1217,2015-04,0,0
1217,2015-07,0,0
1217,2015-10,0,0
1217,2016-02,0,0
1217,2016-06,0,0
1217,2016-10,0,0
1217,2017-02,0,0
1217,2017-06,0,0
1217,2017-10,0,0
1218,2015-04,0,0
1218,2015-07,0,0
1218,2015-10,0,0
1218,2016-02,0,0
1218,2016-06,0,0
1218,2016-10,0,0
1218,2017-02,0,0
1218,2017-06,0,0
1218,2017-10,0,0
1219,2015-04,0,0
1219,2015-07,0,0
1219,2015-10,0,0
1219,2016-02,0,0
1219,2016-06,0,0
1219,2016-10,0,0
1219,2017-02,0,0
1219,2017-06,0,0
1219,2017-10,0,0
1220,2015-04,0,0
1220,2015-07,0,0
1220,2015-10,1,0
1220,2016-02,1,0
1220,2016-06,1,0
1220,2016-10,0,0
1220,2017-02,0,0
1220,2017-06,0,0
1220,2017-10,0,0
1221,2015-04,0,0
1221,2015-07,1,0
1221,2015-10,1,0
1221,2016-02,1,0
1221,2016-06,1,0
1221,2016-10,0,0
1221,2017-02,0,0
1221,2017-06,1,0
1221,2017-10,0,0
1222,2015-04,0,0
1222,2015-07,0,0
1222,2015-10,1,0
1222,2016-02,1,0
1222,2016-06,1,0
1222,2016-10,0,0
1222,2017-02,0,0
1222,2017-06,0,0
1222,2017-10,0,0
1223,2015-04,0,0
1223,2015-07,0,0
1223,2015-10,1,0
1223,2016-02,1,0
1223,2016-06,1,0
1223,2016-10,0,0
1223,2017-02,0,0
1223,2017-06,0,0
1223,2017-10,0,0
1224,2015-04,0,0
1224,2015-07,0,0
1224,2015-10,0,0
1224,2016-02,0,0
1224,2016-06,0,0
1224,2016-10,0,0
1224,2017-02,0,0
1224,2017-06,0,0
1224,2017-10,0,0
1225,2015-04,0,0
1225,2015-07,0,0
1225,2015-10,0,0
1225,2016-02,0,0
1225,2016-06,0,0
1225,2016-10,0,0
1225,2017-02,0,0
1225,2017-06,0,0
1225,2017-10,1,0
1226,2015-04,1,0
1226,2015-07,1,0
1226,2015-10,1,0
1226,2016-02,1,0
1226,2016-06,1,0
1226,2016-10,1,0
1226,2017-02,1,0
1226,2017-06,0,0
1226,2017-10,0,0
1227,2015-04,1,0
1227,2015-07,1,0
1227,2015-10,1,0
1227,2016-02,1,0
1227,2016-06,1,0
1227,2016-10,1,0
1227,2017-02,1,0
1227,2017-06,0,0
1227,2017-10,0,0
1228,2015-04,0,0
1228,2015-07,0,0
1228,2015-10,0,0
1228,2016-02,0,0
1228,2016-06,0,0
1228,2016-10,0,0
1228,2017-02,1,0
1228,2017-06,0,0
1228,2017-10,0,0
1229,2015-04,0,0
1229,2015-07,0,0
1229,2015-10,1,0
1229,2016-02,1,0
1229,2016-06,1,0
1229,2016-10,0,0
1229,2017-02,0,0
1229,2017-06,0,0
1229,2017-10,0,0
1230,2015-04,0,0
1230,2015-07,0,0
1230,2015-10,1,0
1230,2016-02,1,0
1230,2016-06,0,0
1230,2016-10,0,0
1230,2017-02,0,0
1230,2017-06,0,0
1230,2017-10,0,0
1231,2015-04,0,0
1231,2015-07,0,0
1231,2015-10,0,0
1231,2016-02,0,0
1231,2016-06,0,0
1231,2016-10,0,0
1231,2017-02,0,0
1231,2017-06,0,0
1231,2017-10,0,0
1232,2015-04,0,0
1232,2015-07,0,0
1232,2015-10,0,0
1232,2016-02,0,0
1232,2016-06,0,0
1232,2016-10,0,0
1232,2017-02,0,0
1232,2017-06,0,0
1232,2017-10,0,0
1233,2015-04,0,0
1233,2015-07,0,0
1233,2015-10,0,0
1233,2016-02,0,0
1233,2016-06,0,0
1233,2016-10,0,0
1233,2017-02,0,0
1233,2017-06,0,0
1233,2017-10,0,0
1234,2015-04,0,0
1234,2015-07,0,0
1234,2015-10,0,0
1234,2016-02,0,0
1234,2016-06,0,0
1234,2016-10,0,0
1234,2017-02,0,0
1234,2017-06,0,0
1234,2017-10,0,0
1235,2015-04,0,0
1235,2015-07,1,0
1235,2015-10,1,0
1235,2016-02,1,0
1235,2016-06,1,0
1235,2016-10,1,0
1235,2017-02,1,0
1235,2017-06,0,0
1235,2017-10,0,0
1236,2015-04,0,0
1236,2015-07,0,0
1236,2015-10,0,0
1236,2016-02,0,0
1236,2016-06,0,0
1236,2016-10,0,0
1236,2017-02,0,0
1236,2017-06,0,0
1236,2017-10,0,0
1237,2015-04,0,0
1237,2015-07,0,0
1237,2015-10,0,0
1237,2016-02,0,0
1237,2016-06,0,0
1237,2016-10,0,0
1237,2017-02,1,0
1237,2017-06,1,0
1237,2017-10,1,0
1238,2015-04,0,0
1238,2015-07,0,0
1238,2015-10,1,0
1238,2016-02,1,0
1238,2016-06,1,0
1238,2016-10,0,0
1238,2017-02,0,0
1238,2017-06,0,0
1238,2017-10,0,0
1239,2015-04,0,0
1239,2015-07,0,0
1239,2015-10,0,0
1239,2016-02,0,0
1239,2016-06,0,0
1239,2016-10,0,0
1239,2017-02,1,0
1239,2017-06,1,0
1239,2017-10,0,0
1240,2015-04,0,0
1240,2015-07,0,0
1240,2015-10,1,0
1240,2016-02,1,0
1240,2016-06,1,0
1240,2016-10,0,0
1240,2017-02,0,0
1240,2017-06,0,0
1240,2017-10,0,0
1241,2015-04,0,0
1241,2015-07,0,0
1241,2015-10,0,0
1241,2016-02,0,0
1241,2016-06,0,0
1241,2016-10,0,0
1241,2017-02,0,0
1241,2017-06,0,0
1241,2017-10,0,0
1242,2015-04,0,0
1242,2015-07,0,0
1242,2015-10,0,0
1242,2016-02,0,0
1242,2016-06,0,0
1242,2016-10,0,0
1242,2017-02,0,0
1242,2017-06,0,0
1242,2017-10,0,0
1243,2015-04,0,0
1243,2015-07,0,0
1243,2015-10,0,0
1243,2016-02,0,0
1243,2016-06,0,0
1243,2016-10,0,0
1243,2017-02,0,0
1243,2017-06,0,0
1243,2017-10,0,0
1244,2015-04,0,0
1244,2015-07,0,0
1244,2015-10,0,0
1244,2016-02,0,0
1244,2016-06,0,0
1244,2016-10,0,0
1244,2017-02,0,0
1244,2017-06,0,0
1244,2017-10,0,0
1245,2015-04,0,0
1245,2015-07,0,0
1245,2015-10,0,0
1245,2016-02,0,0
1245,2016-06,0,0
1245,2016-10,0,0
1245,2017-02,0,0
1245,2017-06,0,0
1245,2017-10,0,0
1246,2015-04,0,0
1246,2015-07,0,0
1246,2015-10,0,0
1246,2016-02,0,0
1246,2016-06,0,0
1246,2016-10,0,0
1246,2017-02,0,0
1246,2017-06,0,0
1246,2017-10,0,0
1247,2015-04,0,0
1247,2015-07,0,0
1247,2015-10,0,0
1247,2016-02,0,0
1247,2016-06,0,0
1247,2016-10,0,0
1247,2017-02,0,0
1247,2017-06,0,0
1247,2017-10,0,0
1248,2015-04,0,4
1248,2015-07,0,4
1248,2015-10,0,4
1248,2016-02,0,4
1248,2016-06,0,4
1248,2016-10,0,4
1248,2017-02,1,4
1248,2017-06,1,4
1248,2017-10,1,4
1249,2015-04,0,0
1249,2015-07,0,0
1249,2015-10,0,0
1249,2016-02,0,0
1249,2016-06,0,0
1249,2016-10,0,0
1249,2017-02,0,0
1249,2017-06,0,0
1249,2017-10,0,0
1250,2015-04,0,0
1250,2015-07,0,0
1250,2015-10,0,0
1250,2016-02,0,0
1250,2016-06,0,0
1250,2016-10,0,0
1250,2017-02,0,0
1250,2017-06,0,0
1250,2017-10,0,0
1251,2015-04,0,0
1251,2015-07,0,0
1251,2015-10,0,0
1251,2016-02,0,0
1251,2016-06,0,0
1251,2016-10,0,0
1251,2017-02,0,0
1251,2017-06,0,0
1251,2017-10,0,0
1252,2015-04,0,0
1252,2015-07,0,0
1252,2015-10,1,0
1252,2016-02,1,0
1252,2016-06,1,0
1252,2016-10,0,0
1252,2017-02,0,0
1252,2017-06,0,0
1252,2017-10,0,0
1253,2015-04,0,0
1253,2015-07,0,0
1253,2015-10,1,0
1253,2016-02,1,0
1253,2016-06,1,0
1253,2016-10,0,0
1253,2017-02,0,0
1253,2017-06,0,0
1253,2017-10,0,0
1254,2015-04,0,0
1254,2015-07,0,0
1254,2015-10,0,0
1254,2016-02,0,0
1254,2016-06,0,0
1254,2016-10,0,0
1254,2017-02,0,0
1254,2017-06,0,0
1254,2017-10,0,0
1255,2015-04,0,0
1255,2015-07,0,0
1255,2015-10,0,0
1255,2016-02,0,0
1255,2016-06,0,0
1255,2016-10,0,0
1255,2017-02,0,0
1255,2017-06,0,0
1255,2017-10,0,0
1256,2015-04,0,0
1256,2015-07,0,0
1256,2015-10,0,0
1256,2016-02,0,0
1256,2016-06,0,0
1256,2016-10,0,0
1256,2017-02,0,0
1256,2017-06,0,0
1256,2017-10,0,0
1257,2015-04,0,0
1257,2015-07,0,0
1257,2015-10,0,0
1257,2016-02,0,0
1257,2016-06,0,0
1257,2016-10,0,0
1257,2017-02,0,0
1257,2017-06,0,0
1257,2017-10,0,0
1258,2015-04,0,0
1258,2015-07,0,0
1258,2015-10,0,0
1258,2016-02,0,0
1258,2016-06,0,0
1258,2016-10,0,0
1258,2017-02,0,0
1258,2017-06,0,0
1258,2017-10,0,0
1259,2015-04,0,0
1259,2015-07,0,0
1259,2015-10,1,0
1259,2016-02,1,0
1259,2016-06,1,0
1259,2016-10,0,0
1259,2017-02,0,0
1259,2017-06,0,0
1259,2017-10,0,0
1260,2015-04,0,0
1260,2015-07,0,0
1260,2015-10,1,0
1260,2016-02,1,0
1260,2016-06,1,0
1260,2016-10,0,0
1260,2017-02,0,0
1260,2017-06,0,0
1260,2017-10,0,0
1261,2015-04,0,0
1261,2015-07,0,0
1261,2015-10,0,0
1261,2016-02,0,0
1261,2016-06,0,0
1261,2016-10,0,0
1261,2017-02,0,0
1261,2017-06,0,0
1261,2017-10,0,0
1262,2015-04,0,0
1262,2015-07,0,0
1262,2015-10,0,0
1262,2016-02,0,0
1262,2016-06,0,0
1262,2016-10,0,0
1262,2017-02,0,0
1262,2017-06,0,0
1262,2017-10,0,0
1263,2015-04,0,0
1263,2015-07,0,0
1263,2015-10,0,0
1263,2016-02,0,0
1263,2016-06,0,0
1263,2016-10,0,0
1263,2017-02,0,0
1263,2017-06,0,0
1263,2017-10,0,0
1264,2015-04,0,0
1264,2015-07,0,0
1264,2015-10,0,0
1264,2016-02,0,0
1264,2016-06,0,0
1264,2016-10,0,0
1264,2017-02,0,0
1264,2017-06,1,0
1264,2017-10,0,0
1265,2015-04,0,0
1265,2015-07,0,0
1265,2015-10,0,0
1265,2016-02,0,0
1265,2016-06,0,0
1265,2016-10,0,0
1265,2017-02,0,0
1265,2017-06,0,0
1265,2017-10,0,0
1266,2015-04,0,0
1266,2015-07,0,0
1266,2015-10,1,0
1266,2016-02,1,0
1266,2016-06,0,0
1266,2016-10,0,0
1266,2017-02,0,0
1266,2017-06,0,0
1266,2017-10,0,0
1267,2015-04,0,0
1267,2015-07,0,0
1267,2015-10,0,0
1267,2016-02,0,0
1267,2016-06,0,0
1267,2016-10,0,0
1267,2017-02,0,0
1267,2017-06,0,0
1267,2017-10,0,0
1268,2015-04,0,0
1268,2015-07,1,0
1268,2015-10,1,0
1268,2016-02,1,0
1268,2016-06,0,0
1268,2016-10,0,0
1268,2017-02,0,0
1268,2017-06,0,0
1268,2017-10,0,0
1269,2015-04,0,0
1269,2015-07,0,0
1269,2015-10,0,0
1269,2016-02,0,0
1269,2016-06,0,0
1269,2016-10,0,0
1269,2017-02,0,0
1269,2017-06,0,0
1269,2017-10,0,0
1270,2015-04,0,4
1270,2015-07,0,4
1270,2015-10,0,4
1270,2016-02,0,4
1270,2016-06,0,4
1270,2016-10,0,4
1270,2017-02,1,4
1270,2017-06,1,4
1270,2017-10,1,4
1271,2015-04,0,0
1271,2015-07,0,0
1271,2015-10,0,0
1271,2016-02,0,0
1271,2016-06,0,0
1271,2016-10,0,0
1271,2017-02,0,0
1271,2017-06,0,0
1271,2017-10,0,0
1272,2015-04,1,0
1272,2015-07,1,0
1272,2015-10,1,0
1272,2016-02,1,0
1272,2016-06,0,0
1272,2016-10,0,0
1272,2017-02,0,0
1272,2017-06,1,0
1272,2017-10,1,0
1273,2015-04,0,0
1273,2015-07,0,0
1273,2015-10,0,0
1273,2016-02,0,0
1273,2016-06,0,0
1273,2016-10,0,0
1273,2017-02,0,0
1273,2017-06,0,0
1273,2017-10,0,0
1274,2015-04,1,0
1274,2015-07,1,0
1274,2015-10,1,0
1274,2016-02,1,0
1274,2016-06,0,0
1274,2016-10,0,0
1274,2017-02,0,0
1274,2017-06,0,0
1274,2017-10,0,0
1275,2015-04,0,0
1275,2015-07,0,0
1275,2015-10,0,0
1275,2016-02,0,0
1275,2016-06,0,0
1275,2016-10,0,0
1275,2017-02,0,0
1275,2017-06,0,0
1275,2017-10,0,0
1276,2015-04,0,0
1276,2015-07,1,0
1276,2015-10,1,0
1276,2016-02,1,0
1276,2016-06,1,0
1276,2016-10,0,0
1276,2017-02,1,0
1276,2017-06,1,0
1276,2017-10,0,0
1277,2015-04,0,0
1277,2015-07,0,0
1277,2015-10,0,0
1277,2016-02,0,0
1277,2016-06,0,0
1277,2016-10,0,0
1277,2017-02,0,0
1277,2017-06,0,0
1277,2017-10,1,0
1278,2015-04,0,0
1278,2015-07,0,0
1278,2015-10,0,0
1278,2016-02,0,0
1278,2016-06,0,0
1278,2016-10,0,0
1278,2017-02,0,0
1278,2017-06,0,0
1278,2017-10,0,0
1279,2015-04,0,0
1279,2015-07,0,0
1279,2015-10,0,0
1279,2016-02,0,0
1279,2016-06,0,0
1279,2016-10,0,0
1279,2017-02,0,0
1279,2017-06,0,0
1279,2017-10,0,0
1280,2015-04,0,0
1280,2015-07,0,0
1280,2015-10,0,0
1280,2016-02,0,0
1280,2016-06,0,0
1280,2016-10,0,0
1280,2017-02,0,0
1280,2017-06,0,0
1280,2017-10,0,0
1281,2015-04,1,0
1281,2015-07,1,0
1281,2015-10,1,0
1281,2016-02,1,0
1281,2016-06,1,0
1281,2016-10,0,0
1281,2017-02,0,0
1281,2017-06,0,0
1281,2017-10,0,0
1282,2015-04,0,0
1282,2015-07,0,0
1282,2015-10,0,0
1282,2016-02,0,0
1282,2016-06,0,0
1282,2016-10,0,0
1282,2017-02,0,0
1282,2017-06,0,0
1282,2017-10,0,0
1283,2015-04,0,0
1283,2015-07,0,0
1283,2015-10,0,0
1283,2016-02,0,0
1283,2016-06,0,0
1283,2016-10,0,0
1283,2017-02,0,0
1283,2017-06,0,0
1283,2017-10,0,0
1284,2015-04,0,0
1284,2015-07,0,0
1284,2015-10,1,0
1284,2016-02,1,0
1284,2016-06,1,0
1284,2016-10,0,0
1284,2017-02,0,0
1284,2017-06,1,0
1284,2017-10,0,0
1285,2015-04,0,0
1285,2015-07,0,0
1285,2015-10,1,0
1285,2016-02,0,0
1285,2016-06,0,0
1285,2016-10,0,0
1285,2017-02,0,0
1285,2017-06,0,0
1285,2017-10,0,0
1286,2015-04,0,0
1286,2015-07,0,0
1286,2015-10,0,0
1286,2016-02,0,0
1286,2016-06,0,0
1286,2016-10,0,0
1286,2017-02,1,0
1286,2017-06,1,0
1286,2017-10,1,0
1287,2015-04,0,0
1287,2015-07,0,0
1287,2015-10,0,0
1287,2016-02,0,0
1287,2016-06,0,0
1287,2016-10,0,0
1287,2017-02,0,0
1287,2017-06,0,0
1287,2017-10,0,0
1288,2015-04,0,0
1288,2015-07,0,0
1288,2015-10,0,0
1288,2016-02,0,0
1288,2016-06,0,0
1288,2016-10,0,0
1288,2017-02,0,0
1288,2017-06,0,0
1288,2017-10,0,0
1289,2015-04,0,0
1289,2015-07,0,0
1289,2015-10,0,0
1289,2016-02,0,0
1289,2016-06,0,0
1289,2016-10,0,0
1289,2017-02,0,0
1289,2017-06,0,0
1289,2017-10,0,0
1290,2015-04,1,0
1290,2015-07,1,0
1290,2015-10,1,0
1290,2016-02,1,0
1290,2016-06,1,0
1290,2016-10,0,0
1290,2017-02,1,0
1290,2017-06,1,0
1290,2017-10,0,0
1291,2015-04,0,4
1291,2015-07,0,4
1291,2015-10,0,4
1291,2016-02,0,4
1291,2016-06,0,4
1291,2016-10,0,4
1291,2017-02,1,4
1291,2017-06,1,4
1291,2017-10,1,4
1292,2015-04,0,0
1292,2015-07,0,0
1292,2015-10,0,0
1292,2016-02,0,0
1292,2016-06,0,0
1292,2016-10,0,0
1292,2017-02,0,0
1292,2017-06,0,0
1292,2017-10,0,0
1293,2015-04,0,4
1293,2015-07,0,4
1293,2015-10,0,4
1293,2016-02,0,4
1293,2016-06,0,4
1293,2016-10,0,4
1293,2017-02,1,4
1293,2017-06,1,4
1293,2017-10,1,4
1294,2015-04,0,0
1294,2015-07,0,0
1294,2015-10,0,0
1294,2016-02,0,0
1294,2016-06,0,0
1294,2016-10,0,0
1294,2017-02,0,0
1294,2017-06,0,0
1294,2017-10,0,0
1295,2015-04,0,0
1295,2015-07,0,0
1295,2015-10,0,0
1295,2016-02,0,0
1295,2016-06,0,0
1295,2016-10,0,0
1295,2017-02,0,0
1295,2017-06,0,0
1295,2017-10,0,0
1296,2015-04,0,0
1296,2015-07,0,0
1296,2015-10,0,0
1296,2016-02,0,0
1296,2016-06,0,0
1296,2016-10,0,0
1296,2017-02,0,0
1296,2017-06,0,0
1296,2017-10,0,0
1297,2015-04,0,0
1297,2015-07,0,0
1297,2015-10,0,0
1297,2016-02,0,0
1297,2016-06,0,0
1297,2016-10,0,0
1297,2017-02,0,0
1297,2017-06,0,0
1297,2017-10,0,0
1298,2015-04,0,0
1298,2015-07,0,0
1298,2015-10,0,0
1298,2016-02,0,0
1298,2016-06,0,0
1298,2016-10,0,0
1298,2017-02,0,0
1298,2017-06,0,0
1298,2017-10,0,0
1299,2015-04,0,0
1299,2015-07,0,0
1299,2015-10,0,0
1299,2016-02,0,0
1299,2016-06,0,0
1299,2016-10,0,0
1299,2017-02,0,0
1299,2017-06,0,0
1299,2017-10,0,0
1300,2015-04,0,3
1300,2015-07,1,3
1300,2015-10,0,3
1300,2016-02,0,3
1300,2016-06,0,3
1300,2016-10,0,3
1300,2017-02,0,3
1300,2017-06,1,3
1300,2017-10,0,3
1301,2015-04,0,0
1301,2015-07,0,0
1301,2015-10,1,0
1301,2016-02,1,0
1301,2016-06,0,0
1301,2016-10,0,0
1301,2017-02,0,0
1301,2017-06,0,0
1301,2017-10,0,0
1302,2015-04,0,0
1302,2015-07,0,0
1302,2015-10,1,0
1302,2016-02,0,0
1302,2016-06,0,0
1302,2016-10,0,0
1302,2017-02,0,0
1302,2017-06,0,0
1302,2017-10,0,0
1303,2015-04,0,0
1303,2015-07,0,0
1303,2015-10,0,0
1303,2016-02,0,0
1303,2016-06,0,0
1303,2016-10,0,0
1303,2017-02,0,0
1303,2017-06,0,0
1303,2017-10,0,0
1304,2015-04,0,0
1304,2015-07,1,0
1304,2015-10,1,0
1304,2016-02,1,0
1304,2016-06,1,0
1304,2016-10,0,0
1304,2017-02,1,0
1304,2017-06,1,0
1304,2017-10,0,0
1305,2015-04,0,0
1305,2015-07,0,0
1305,2015-10,0,0
1305,2016-02,0,0
1305,2016-06,0,0
1305,2016-10,0,0
1305,2017-02,0,0
1305,2017-06,0,0
1305,2017-10,0,0
1306,2015-04,0,0
1306,2015-07,0,0
1306,2015-10,0,0
1306,2016-02,0,0
1306,2016-06,0,0
1306,2016-10,0,0
1306,2017-02,0,0
1306,2017-06,0,0
1306,2017-10,0,0
1307,2015-04,0,0
1307,2015-07,1,0
1307,2015-10,1,0
1307,2016-02,1,0
1307,2016-06,1,0
1307,2016-10,0,0
1307,2017-02,1,0
1307,2017-06,1,0
1307,2017-10,0,0
1308,2015-04,0,0
1308,2015-07,1,0
1308,2015-10,1,0
1308,2016-02,1,0
1308,2016-06,0,0
1308,2016-10,0,0
1308,2017-02,0,0
1308,2017-06,0,0
1308,2017-10,0,0
1309,2015-04,0,0
1309,2015-07,0,0
1309,2015-10,0,0
1309,2016-02,0,0
1309,2016-06,0,0
1309,2016-10,0,0
1309,2017-02,0,0
1309,2017-06,0,0
1309,2017-10,0,0
1310,2015-04,0,0
1310,2015-07,1,0
1310,2015-10,0,0
1310,2016-02,1,0
1310,2016-06,0,0
1310,2016-10,0,0
1310,2017-02,0,0
1310,2017-06,0,0
1310,2017-10,0,0
1311,2015-04,0,0
1311,2015-07,0,0
1311,2015-10,0,0
1311,2016-02,1,0
1311,2016-06,1,0
1311,2016-10,0,0
1311,2017-02,0,0
1311,2017-06,1,0
1311,2017-10,0,0
1312,2015-04,0,0
1312,2015-07,0,0
1312,2015-10,0,0
1312,2016-02,0,0
1312,2016-06,0,0
1312,2016-10,0,0
1312,2017-02,0,0
1312,2017-06,0,0
1312,2017-10,0,0
1313,2015-04,0,0
1313,2015-07,0,0
1313,2015-10,0,0
1313,2016-02,0,0
1313,2016-06,0,0
1313,2016-10,0,0
1313,2017-02,0,0
1313,2017-06,0,0
1313,2017-10,0,0
1314,2015-04,0,0
1314,2015-07,0,0
1314,2015-10,0,0
1314,2016-02,0,0
1314,2016-06,0,0
1314,2016-10,0,0
1314,2017-02,0,0
1314,2017-06,0,0
1314,2017-10,0,0
1315,2015-04,0,0
1315,2015-07,0,0
1315,2015-10,0,0
1315,2016-02,0,0
1315,2016-06,0,0
1315,2016-10,0,0
1315,2017-02,0,0
1315,2017-06,0,0
1315,2017-10,0,0
1316,2015-04,0,0
1316,2015-07,0,0
1316,2015-10,0,0
1316,2016-02,0,0
1316,2016-06,0,0
1316,2016-10,0,0
1316,2017-02,0,0
1316,2017-06,0,0
1316,2017-10,0,0
1317,2015-04,0,0
1317,2015-07,0,0
1317,2015-10,0,0
1317,2016-02,0,0
1317,2016-06,0,0
1317,2016-10,0,0
1317,2017-02,0,0
1317,2017-06,0,0
1317,2017-10,0,0
1318,2015-04,0,0
1318,2015-07,0,0
1318,2015-10,0,0
1318,2016-02,0,0
1318,2016-06,0,0
1318,2016-10,0,0
1318,2017-02,0,0
1318,2017-06,0,0
1318,2017-10,0,0
1319,2015-04,0,0
1319,2015-07,0,0
1319,2015-10,0,0
1319,2016-02,0,0
1319,2016-06,0,0
1319,2016-10,0,0
1319,2017-02,0,0
1319,2017-06,0,0
1319,2017-10,0,0
1320,2015-04,0,0
1320,2015-07,0,0
1320,2015-10,0,0
1320,2016-02,0,0
1320,2016-06,0,0
1320,2016-10,0,0
1320,2017-02,0,0
1320,2017-06,0,0
1320,2017-10,0,0
1321,2015-04,0,0
1321,2015-07,0,0
1321,2015-10,0,0
1321,2016-02,0,0
1321,2016-06,0,0
1321,2016-10,0,0
1321,2017-02,0,0
1321,2017-06,0,0
1321,2017-10,0,0
1322,2015-04,0,0
1322,2015-07,0,0
1322,2015-10,0,0
1322,2016-02,0,0
1322,2016-06,0,0
1322,2016-10,0,0
1322,2017-02,0,0
1322,2017-06,1,0
1322,2017-10,0,0
1323,2015-04,0,0
1323,2015-07,0,0
1323,2015-10,0,0
1323,2016-02,0,0
1323,2016-06,0,0
1323,2016-10,0,0
1323,2017-02,0,0
1323,2017-06,0,0
1323,2017-10,1,0
1324,2015-04,1,0
1324,2015-07,1,0
1324,2015-10,1,0
1324,2016-02,1,0
1324,2016-06,1,0
1324,2016-10,0,0
1324,2017-02,1,0
1324,2017-06,1,0
1324,2017-10,0,0
1325,2015-04,0,0
1325,2015-07,0,0
1325,2015-10,0,0
1325,2016-02,0,0
1325,2016-06,0,0
1325,2016-10,0,0
1325,2017-02,0,0
1325,2017-06,0,0
1325,2017-10,0,0
1326,2015-04,0,0
1326,2015-07,1,0
1326,2015-10,1,0
1326,2016-02,1,0
1326,2016-06,1,0
1326,2016-10,0,0
1326,2017-02,0,0
1326,2017-06,1,0
1326,2017-10,0,0
1327,2015-04,0,0
1327,2015-07,0,0
1327,2015-10,0,0
1327,2016-02,0,0
1327,2016-06,0,0
1327,2016-10,0,0
1327,2017-02,0,0
1327,2017-06,0,0
1327,2017-10,0,0
1328,2015-04,0,0
1328,2015-07,0,0
1328,2015-10,0,0
1328,2016-02,0,0
1328,2016-06,0,0
1328,2016-10,0,0
1328,2017-02,0,0
1328,2017-06,0,0
1328,2017-10,0,0
1329,2015-04,0,4
1329,2015-07,0,4
1329,2015-10,0,4
1329,2016-02,0,4
1329,2016-06,0,4
1329,2016-10,0,4
1329,2017-02,1,4
1329,2017-06,1,4
1329,2017-10,1,4
1330,2015-04,0,0
1330,2015-07,0,0
1330,2015-10,0,0
1330,2016-02,0,0
1330,2016-06,0,0
1330,2016-10,0,0
1330,2017-02,0,0
1330,2017-06,0,0
1330,2017-10,0,0
1331,2015-04,0,0
1331,2015-07,0,0
1331,2015-10,0,0
1331,2016-02,0,0
1331,2016-06,0,0
1331,2016-10,0,0
1331,2017-02,0,0
1331,2017-06,1,0
1331,2017-10,0,0
1332,2015-04,0,0
1332,2015-07,0,0
1332,2015-10,0,0
1332,2016-02,0,0
1332,2016-06,0,0
1332,2016-10,0,0
1332,2017-02,0,0
1332,2017-06,0,0
1332,2017-10,0,0
1333,2015-04,0,0
1333,2015-07,0,0
1333,2015-10,0,0
1333,2016-02,0,0
1333,2016-06,0,0
1333,2016-10,0,0
1333,2017-02,0,0
1333,2017-06,0,0
1333,2017-10,0,0
1334,2015-04,0,0
1334,2015-07,0,0
1334,2015-10,0,0
1334,2016-02,0,0
1334,2016-06,0,0
1334,2016-10,0,0
1334,2017-02,0,0
1334,2017-06,0,0
1334,2017-10,0,0
1335,2015-04,0,0
1335,2015-07,0,0
1335,2015-10,0,0
1335,2016-02,0,0
1335,2016-06,0,0
1335,2016-10,0,0
1335,2017-02,0,0
1335,2017-06,0,0
1335,2017-10,0,0
1336,2015-04,0,0
1336,2015-07,1,0
1336,2015-10,1,0
1336,2016-02,1,0
1336,2016-06,1,0
1336,2016-10,0,0
1336,2017-02,0,0
1336,2017-06,0,0
1336,2017-10,0,0
1337,2015-04,0,0
1337,2015-07,0,0
1337,2015-10,0,0
1337,2016-02,0,0
1337,2016-06,0,0
1337,2016-10,0,0
1337,2017-02,0,0
1337,2017-06,0,0
1337,2017-10,0,0
1338,2015-04,0,0
1338,2015-07,0,0
1338,2015-10,1,0
1338,2016-02,1,0
1338,2016-06,0,0
1338,2016-10,0,0
1338,2017-02,0,0
1338,2017-06,0,0
1338,2017-10,0,0
1339,2015-04,0,0
1339,2015-07,0,0
1339,2015-10,1,0
1339,2016-02,1,0
1339,2016-06,1,0
1339,2016-10,0,0
1339,2017-02,0,0
1339,2017-06,0,0
1339,2017-10,0,0
1340,2015-04,0,0
1340,2015-07,0,0
1340,2015-10,0,0
1340,2016-02,0,0
1340,2016-06,0,0
1340,2016-10,0,0
1340,2017-02,0,0
1340,2017-06,0,0
1340,2017-10,0,0
1341,2015-04,0,0
1341,2015-07,0,0
1341,2015-10,0,0
1341,2016-02,0,0
1341,2016-06,0,0
1341,2016-10,0,0
1341,2017-02,0,0
1341,2017-06,0,0
1341,2017-10,0,0
1342,2015-04,0,0
1342,2015-07,0,0
1342,2015-10,1,0
1342,2016-02,1,0
1342,2016-06,1,0
1342,2016-10,0,0
1342,2017-02,0,0
1342,2017-06,1,0
1342,2017-10,0,0
1343,2015-04,0,0
1343,2015-07,0,0
1343,2015-10,0,0
1343,2016-02,0,0
1343,2016-06,0,0
1343,2016-10,0,0
1343,2017-02,0,0
1343,2017-06,0,0
1343,2017-10,0,0
1344,2015-04,0,0
1344,2015-07,0,0
1344,2015-10,0,0
1344,2016-02,0,0
1344,2016-06,0,0
1344,2016-10,0,0
1344,2017-02,0,0
1344,2017-06,0,0
1344,2017-10,0,0
1345,2015-04,0,0
1345,2015-07,0,0
1345,2015-10,1,0
1345,2016-02,1,0
1345,2016-06,1,0
1345,2016-10,0,0
1345,2017-02,0,0
1345,2017-06,0,0
1345,2017-10,0,0
1346,2015-04,0,0
1346,2015-07,0,0
1346,2015-10,1,0
1346,2016-02,1,0
1346,2016-06,1,0
1346,2016-10,0,0
1346,2017-02,0,0
1346,2017-06,0,0
1346,2017-10,0,0
1347,2015-04,0,0
1347,2015-07,1,0
1347,2015-10,1,0
1347,2016-02,1,0
1347,2016-06,1,0
1347,2016-10,0,0
1347,2017-02,0,0
1347,2017-06,0,0
1347,2017-10,0,0
1348,2015-04,0,0
1348,2015-07,0,0
1348,2015-10,0,0
1348,2016-02,0,0
1348,2016-06,0,0
1348,2016-10,0,0
1348,2017-02,0,0
1348,2017-06,0,0
1348,2017-10,0,0
1349,2015-04,0,0
1349,2015-07,0,0
1349,2015-10,0,0
1349,2016-02,0,0
1349,2016-06,0,0
1349,2016-10,0,0
1349,2017-02,0,0
1349,2017-06,0,0
1349,2017-10,0,0
1350,2015-04,0,0
1350,2015-07,0,0
1350,2015-10,0,0
1350,2016-02,0,0
1350,2016-06,0,0
1350,2016-10,0,0
1350,2017-02,0,0
1350,2017-06,0,0
1350,2017-10,0,0
1351,2015-04,0,0
1351,2015-07,0,0
1351,2015-10,0,0
1351,2016-02,0,0
1351,2016-06,0,0
1351,2016-10,0,0
1351,2017-02,1,0
1351,2017-06,0,0
1351,2017-10,0,0
1352,2015-04,0,0
1352,2015-07,0,0
1352,2015-10,0,0
1352,2016-02,0,0
1352,2016-06,0,0
1352,2016-10,0,0
1352,2017-02,1,0
1352,2017-06,1,0
1352,2017-10,0,0
1353,2015-04,0,0
1353,2015-07,0,0
1353,2015-10,0,0
1353,2016-02,0,0
1353,2016-06,0,0
1353,2016-10,0,0
1353,2017-02,0,0
1353,2017-06,0,0
1353,2017-10,0,0
1354,2015-04,0,0
1354,2015-07,0,0
1354,2015-10,0,0
1354,2016-02,0,0
1354,2016-06,0,0
1354,2016-10,0,0
1354,2017-02,0,0
1354,2017-06,0,0
1354,2017-10,0,0
1355,2015-04,0,0
1355,2015-07,0,0
1355,2015-10,0,0
1355,2016-02,0,0
1355,2016-06,0,0
1355,2016-10,0,0
1355,2017-02,0,0
1355,2017-06,0,0
1355,2017-10,0,0
1356,2015-04,0,0
1356,2015-07,0,0
1356,2015-10,0,0
1356,2016-02,0,0
1356,2016-06,0,0
1356,2016-10,0,0
1356,2017-02,0,0
1356,2017-06,0,0
1356,2017-10,0,0
1357,2015-04,0,0
1357,2015-07,0,0
1357,2015-10,0,0
1357,2016-02,0,0
1357,2016-06,0,0
1357,2016-10,0,0
1357,2017-02,0,0
1357,2017-06,0,0
1357,2017-10,0,0
1358,2015-04,0,0
1358,2015-07,0,0
1358,2015-10,0,0
1358,2016-02,0,0
1358,2016-06,0,0
1358,2016-10,0,0
1358,2017-02,0,0
1358,2017-06,0,0
1358,2017-10,0,0
1359,2015-04,0,0
1359,2015-07,0,0
1359,2015-10,1,0
1359,2016-02,1,0
1359,2016-06,0,0
1359,2016-10,0,0
1359,2017-02,0,0
1359,2017-06,0,0
1359,2017-10,0,0
1360,2015-04,0,0
1360,2015-07,0,0
1360,2015-10,0,0
1360,2016-02,0,0
1360,2016-06,0,0
1360,2016-10,0,0
1360,2017-02,0,0
1360,2017-06,0,0
1360,2017-10,0,0
1361,2015-04,0,0
1361,2015-07,0,0
1361,2015-10,0,0
1361,2016-02,0,0
1361,2016-06,0,0
1361,2016-10,0,0
1361,2017-02,0,0
1361,2017-06,0,0
1361,2017-10,0,0
1362,2015-04,0,0
1362,2015-07,0,0
1362,2015-10,0,0
1362,2016-02,0,0
1362,2016-06,0,0
1362,2016-10,0,0
1362,2017-02,0,0
1362,2017-06,0,0
1362,2017-10,0,0
1363,2015-04,0,0
1363,2015-07,1,0
1363,2015-10,1,0
1363,2016-02,1,0
1363,2016-06,1,0
1363,2016-10,0,0
1363,2017-02,0,0
1363,2017-06,1,0
1363,2017-10,0,0
1364,2015-04,0,0
1364,2015-07,0,0
1364,2015-10,1,0
1364,2016-02,1,0
1364,2016-06,0,0
1364,2016-10,0,0
1364,2017-02,0,0
1364,2017-06,0,0
1364,2017-10,0,0
1365,2015-04,0,0
1365,2015-07,0,0
1365,2015-10,0,0
1365,2016-02,0,0
1365,2016-06,0,0
1365,2016-10,0,0
1365,2017-02,0,0
1365,2017-06,0,0
1365,2017-10,0,0
1366,2015-04,0,0
1366,2015-07,0,0
1366,2015-10,0,0
1366,2016-02,0,0
1366,2016-06,0,0
1366,2016-10,0,0
1366,2017-02,0,0
1366,2017-06,0,0
1366,2017-10,0,0
1367,2015-04,0,0
1367,2015-07,0,0
1367,2015-10,0,0
1367,2016-02,0,0
1367,2016-06,0,0
1367,2016-10,0,0
1367,2017-02,0,0
1367,2017-06,0,0
1367,2017-10,0,0
1368,2015-04,0,0
1368,2015-07,0,0
1368,2015-10,0,0
1368,2016-02,0,0
1368,2016-06,0,0
1368,2016-10,0,0
1368,2017-02,0,0
1368,2017-06,0,0
1368,2017-10,0,0
1369,2015-04,0,0
1369,2015-07,1,0
1369,2015-10,0,0
1369,2016-02,0,0
1369,2016-06,0,0
1369,2016-10,0,0
1369,2017-02,0,0
1369,2017-06,0,0
1369,2017-10,0,0
1370,2015-04,0,0
1370,2015-07,1,0
1370,2015-10,0,0
1370,2016-02,0,0
1370,2016-06,0,0
1370,2016-10,0,0
1370,2017-02,1,0
1370,2017-06,0,0
1370,2017-10,0,0
1371,2015-04,0,0
1371,2015-07,0,0
1371,2015-10,0,0
1371,2016-02,0,0
1371,2016-06,0,0
1371,2016-10,0,0
1371,2017-02,1,0
1371,2017-06,1,0
1371,2017-10,1,0
1372,2015-04,0,0
1372,2015-07,0,0
1372,2015-10,0,0
1372,2016-02,0,0
1372,2016-06,0,0
1372,2016-10,0,0
1372,2017-02,0,0
1372,2017-06,0,0
1372,2017-10,0,0
1373,2015-04,0,0
1373,2015-07,0,0
1373,2015-10,0,0
1373,2016-02,0,0
1373,2016-06,0,0
1373,2016-10,0,0
1373,2017-02,0,0
1373,2017-06,0,0
1373,2017-10,0,0
1374,2015-04,0,0
1374,2015-07,0,0
1374,2015-10,0,0
1374,2016-02,0,0
1374,2016-06,0,0
1374,2016-10,0,0
1374,2017-02,0,0
1374,2017-06,0,0
1374,2017-10,0,0
1375,2015-04,0,4
1375,2015-07,0,4
1375,2015-10,0,4
1375,2016-02,0,4
1375,2016-06,0,4
1375,2016-10,0,4
1375,2017-02,1,4
1375,2017-06,1,4
1375,2017-10,1,4
1376,2015-04,0,0
1376,2015-07,0,0
1376,2015-10,0,0
1376,2016-02,0,0
1376,2016-06,0,0
1376,2016-10,0,0
1376,2017-02,0,0
1376,2017-06,0,0
1376,2017-10,0,0
1377,2015-04,0,0
1377,2015-07,0,0
1377,2015-10,0,0
1377,2016-02,0,0
1377,2016-06,0,0
1377,2016-10,0,0
1377,2017-02,0,0
1377,2017-06,0,0
1377,2017-10,0,0
1378,2015-04,0,0
1378,2015-07,0,0
1378,2015-10,0,0
1378,2016-02,0,0
1378,2016-06,0,0
1378,2016-10,0,0
1378,2017-02,0,0
1378,2017-06,0,0
1378,2017-10,0,0
1379,2015-04,0,0
1379,2015-07,0,0
1379,2015-10,0,0
1379,2016-02,0,0
1379,2016-06,0,0
1379,2016-10,0,0
1379,2017-02,1,0
1379,2017-06,1,0
1379,2017-10,0,0
1380,2015-04,0,0
1380,2015-07,1,0
1380,2015-10,1,0
1380,2016-02,1,0
1380,2016-06,1,0
1380,2016-10,0,0
1380,2017-02,1,0
1380,2017-06,1,0
1380,2017-10,0,0
1381,2015-04,0,0
1381,2015-07,0,0
1381,2015-10,0,0
1381,2016-02,0,0
1381,2016-06,0,0
1381,2016-10,0,0
1381,2017-02,1,0
1381,2017-06,1,0
1381,2017-10,0,0
1382,2015-04,0,4
1382,2015-07,0,4
1382,2015-10,0,4
1382,2016-02,0,4
1382,2016-06,0,4
1382,2016-10,0,4
1382,2017-02,1,4
1382,2017-06,1,4
1382,2017-10,1,4
1383,2015-04,0,0
1383,2015-07,0,0
1383,2015-10,0,0
1383,2016-02,0,0
1383,2016-06,0,0
1383,2016-10,0,0
1383,2017-02,0,0
1383,2017-06,0,0
1383,2017-10,0,0
1384,2015-04,0,0
1384,2015-07,0,0
1384,2015-10,1,0
1384,2016-02,1,0
1384,2016-06,1,0
1384,2016-10,0,0
1384,2017-02,1,0
1384,2017-06,1,0
1384,2017-10,0,0
1385,2015-04,0,0
1385,2015-07,0,0
1385,2015-10,0,0
1385,2016-02,0,0
1385,2016-06,0,0
1385,2016-10,0,0
1385,2017-02,1,0
1385,2017-06,1,0
1385,2017-10,1,0
1386,2015-04,0,0
1386,2015-07,0,0
1386,2015-10,0,0
1386,2016-02,0,0
1386,2016-06,0,0
1386,2016-10,0,0
1386,2017-02,1,0
1386,2017-06,1,0
1386,2017-10,0,0
1387,2015-04,0,0
1387,2015-07,0,0
1387,2015-10,1,0
1387,2016-02,1,0
1387,2016-06,0,0
1387,2016-10,0,0
1387,2017-02,0,0
1387,2017-06,0,0
1387,2017-10,0,0
1388,2015-04,0,0
1388,2015-07,0,0
1388,2015-10,0,0
1388,2016-02,0,0
1388,2016-06,0,0
1388,2016-10,0,0
1388,2017-02,1,0
1388,2017-06,1,0
1388,2017-10,0,0
1389,2015-04,0,0
1389,2015-07,0,0
1389,2015-10,0,0
1389,2016-02,0,0
1389,2016-06,0,0
1389,2016-10,0,0
1389,2017-02,0,0
1389,2017-06,0,0
1389,2017-10,0,0
1390,2015-04,0,0
1390,2015-07,1,0
1390,2015-10,1,0
1390,2016-02,1,0
1390,2016-06,0,0
1390,2016-10,0,0
1390,2017-02,0,0
1390,2017-06,0,0
1390,2017-10,0,0
1391,2015-04,0,0
1391,2015-07,0,0
1391,2015-10,0,0
1391,2016-02,0,0
1391,2016-06,0,0
1391,2016-10,0,0
1391,2017-02,0,0
1391,2017-06,0,0
1391,2017-10,0,0
1392,2015-04,0,0
1392,2015-07,0,0
1392,2015-10,0,0
1392,2016-02,0,0
1392,2016-06,0,0
1392,2016-10,0,0
1392,2017-02,0,0
1392,2017-06,0,0
1392,2017-10,0,0
1393,2015-04,0,0
1393,2015-07,0,0
1393,2015-10,0,0
1393,2016-02,0,0
1393,2016-06,0,0
1393,2016-10,0,0
1393,2017-02,0,0
1393,2017-06,0,0
1393,2017-10,0,0
1394,2015-04,0,0
1394,2015-07,0,0
1394,2015-10,0,0
1394,2016-02,0,0
1394,2016-06,0,0
1394,2016-10,0,0
1394,2017-02,0,0
1394,2017-06,0,0
1394,2017-10,0,0
1395,2015-04,0,0
1395,2015-07,0,0
1395,2015-10,0,0
1395,2016-02,0,0
1395,2016-06,0,0
1395,2016-10,0,0
1395,2017-02,0,0
1395,2017-06,0,0
1395,2017-10,0,0
1396,2015-04,0,4
1396,2015-07,0,4
1396,2015-10,0,4
1396,2016-02,0,4
1396,2016-06,0,4
1396,2016-10,0,4
1396,2017-02,1,4
1396,2017-06,1,4
1396,2017-10,1,4
1397,2015-04,0,0
1397,2015-07,0,0
1397,2015-10,0,0
1397,2016-02,0,0
1397,2016-06,0,0
1397,2016-10,0,0
1397,2017-02,0,0
1397,2017-06,0,0
1397,2017-10,0,0
1398,2015-04,0,0
1398,2015-07,0,0
1398,2015-10,0,0
1398,2016-02,0,0
1398,2016-06,0,0
1398,2016-10,0,0
1398,2017-02,0,0
1398,2017-06,0,0
1398,2017-10,0,0
1399,2015-04,0,0
1399,2015-07,0,0
1399,2015-10,0,0
1399,2016-02,0,0
1399,2016-06,0,0
1399,2016-10,0,0
1399,2017-02,0,0
1399,2017-06,0,0
1399,2017-10,0,0
1400,2015-04,0,0
1400,2015-07,0,0
1400,2015-10,0,0
1400,2016-02,0,0
1400,2016-06,0,0
1400,2016-10,0,0
1400,2017-02,0,0
1400,2017-06,0,0
1400,2017-10,0,0
1401,2015-04,0,0
1401,2015-07,0,0
1401,2015-10,0,0
1401,2016-02,0,0
1401,2016-06,0,0
1401,2016-10,0,0
1401,2017-02,0,0
1401,2017-06,0,0
1401,2017-10,0,0
1402,2015-04,0,0
1402,2015-07,0,0
1402,2015-10,0,0
1402,2016-02,0,0
1402,2016-06,0,0
1402,2016-10,0,0
1402,2017-02,0,0
1402,2017-06,0,0
1402,2017-10,0,0
1403,2015-04,0,0
1403,2015-07,0,0
1403,2015-10,0,0
1403,2016-02,0,0
1403,2016-06,0,0
1403,2016-10,0,0
1403,2017-02,0,0
1403,2017-06,0,0
1403,2017-10,0,0
1404,2015-04,0,0
1404,2015-07,0,0
1404,2015-10,0,0
1404,2016-02,0,0
1404,2016-06,0,0
1404,2016-10,0,0
1404,2017-02,0,0
1404,2017-06,0,0
1404,2017-10,0,0
1405,2015-04,0,0
1405,2015-07,0,0
1405,2015-10,0,0
1405,2016-02,1,0
1405,2016-06,1,0
1405,2016-10,0,0
1405,2017-02,0,0
1405,2017-06,1,0
1405,2017-10,0,0
1406,2015-04,0,0
1406,2015-07,0,0
1406,2015-10,0,0
1406,2016-02,0,0
1406,2016-06,0,0
1406,2016-10,0,0
1406,2017-02,0,0
1406,2017-06,0,0
1406,2017-10,0,0
1407,2015-04,0,0
1407,2015-07,0,0
1407,2015-10,1,0
1407,2016-02,1,0
1407,2016-06,1,0
1407,2016-10,0,0
1407,2017-02,0,0
1407,2017-06,0,0
1407,2017-10,0,0
1408,2015-04,0,0
1408,2015-07,0,0
1408,2015-10,1,0
1408,2016-02,1,0
1408,2016-06,1,0
1408,2016-10,0,0
1408,2017-02,0,0
1408,2017-06,0,0
1408,2017-10,0,0
1409,2015-04,0,0
1409,2015-07,0,0
1409,2015-10,1,0
1409,2016-02,1,0
1409,2016-06,1,0
1409,2016-10,0,0
1409,2017-02,0,0
1409,2017-06,0,0
1409,2017-10,0,0
1410,2015-04,0,0
1410,2015-07,0,0
1410,2015-10,0,0
1410,2016-02,0,0
1410,2016-06,0,0
1410,2016-10,0,0
1410,2017-02,0,0
1410,2017-06,0,0
1410,2017-10,0,0
1411,2015-04,0,0
1411,2015-07,0,0
1411,2015-10,0,0
1411,2016-02,0,0
1411,2016-06,0,0
1411,2016-10,0,0
1411,2017-02,0,0
1411,2017-06,0,0
1411,2017-10,0,0
1412,2015-04,0,0
1412,2015-07,0,0
1412,2015-10,0,0
1412,2016-02,0,0
1412,2016-06,0,0
1412,2016-10,0,0
1412,2017-02,0,0
1412,2017-06,0,0
1412,2017-10,0,0
1413,2015-04,0,0
1413,2015-07,0,0
1413,2015-10,0,0
1413,2016-02,0,0
1413,2016-06,0,0
1413,2016-10,0,0
1413,2017-02,0,0
1413,2017-06,0,0
1413,2017-10,0,0
1414,2015-04,0,0
1414,2015-07,0,0
1414,2015-10,0,0
1414,2016-02,0,0
1414,2016-06,0,0
1414,2016-10,0,0
1414,2017-02,0,0
1414,2017-06,0,0
1414,2017-10,1,0
1415,2015-04,0,0
1415,2015-07,0,0
1415,2015-10,0,0
1415,2016-02,0,0
1415,2016-06,0,0
1415,2016-10,0,0
1415,2017-02,0,0
1415,2017-06,0,0
1415,2017-10,1,0
1416,2015-04,0,0
1416,2015-07,0,0
1416,2015-10,0,0
1416,2016-02,0,0
1416,2016-06,0,0
1416,2016-10,0,0
1416,2017-02,0,0
1416,2017-06,0,0
1416,2017-10,1,0
1417,2015-04,0,0
1417,2015-07,0,0
1417,2015-10,0,0
1417,2016-02,0,0
1417,2016-06,0,0
1417,2016-10,0,0
1417,2017-02,0,0
1417,2017-06,0,0
1417,2017-10,0,0
1418,2015-04,0,0
1418,2015-07,0,0
1418,2015-10,0,0
1418,2016-02,0,0
1418,2016-06,0,0
1418,2016-10,0,0
1418,2017-02,0,0
1418,2017-06,0,0
1418,2017-10,0,0
1419,2015-04,0,0
1419,2015-07,0,0
1419,2015-10,1,0
1419,2016-02,0,0
1419,2016-06,0,0
1419,2016-10,0,0
1419,2017-02,0,0
1419,2017-06,0,0
1419,2017-10,0,0
1420,2015-04,1,0
1420,2015-07,1,0
1420,2015-10,1,0
1420,2016-02,1,0
1420,2016-06,1,0
1420,2016-10,0,0
1420,2017-02,0,0
1420,2017-06,1,0
1420,2017-10,0,0
1421,2015-04,0,0
1421,2015-07,0,0
1421,2015-10,0,0
1421,2016-02,0,0
1421,2016-06,0,0
1421,2016-10,0,0
1421,2017-02,0,0
1421,2017-06,0,0
1421,2017-10,0,0
1422,2015-04,0,0
1422,2015-07,0,0
1422,2015-10,0,0
1422,2016-02,0,0
1422,2016-06,0,0
1422,2016-10,0,0
1422,2017-02,0,0
1422,2017-06,0,0
1422,2017-10,0,0
1423,2015-04,0,0
1423,2015-07,0,0
1423,2015-10,0,0
1423,2016-02,0,0
1423,2016-06,0,0
1423,2016-10,0,0
1423,2017-02,1,0
1423,2017-06,1,0
1423,2017-10,0,0
1424,2015-04,0,0
1424,2015-07,1,0
1424,2015-10,1,0
1424,2016-02,1,0
1424,2016-06,0,0
1424,2016-10,0,0
1424,2017-02,1,0
1424,2017-06,0,0
1424,2017-10,0,0
1425,2015-04,0,0
1425,2015-07,0,0
1425,2015-10,0,0
1425,2016-02,0,0
1425,2016-06,0,0
1425,2016-10,0,0
1425,2017-02,0,0
1425,2017-06,0,0
1425,2017-10,0,0
1426,2015-04,0,0
1426,2015-07,1,0
1426,2015-10,1,0
1426,2016-02,1,0
1426,2016-06,1,0
1426,2016-10,1,0
1426,2017-02,1,0
1426,2017-06,0,0
1426,2017-10,0,0
1427,2015-04,0,0
1427,2015-07,0,0
1427,2015-10,0,0
1427,2016-02,0,0
1427,2016-06,0,0
1427,2016-10,0,0
1427,2017-02,0,0
1427,2017-06,0,0
1427,2017-10,0,0
1428,2015-04,0,0
1428,2015-07,0,0
1428,2015-10,0,0
1428,2016-02,0,0
1428,2016-06,0,0
1428,2016-10,0,0
1428,2017-02,0,0
1428,2017-06,0,0
1428,2017-10,0,0
1429,2015-04,0,0
1429,2015-07,0,0
1429,2015-10,0,0
1429,2016-02,0,0
1429,2016-06,0,0
1429,2016-10,0,0
1429,2017-02,0,0
1429,2017-06,0,0
1429,2017-10,0,0
1430,2015-04,0,0
1430,2015-07,0,0
1430,2015-10,0,0
1430,2016-02,0,0
1430,2016-06,0,0
1430,2016-10,0,0
1430,2017-02,0,0
1430,2017-06,0,0
1430,2017-10,0,0
1431,2015-04,0,0
1431,2015-07,0,0
1431,2015-10,0,0
1431,2016-02,0,0
1431,2016-06,0,0
1431,2016-10,0,0
1431,2017-02,0,0
1431,2017-06,0,0
1431,2017-10,0,0
1432,2015-04,0,0
1432,2015-07,0,0
1432,2015-10,0,0
1432,2016-02,0,0
1432,2016-06,0,0
1432,2016-10,0,0
1432,2017-02,0,0
1432,2017-06,0,0
1432,2017-10,0,0
1433,2015-04,0,0
1433,2015-07,0,0
1433,2015-10,0,0
1433,2016-02,0,0
1433,2016-06,0,0
1433,2016-10,0,0
1433,2017-02,0,0
1433,2017-06,0,0
1433,2017-10,0,0
1434,2015-04,0,0
1434,2015-07,0,0
1434,2015-10,0,0
1434,2016-02,0,0
1434,2016-06,0,0
1434,2016-10,0,0
1434,2017-02,1,0
1434,2017-06,1,0
1434,2017-10,0,0
1435,2015-04,0,0
1435,2015-07,1,0
1435,2015-10,1,0
1435,2016-02,1,0
1435,2016-06,0,0
1435,2016-10,0,0
1435,2017-02,1,0
1435,2017-06,0,0
1435,2017-10,0,0
1436,2015-04,0,0
1436,2015-07,1,0
1436,2015-10,1,0
1436,2016-02,1,0
1436,2016-06,0,0
1436,2016-10,0,0
1436,2017-02,1,0
1436,2017-06,0,0
1436,2017-10,0,0
1437,2015-04,0,0
1437,2015-07,0,0
1437,2015-10,0,0
1437,2016-02,0,0
1437,2016-06,0,0
1437,2016-10,0,0
1437,2017-02,0,0
1437,2017-06,0,0
1437,2017-10,0,0
1438,2015-04,0,0
1438,2015-07,0,0
1438,2015-10,1,0
1438,2016-02,1,0
1438,2016-06,1,0
1438,2016-10,0,0
1438,2017-02,0,0
1438,2017-06,0,0
1438,2017-10,0,0
1439,2015-04,1,4
1439,2015-07,0,4
1439,2015-10,0,4
1439,2016-02,0,4
1439,2016-06,0,4
1439,2016-10,0,4
1439,2017-02,1,4
1439,2017-06,1,4
1439,2017-10,0,4
1440,2015-04,0,0
1440,2015-07,0,0
1440,2015-10,0,0
1440,2016-02,0,0
1440,2016-06,0,0
1440,2016-10,0,0
1440,2017-02,0,0
1440,2017-06,0,0
1440,2017-10,0,0
1441,2015-04,0,0
1441,2015-07,0,0
1441,2015-10,0,0
1441,2016-02,0,0
1441,2016-06,0,0
1441,2016-10,0,0
1441,2017-02,0,0
1441,2017-06,0,0
1441,2017-10,0,0
1442,2015-04,0,0
1442,2015-07,0,0
1442,2015-10,0,0
1442,2016-02,0,0
1442,2016-06,0,0
1442,2016-10,0,0
1442,2017-02,1,0
1442,2017-06,1,0
1442,2017-10,1,0
1443,2015-04,0,0
1443,2015-07,0,0
1443,2015-10,0,0
1443,2016-02,0,0
1443,2016-06,0,0
1443,2016-10,0,0
1443,2017-02,1,0
1443,2017-06,1,0
1443,2017-10,1,0
1444,2015-04,0,0
1444,2015-07,1,0
1444,2015-10,1,0
1444,2016-02,1,0
1444,2016-06,1,0
1444,2016-10,0,0
1444,2017-02,0,0
1444,2017-06,0,0
1444,2017-10,0,0
1445,2015-04,0,0
1445,2015-07,0,0
1445,2015-10,0,0
1445,2016-02,0,0
1445,2016-06,0,0
1445,2016-10,0,0
1445,2017-02,1,0
1445,2017-06,1,0
1445,2017-10,0,0
1446,2015-04,0,0
1446,2015-07,0,0
1446,2015-10,0,0
1446,2016-02,0,0
1446,2016-06,0,0
1446,2016-10,0,0
1446,2017-02,1,0
1446,2017-06,1,0
1446,2017-10,0,0
1447,2015-04,1,0
1447,2015-07,0,0
1447,2015-10,0,0
1447,2016-02,0,0
1447,2016-06,0,0
1447,2016-10,0,0
1447,2017-02,1,0
1447,2017-06,1,0
1447,2017-10,0,0
1448,2015-04,0,0
1448,2015-07,0,0
1448,2015-10,0,0
1448,2016-02,0,0
1448,2016-06,0,0
1448,2016-10,0,0
1448,2017-02,0,0
1448,2017-06,0,0
1448,2017-10,0,0
1449,2015-04,1,0
1449,2015-07,1,0
1449,2015-10,0,0
1449,2016-02,1,0
1449,2016-06,1,0
1449,2016-10,0,0
1449,2017-02,0,0
1449,2017-06,0,0
1449,2017-10,0,0
1450,2015-04,0,0
1450,2015-07,0,0
1450,2015-10,0,0
1450,2016-02,0,0
1450,2016-06,0,0
1450,2016-10,0,0
1450,2017-02,0,0
1450,2017-06,0,0
1450,2017-10,0,0
1451,2015-04,1,4
1451,2015-07,0,4
1451,2015-10,0,4
1451,2016-02,0,4
1451,2016-06,0,4
1451,2016-10,0,4
1451,2017-02,0,4
1451,2017-06,1,4
1451,2017-10,0,4
1452,2015-04,0,0
1452,2015-07,0,0
1452,2015-10,1,0
1452,2016-02,1,0
1452,2016-06,1,0
1452,2016-10,0,0
1452,2017-02,0,0
1452,2017-06,0,0
1452,2017-10,0,0
1453,2015-04,0,0
1453,2015-07,0,0
1453,2015-10,0,0
1453,2016-02,0,0
1453,2016-06,0,0
1453,2016-10,0,0
1453,2017-02,0,0
1453,2017-06,0,0
1453,2017-10,0,0
1454,2015-04,0,0
1454,2015-07,0,0
1454,2015-10,0,0
1454,2016-02,0,0
1454,2016-06,0,0
1454,2016-10,0,0
1454,2017-02,0,0
1454,2017-06,0,0
1454,2017-10,0,0
1455,2015-04,0,0
1455,2015-07,0,0
1455,2015-10,1,0
1455,2016-02,1,0
1455,2016-06,1,0
1455,2016-10,0,0
1455,2017-02,0,0
1455,2017-06,0,0
1455,2017-10,0,0
1456,2015-04,0,0
1456,2015-07,1,0
1456,2015-10,1,0
1456,2016-02,1,0
1456,2016-06,1,0
1456,2016-10,0,0
1456,2017-02,0,0
1456,2017-06,0,0
1456,2017-10,0,0
1457,2015-04,0,0
1457,2015-07,1,0
1457,2015-10,1,0
1457,2016-02,1,0
1457,2016-06,1,0
1457,2016-10,0,0
1457,2017-02,0,0
1457,2017-06,0,0
1457,2017-10,0,0
1458,2015-04,0,0
1458,2015-07,1,0
1458,2015-10,1,0
1458,2016-02,1,0
1458,2016-06,1,0
1458,2016-10,0,0
1458,2017-02,0,0
1458,2017-06,0,0
1458,2017-10,0,0
1459,2015-04,0,4
1459,2015-07,0,4
1459,2015-10,0,4
1459,2016-02,0,4
1459,2016-06,0,4
1459,2016-10,0,4
1459,2017-02,1,4
1459,2017-06,1,4
1459,2017-10,1,4
1460,2015-04,0,4
1460,2015-07,0,4
1460,2015-10,0,4
1460,2016-02,0,4
1460,2016-06,0,4
1460,2016-10,0,4
1460,2017-02,1,4
1460,2017-06,1,4
1460,2017-10,1,4
1461,2015-04,0,0
1461,2015-07,0,0
1461,2015-10,0,0
1461,2016-02,0,0
1461,2016-06,0,0
1461,2016-10,0,0
1461,2017-02,0,0
1461,2017-06,0,0
1461,2017-10,0,0
1462,2015-04,0,0
1462,2015-07,0,0
1462,2015-10,0,0
1462,2016-02,0,0
1462,2016-06,0,0
1462,2016-10,0,0
1462,2017-02,0,0
1462,2017-06,0,0
1462,2017-10,0,0
1463,2015-04,1,0
1463,2015-07,0,0
1463,2015-10,0,0
1463,2016-02,0,0
1463,2016-06,0,0
1463,2016-10,0,0
1463,2017-02,0,0
1463,2017-06,1,0
1463,2017-10,0,0
1464,2015-04,0,0
1464,2015-07,0,0
1464,2015-10,1,0
1464,2016-02,1,0
1464,2016-06,0,0
1464,2016-10,0,0
1464,2017-02,0,0
1464,2017-06,0,0
1464,2017-10,0,0
1465,2015-04,0,0
1465,2015-07,0,0
1465,2015-10,1,0
1465,2016-02,1,0
1465,2016-06,0,0
1465,2016-10,0,0
1465,2017-02,0,0
1465,2017-06,0,0
1465,2017-10,0,0
1466,2015-04,0,0
1466,2015-07,0,0
1466,2015-10,0,0
1466,2016-02,0,0
1466,2016-06,0,0
1466,2016-10,0,0
1466,2017-02,0,0
1466,2017-06,0,0
1466,2017-10,0,0
1467,2015-04,0,0
1467,2015-07,0,0
1467,2015-10,1,0
1467,2016-02,1,0
1467,2016-06,0,0
1467,2016-10,0,0
1467,2017-02,0,0
1467,2017-06,0,0
1467,2017-10,0,0
1468,2015-04,0,0
1468,2015-07,1,0
1468,2015-10,1,0
1468,2016-02,1,0
1468,2016-06,1,0
1468,2016-10,0,0
1468,2017-02,1,0
1468,2017-06,1,0
1468,2017-10,0,0
1469,2015-04,0,0
1469,2015-07,0,0
1469,2015-10,0,0
1469,2016-02,0,0
1469,2016-06,0,0
1469,2016-10,0,0
1469,2017-02,0,0
1469,2017-06,0,0
1469,2017-10,0,0
1470,2015-04,0,0
1470,2015-07,0,0
1470,2015-10,1,0
1470,2016-02,1,0
1470,2016-06,1,0
1470,2016-10,1,0
1470,2017-02,1,0
1470,2017-06,0,0
1470,2017-10,0,0
1471,2015-04,0,0
1471,2015-07,0,0
1471,2015-10,0,0
1471,2016-02,0,0
1471,2016-06,0,0
1471,2016-10,0,0
1471,2017-02,0,0
1471,2017-06,0,0
1471,2017-10,0,0
1472,2015-04,0,0
1472,2015-07,1,0
1472,2015-10,0,0
1472,2016-02,0,0
1472,2016-06,0,0
1472,2016-10,0,0
1472,2017-02,0,0
1472,2017-06,0,0
1472,2017-10,0,0
1473,2015-04,1,0
1473,2015-07,1,0
1473,2015-10,0,0
1473,2016-02,0,0
1473,2016-06,0,0
1473,2016-10,0,0
1473,2017-02,0,0
1473,2017-06,0,0
1473,2017-10,1,0
1474,2015-04,0,0
1474,2015-07,0,0
1474,2015-10,0,0
1474,2016-02,0,0
1474,2016-06,0,0
1474,2016-10,0,0
1474,2017-02,0,0
1474,2017-06,0,0
1474,2017-10,0,0
1475,2015-04,0,0
1475,2015-07,0,0
1475,2015-10,0,0
1475,2016-02,0,0
1475,2016-06,0,0
1475,2016-10,0,0
1475,2017-02,0,0
1475,2017-06,0,0
1475,2017-10,0,0
1476,2015-04,0,0
1476,2015-07,0,0
1476,2015-10,0,0
1476,2016-02,0,0
1476,2016-06,0,0
1476,2016-10,0,0
1476,2017-02,1,0
1476,2017-06,1,0
1476,2017-10,1,0
1477,2015-04,0,0
1477,2015-07,0,0
1477,2015-10,0,0
1477,2016-02,0,0
1477,2016-06,0,0
1477,2016-10,0,0
1477,2017-02,0,0
1477,2017-06,0,0
1477,2017-10,1,0
1478,2015-04,0,0
1478,2015-07,0,0
1478,2015-10,1,0
1478,2016-02,0,0
1478,2016-06,0,0
1478,2016-10,0,0
1478,2017-02,0,0
1478,2017-06,0,0
1478,2017-10,0,0
1479,2015-04,0,0
1479,2015-07,0,0
1479,2015-10,1,0
1479,2016-02,0,0
1479,2016-06,0,0
1479,2016-10,0,0
1479,2017-02,0,0
1479,2017-06,0,0
1479,2017-10,0,0
1480,2015-04,0,0
1480,2015-07,0,0
1480,2015-10,0,0
1480,2016-02,0,0
1480,2016-06,0,0
1480,2016-10,0,0
1480,2017-02,0,0
1480,2017-06,0,0
1480,2017-10,0,0
1481,2015-04,0,0
1481,2015-07,0,0
1481,2015-10,0,0
1481,2016-02,0,0
1481,2016-06,0,0
1481,2016-10,0,0
1481,2017-02,0,0
1481,2017-06,0,0
1481,2017-10,0,0
1482,2015-04,0,0
1482,2015-07,0,0
1482,2015-10,0,0
1482,2016-02,0,0
1482,2016-06,0,0
1482,2016-10,0,0
1482,2017-02,0,0
1482,2017-06,0,0
1482,2017-10,0,0
1483,2015-04,0,0
1483,2015-07,0,0
1483,2015-10,0,0
1483,2016-02,0,0
1483,2016-06,0,0
1483,2016-10,0,0
1483,2017-02,0,0
1483,2017-06,0,0
1483,2017-10,0,0
1484,2015-04,0,4
1484,2015-07,0,4
1484,2015-10,0,4
1484,2016-02,0,4
1484,2016-06,0,4
1484,2016-10,0,4
1484,2017-02,1,4
1484,2017-06,1,4
1484,2017-10,1,4
1485,2015-04,1,0
1485,2015-07,1,0
1485,2015-10,1,0
1485,2016-02,1,0
1485,2016-06,0,0
1485,2016-10,0,0
1485,2017-02,0,0
1485,2017-06,0,0
1485,2017-10,0,0
1486,2015-04,0,0
1486,2015-07,0,0
1486,2015-10,0,0
1486,2016-02,0,0
1486,2016-06,0,0
1486,2016-10,0,0
1486,2017-02,1,0
1486,2017-06,1,0
1486,2017-10,0,0
1487,2015-04,0,4
1487,2015-07,0,4
1487,2015-10,0,4
1487,2016-02,0,4
1487,2016-06,0,4
1487,2016-10,0,4
1487,2017-02,1,4
1487,2017-06,1,4
1487,2017-10,1,4
1488,2015-04,0,0
1488,2015-07,0,0
1488,2015-10,0,0
1488,2016-02,0,0
1488,2016-06,0,0
1488,2016-10,0,0
1488,2017-02,0,0
1488,2017-06,1,0
1488,2017-10,0,0
1489,2015-04,0,0
1489,2015-07,0,0
1489,2015-10,0,0
1489,2016-02,0,0
1489,2016-06,0,0
1489,2016-10,0,0
1489,2017-02,1,0
1489,2017-06,1,0
1489,2017-10,1,0
1490,2015-04,0,0
1490,2015-07,0,0
1490,2015-10,1,0
1490,2016-02,0,0
1490,2016-06,0,0
1490,2016-10,0,0
1490,2017-02,0,0
1490,2017-06,0,0
1490,2017-10,0,0
1491,2015-04,0,0
1491,2015-07,0,0
1491,2015-10,1,0
1491,2016-02,0,0
1491,2016-06,0,0
1491,2016-10,0,0
1491,2017-02,0,0
1491,2017-06,0,0
1491,2017-10,0,0
1492,2015-04,0,0
1492,2015-07,0,0
1492,2015-10,0,0
1492,2016-02,0,0
1492,2016-06,0,0
1492,2016-10,0,0
1492,2017-02,0,0
1492,2017-06,0,0
1492,2017-10,0,0
1493,2015-04,0,0
1493,2015-07,0,0
1493,2015-10,0,0
1493,2016-02,0,0
1493,2016-06,0,0
1493,2016-10,0,0
1493,2017-02,0,0
1493,2017-06,0,0
1493,2017-10,0,0
1494,2015-04,0,0
1494,2015-07,0,0
1494,2015-10,0,0
1494,2016-02,0,0
1494,2016-06,0,0
1494,2016-10,0,0
1494,2017-02,0,0
1494,2017-06,0,0
1494,2017-10,0,0
1495,2015-04,0,0
1495,2015-07,0,0
1495,2015-10,1,0
1495,2016-02,0,0
1495,2016-06,0,0
1495,2016-10,0,0
1495,2017-02,0,0
1495,2017-06,0,0
1495,2017-10,0,0
1496,2015-04,0,0
1496,2015-07,0,0
1496,2015-10,1,0
1496,2016-02,0,0
1496,2016-06,0,0
1496,2016-10,0,0
1496,2017-02,0,0
1496,2017-06,0,0
1496,2017-10,0,0
1497,2015-04,0,0
1497,2015-07,0,0
1497,2015-10,1,0
1497,2016-02,0,0
1497,2016-06,0,0
1497,2016-10,0,0
1497,2017-02,0,0
1497,2017-06,0,0
1497,2017-10,0,0
1498,2015-04,0,0
1498,2015-07,0,0
1498,2015-10,0,0
1498,2016-02,0,0
1498,2016-06,0,0
1498,2016-10,0,0
1498,2017-02,0,0
1498,2017-06,0,0
1498,2017-10,0,0
1499,2015-04,0,0
1499,2015-07,0,0
1499,2015-10,0,0
1499,2016-02,0,0
1499,2016-06,0,0
1499,2016-10,0,0
1499,2017-02,0,0
1499,2017-06,0,0
1499,2017-10,0,0
1500,2015-04,0,0
1500,2015-07,0,0
1500,2015-10,0,0
1500,2016-02,0,0
1500,2016-06,0,0
1500,2016-10,0,0
1500,2017-02,0,0
1500,2017-06,0,0
1500,2017-10,0,0
1501,2015-04,0,0
1501,2015-07,0,0
1501,2015-10,0,0
1501,2016-02,0,0
1501,2016-06,0,0
1501,2016-10,0,0
1501,2017-02,0,0
1501,2017-06,0,0
1501,2017-10,0,0
1502,2015-04,0,0
1502,2015-07,0,0
1502,2015-10,0,0
1502,2016-02,0,0
1502,2016-06,0,0
1502,2016-10,0,0
1502,2017-02,0,0
1502,2017-06,0,0
1502,2017-10,0,0
1503,2015-04,0,0
1503,2015-07,0,0
1503,2015-10,0,0
1503,2016-02,0,0
1503,2016-06,0,0
1503,2016-10,0,0
1503,2017-02,0,0
1503,2017-06,0,0
1503,2017-10,0,0
1504,2015-04,0,0
1504,2015-07,0,0
1504,2015-10,0,0
1504,2016-02,0,0
1504,2016-06,0,0
1504,2016-10,0,0
1504,2017-02,0,0
1504,2017-06,0,0
1504,2017-10,0,0
1505,2015-04,0,0
1505,2015-07,0,0
1505,2015-10,1,0
1505,2016-02,1,0
1505,2016-06,0,0
1505,2016-10,0,0
1505,2017-02,0,0
1505,2017-06,0,0
1505,2017-10,0,0
1506,2015-04,0,0
1506,2015-07,0,0
1506,2015-10,1,0
1506,2016-02,1,0
1506,2016-06,1,0
1506,2016-10,0,0
1506,2017-02,0,0
1506,2017-06,0,0
1506,2017-10,0,0
1507,2015-04,0,0
1507,2015-07,1,0
1507,2015-10,1,0
1507,2016-02,1,0
1507,2016-06,1,0
1507,2016-10,1,0
1507,2017-02,1,0
1507,2017-06,0,0
1507,2017-10,0,0
1508,2015-04,0,0
1508,2015-07,0,0
1508,2015-10,1,0
1508,2016-02,1,0
1508,2016-06,1,0
1508,2016-10,0,0
1508,2017-02,0,0
1508,2017-06,0,0
1508,2017-10,0,0
1509,2015-04,0,0
1509,2015-07,0,0
1509,2015-10,1,0
1509,2016-02,1,0
1509,2016-06,0,0
1509,2016-10,0,0
1509,2017-02,0,0
1509,2017-06,0,0
1509,2017-10,0,0
1510,2015-04,0,0
1510,2015-07,0,0
1510,2015-10,0,0
1510,2016-02,0,0
1510,2016-06,0,0
1510,2016-10,0,0
1510,2017-02,0,0
1510,2017-06,0,0
1510,2017-10,0,0
1511,2015-04,0,0
1511,2015-07,0,0
1511,2015-10,0,0
1511,2016-02,0,0
1511,2016-06,0,0
1511,2016-10,0,0
1511,2017-02,0,0
1511,2017-06,0,0
1511,2017-10,0,0
1512,2015-04,0,0
1512,2015-07,0,0
1512,2015-10,0,0
1512,2016-02,0,0
1512,2016-06,0,0
1512,2016-10,0,0
1512,2017-02,0,0
1512,2017-06,0,0
1512,2017-10,0,0
1513,2015-04,0,0
1513,2015-07,0,0
1513,2015-10,0,0
1513,2016-02,0,0
1513,2016-06,0,0
1513,2016-10,0,0
1513,2017-02,0,0
1513,2017-06,0,0
1513,2017-10,0,0
1514,2015-04,0,0
1514,2015-07,0,0
1514,2015-10,1,0
1514,2016-02,1,0
1514,2016-06,1,0
1514,2016-10,0,0
1514,2017-02,0,0
1514,2017-06,1,0
1514,2017-10,0,0
1515,2015-04,0,0
1515,2015-07,1,0
1515,2015-10,1,0
1515,2016-02,1,0
1515,2016-06,0,0
1515,2016-10,0,0
1515,2017-02,1,0
1515,2017-06,0,0
1515,2017-10,0,0
1516,2015-04,0,4
1516,2015-07,0,4
1516,2015-10,0,4
1516,2016-02,0,4
1516,2016-06,0,4
1516,2016-10,0,4
1516,2017-02,1,4
1516,2017-06,1,4
1516,2017-10,1,4
1517,2015-04,0,0
1517,2015-07,0,0
1517,2015-10,0,0
1517,2016-02,0,0
1517,2016-06,0,0
1517,2016-10,0,0
1517,2017-02,0,0
1517,2017-06,0,0
1517,2017-10,0,0
1518,2015-04,0,0
1518,2015-07,0,0
1518,2015-10,0,0
1518,2016-02,0,0
1518,2016-06,0,0
1518,2016-10,0,0
1518,2017-02,0,0
1518,2017-06,1,0
1518,2017-10,0,0
1519,2015-04,0,4
1519,2015-07,0,4
1519,2015-10,0,4
1519,2016-02,0,4
1519,2016-06,0,4
1519,2016-10,0,4
1519,2017-02,1,4
1519,2017-06,1,4
1519,2017-10,0,4
1520,2015-04,0,0
1520,2015-07,0,0
1520,2015-10,0,0
1520,2016-02,0,0
1520,2016-06,0,0
1520,2016-10,0,0
1520,2017-02,0,0
1520,2017-06,0,0
1520,2017-10,0,0
1521,2015-04,0,0
1521,2015-07,0,0
1521,2015-10,0,0
1521,2016-02,0,0
1521,2016-06,0,0
1521,2016-10,0,0
1521,2017-02,0,0
1521,2017-06,0,0
1521,2017-10,0,0
1522,2015-04,0,0
1522,2015-07,0,0
1522,2015-10,1,0
1522,2016-02,0,0
1522,2016-06,0,0
1522,2016-10,0,0
1522,2017-02,0,0
1522,2017-06,0,0
1522,2017-10,0,0
1523,2015-04,0,0
1523,2015-07,1,0
1523,2015-10,1,0
1523,2016-02,1,0
1523,2016-06,1,0
1523,2016-10,1,0
1523,2017-02,1,0
1523,2017-06,0,0
1523,2017-10,0,0
1524,2015-04,0,0
1524,2015-07,0,0
1524,2015-10,0,0
1524,2016-02,0,0
1524,2016-06,0,0
1524,2016-10,0,0
1524,2017-02,0,0
1524,2017-06,0,0
1524,2017-10,0,0
1525,2015-04,0,3
1525,2015-07,1,3
1525,2015-10,1,3
1525,2016-02,1,3
1525,2016-06,1,3
1525,2016-10,0,3
1525,2017-02,0,3
1525,2017-06,1,3
1525,2017-10,0,3
1526,2015-04,0,0
1526,2015-07,0,0
1526,2015-10,0,0
1526,2016-02,0,0
1526,2016-06,0,0
1526,2016-10,0,0
1526,2017-02,0,0
1526,2017-06,0,0
1526,2017-10,0,0
1527,2015-04,0,4
1527,2015-07,0,4
1527,2015-10,0,4
1527,2016-02,0,4
1527,2016-06,0,4
1527,2016-10,0,4
1527,2017-02,1,4
1527,2017-06,1,4
1527,2017-10,1,4
1528,2015-04,0,4
1528,2015-07,0,4
1528,2015-10,0,4
1528,2016-02,0,4
1528,2016-06,0,4
1528,2016-10,0,4
1528,2017-02,1,4
1528,2017-06,1,4
1528,2017-10,1,4
1529,2015-04,0,0
1529,2015-07,0,0
1529,2015-10,0,0
1529,2016-02,0,0
1529,2016-06,0,0
1529,2016-10,0,0
1529,2017-02,0,0
1529,2017-06,0,0
1529,2017-10,0,0
1530,2015-04,0,0
1530,2015-07,0,0
1530,2015-10,0,0
1530,2016-02,0,0
1530,2016-06,0,0
1530,2016-10,0,0
1530,2017-02,0,0
1530,2017-06,0,0
1530,2017-10,0,0
1531,2015-04,0,0
1531,2015-07,0,0
1531,2015-10,0,0
1531,2016-02,0,0
1531,2016-06,0,0
1531,2016-10,0,0
1531,2017-02,0,0
1531,2017-06,0,0
1531,2017-10,0,0
1532,2015-04,0,0
1532,2015-07,0,0
1532,2015-10,1,0
1532,2016-02,0,0
1532,2016-06,0,0
1532,2016-10,0,0
1532,2017-02,0,0
1532,2017-06,0,0
1532,2017-10,0,0
1533,2015-04,0,0
1533,2015-07,0,0
1533,2015-10,0,0
1533,2016-02,0,0
1533,2016-06,0,0
1533,2016-10,0,0
1533,2017-02,0,0
1533,2017-06,0,0
1533,2017-10,1,0
1534,2015-04,0,0
1534,2015-07,1,0
1534,2015-10,1,0
1534,2016-02,1,0
1534,2016-06,1,0
1534,2016-10,0,0
1534,2017-02,0,0
1534,2017-06,1,0
1534,2017-10,0,0
1535,2015-04,0,0
1535,2015-07,0,0
1535,2015-10,0,0
1535,2016-02,0,0
1535,2016-06,0,0
1535,2016-10,0,0
1535,2017-02,0,0
1535,2017-06,0,0
1535,2017-10,0,0
1536,2015-04,0,0
1536,2015-07,0,0
1536,2015-10,0,0
1536,2016-02,0,0
1536,2016-06,0,0
1536,2016-10,0,0
1536,2017-02,1,0
1536,2017-06,1,0
1536,2017-10,1,0
1537,2015-04,0,0
1537,2015-07,0,0
1537,2015-10,0,0
1537,2016-02,0,0
1537,2016-06,0,0
1537,2016-10,0,0
1537,2017-02,0,0
1537,2017-06,0,0
1537,2017-10,0,0
1538,2015-04,1,0
1538,2015-07,1,0
1538,2015-10,1,0
1538,2016-02,1,0
1538,2016-06,1,0
1538,2016-10,0,0
1538,2017-02,0,0
1538,2017-06,1,0
1538,2017-10,0,0
1539,2015-04,0,0
1539,2015-07,1,0
1539,2015-10,1,0
1539,2016-02,1,0
1539,2016-06,1,0
1539,2016-10,0,0
1539,2017-02,0,0
1539,2017-06,0,0
1539,2017-10,0,0
1540,2015-04,0,0
1540,2015-07,0,0
1540,2015-10,0,0
1540,2016-02,0,0
1540,2016-06,0,0
1540,2016-10,0,0
1540,2017-02,0,0
1540,2017-06,0,0
1540,2017-10,0,0
1541,2015-04,0,0
1541,2015-07,0,0
1541,2015-10,0,0
1541,2016-02,0,0
1541,2016-06,0,0
1541,2016-10,0,0
1541,2017-02,0,0
1541,2017-06,0,0
1541,2017-10,0,0
1542,2015-04,0,0
1542,2015-07,1,0
1542,2015-10,1,0
1542,2016-02,1,0
1542,2016-06,1,0
1542,2016-10,0,0
1542,2017-02,0,0
1542,2017-06,0,0
1542,2017-10,0,0
1543,2015-04,0,0
1543,2015-07,0,0
1543,2015-10,0,0
1543,2016-02,0,0
1543,2016-06,0,0
1543,2016-10,0,0
1543,2017-02,1,0
1543,2017-06,1,0
1543,2017-10,0,0
1544,2015-04,0,0
1544,2015-07,0,0
1544,2015-10,0,0
1544,2016-02,0,0
1544,2016-06,0,0
1544,2016-10,0,0
1544,2017-02,1,0
1544,2017-06,1,0
1544,2017-10,0,0
1545,2015-04,0,0
1545,2015-07,0,0
1545,2015-10,1,0
1545,2016-02,1,0
1545,2016-06,1,0
1545,2016-10,1,0
1545,2017-02,1,0
1545,2017-06,0,0
1545,2017-10,0,0
1546,2015-04,0,0
1546,2015-07,0,0
1546,2015-10,0,0
1546,2016-02,0,0
1546,2016-06,0,0
1546,2016-10,0,0
1546,2017-02,0,0
1546,2017-06,0,0
1546,2017-10,0,0
1547,2015-04,0,0
1547,2015-07,0,0
1547,2015-10,0,0
1547,2016-02,0,0
1547,2016-06,0,0
1547,2016-10,0,0
1547,2017-02,0,0
1547,2017-06,0,0
1547,2017-10,0,0
1548,2015-04,0,0
1548,2015-07,0,0
1548,2015-10,1,0
1548,2016-02,1,0
1548,2016-06,1,0
1548,2016-10,0,0
1548,2017-02,0,0
1548,2017-06,0,0
1548,2017-10,0,0
1549,2015-04,0,0
1549,2015-07,0,0
1549,2015-10,0,0
1549,2016-02,0,0
1549,2016-06,0,0
1549,2016-10,0,0
1549,2017-02,0,0
1549,2017-06,0,0
1549,2017-10,0,0
1550,2015-04,0,0
1550,2015-07,0,0
1550,2015-10,0,0
1550,2016-02,0,0
1550,2016-06,0,0
1550,2016-10,0,0
1550,2017-02,0,0
1550,2017-06,0,0
1550,2017-10,0,0
1551,2015-04,0,0
1551,2015-07,0,0
1551,2015-10,1,0
1551,2016-02,1,0
1551,2016-06,1,0
1551,2016-10,0,0
1551,2017-02,0,0
1551,2017-06,1,0
1551,2017-10,0,0
1552,2015-04,0,0
1552,2015-07,0,0
1552,2015-10,0,0
1552,2016-02,0,0
1552,2016-06,0,0
1552,2016-10,0,0
1552,2017-02,0,0
1552,2017-06,0,0
1552,2017-10,0,0
1553,2015-04,0,0
1553,2015-07,0,0
1553,2015-10,1,0
1553,2016-02,0,0
1553,2016-06,0,0
1553,2016-10,0,0
1553,2017-02,0,0
1553,2017-06,0,0
1553,2017-10,0,0
1554,2015-04,0,0
1554,2015-07,0,0
1554,2015-10,1,0
1554,2016-02,1,0
1554,2016-06,0,0
1554,2016-10,0,0
1554,2017-02,0,0
1554,2017-06,0,0
1554,2017-10,0,0
1555,2015-04,0,0
1555,2015-07,0,0
1555,2015-10,0,0
1555,2016-02,0,0
1555,2016-06,0,0
1555,2016-10,0,0
1555,2017-02,0,0
1555,2017-06,0,0
1555,2017-10,0,0
1556,2015-04,0,0
1556,2015-07,1,0
1556,2015-10,0,0
1556,2016-02,0,0
1556,2016-06,0,0
1556,2016-10,0,0
1556,2017-02,0,0
1556,2017-06,1,0
1556,2017-10,0,0
1557,2015-04,0,0
1557,2015-07,0,0
1557,2015-10,0,0
1557,2016-02,0,0
1557,2016-06,0,0
1557,2016-10,0,0
1557,2017-02,0,0
1557,2017-06,0,0
1557,2017-10,0,0
1558,2015-04,0,0
1558,2015-07,0,0
1558,2015-10,0,0
1558,2016-02,0,0
1558,2016-06,0,0
1558,2016-10,0,0
1558,2017-02,0,0
1558,2017-06,0,0
1558,2017-10,0,0
1559,2015-04,0,0
1559,2015-07,0,0
1559,2015-10,0,0
1559,2016-02,0,0
1559,2016-06,0,0
1559,2016-10,0,0
1559,2017-02,0,0
1559,2017-06,0,0
1559,2017-10,0,0
1560,2015-04,1,0
1560,2015-07,1,0
1560,2015-10,1,0
1560,2016-02,1,0
1560,2016-06,1,0
1560,2016-10,1,0
1560,2017-02,1,0
1560,2017-06,0,0
1560,2017-10,0,0
1561,2015-04,0,0
1561,2015-07,0,0
1561,2015-10,0,0
1561,2016-02,0,0
1561,2016-06,0,0
1561,2016-10,0,0
1561,2017-02,0,0
1561,2017-06,0,0
1561,2017-10,0,0
1562,2015-04,0,0
1562,2015-07,0,0
1562,2015-10,0,0
1562,2016-02,0,0
1562,2016-06,0,0
1562,2016-10,0,0
1562,2017-02,0,0
1562,2017-06,0,0
1562,2017-10,0,0
1563,2015-04,0,0
1563,2015-07,0,0
1563,2015-10,0,0
1563,2016-02,0,0
1563,2016-06,0,0
1563,2016-10,0,0
1563,2017-02,0,0
1563,2017-06,0,0
1563,2017-10,0,0
1564,2015-04,0,0
1564,2015-07,0,0
1564,2015-10,0,0
1564,2016-02,0,0
1564,2016-06,0,0
1564,2016-10,0,0
1564,2017-02,0,0
1564,2017-06,0,0
1564,2017-10,0,0
1565,2015-04,0,0
1565,2015-07,0,0
1565,2015-10,0,0
1565,2016-02,0,0
1565,2016-06,0,0
1565,2016-10,0,0
1565,2017-02,0,0
1565,2017-06,0,0
1565,2017-10,0,0
1566,2015-04,0,0
1566,2015-07,0,0
1566,2015-10,1,0
1566,2016-02,1,0
1566,2016-06,0,0
1566,2016-10,0,0
1566,2017-02,0,0
1566,2017-06,0,0
1566,2017-10,0,0
1567,2015-04,0,0
1567,2015-07,0,0
1567,2015-10,0,0
1567,2016-02,0,0
1567,2016-06,0,0
1567,2016-10,0,0
1567,2017-02,0,0
1567,2017-06,0,0
1567,2017-10,0,0
1568,2015-04,0,0
1568,2015-07,0,0
1568,2015-10,0,0
1568,2016-02,0,0
1568,2016-06,0,0
1568,2016-10,0,0
1568,2017-02,0,0
1568,2017-06,0,0
1568,2017-10,0,0
1569,2015-04,0,0
1569,2015-07,1,0
1569,2015-10,1,0
1569,2016-02,1,0
1569,2016-06,1,0
1569,2016-10,0,0
1569,2017-02,0,0
1569,2017-06,0,0
1569,2017-10,0,0
1570,2015-04,0,0
1570,2015-07,0,0
1570,2015-10,0,0
1570,2016-02,0,0
1570,2016-06,0,0
1570,2016-10,0,0
1570,2017-02,0,0
1570,2017-06,0,0
1570,2017-10,0,0
1571,2015-04,0,0
1571,2015-07,0,0
1571,2015-10,0,0
1571,2016-02,0,0
1571,2016-06,0,0
1571,2016-10,0,0
1571,2017-02,0,0
1571,2017-06,0,0
1571,2017-10,0,0
1572,2015-04,0,0
1572,2015-07,0,0
1572,2015-10,0,0
1572,2016-02,0,0
1572,2016-06,0,0
1572,2016-10,0,0
1572,2017-02,0,0
1572,2017-06,0,0
1572,2017-10,0,0
1573,2015-04,0,0
1573,2015-07,0,0
1573,2015-10,0,0
1573,2016-02,0,0
1573,2016-06,0,0
1573,2016-10,0,0
1573,2017-02,0,0
1573,2017-06,0,0
1573,2017-10,0,0
1574,2015-04,0,0
1574,2015-07,0,0
1574,2015-10,0,0
1574,2016-02,0,0
1574,2016-06,0,0
1574,2016-10,0,0
1574,2017-02,0,0
1574,2017-06,0,0
1574,2017-10,0,0
1575,2015-04,0,0
1575,2015-07,0,0
1575,2015-10,0,0
1575,2016-02,0,0
1575,2016-06,0,0
1575,2016-10,0,0
1575,2017-02,0,0
1575,2017-06,0,0
1575,2017-10,0,0
1576,2015-04,0,0
1576,2015-07,0,0
1576,2015-10,1,0
1576,2016-02,1,0
1576,2016-06,1,0
1576,2016-10,0,0
1576,2017-02,0,0
1576,2017-06,0,0
1576,2017-10,0,0
1577,2015-04,0,0
1577,2015-07,0,0
1577,2015-10,0,0
1577,2016-02,0,0
1577,2016-06,0,0
1577,2016-10,0,0
1577,2017-02,0,0
1577,2017-06,0,0
1577,2017-10,0,0
1578,2015-04,0,0
1578,2015-07,0,0
1578,2015-10,1,0
1578,2016-02,1,0
1578,2016-06,0,0
1578,2016-10,0,0
1578,2017-02,0,0
1578,2017-06,0,0
1578,2017-10,0,0
1579,2015-04,0,0
1579,2015-07,0,0
1579,2015-10,1,0
1579,2016-02,1,0
1579,2016-06,1,0
1579,2016-10,0,0
1579,2017-02,0,0
1579,2017-06,0,0
1579,2017-10,0,0
1580,2015-04,0,0
1580,2015-07,0,0
1580,2015-10,0,0
1580,2016-02,0,0
1580,2016-06,0,0
1580,2016-10,0,0
1580,2017-02,0,0
1580,2017-06,0,0
1580,2017-10,0,0
1581,2015-04,0,0
1581,2015-07,0,0
1581,2015-10,0,0
1581,2016-02,0,0
1581,2016-06,0,0
1581,2016-10,0,0
1581,2017-02,0,0
1581,2017-06,0,0
1581,2017-10,0,0
1582,2015-04,0,0
1582,2015-07,0,0
1582,2015-10,0,0
1582,2016-02,0,0
1582,2016-06,0,0
1582,2016-10,0,0
1582,2017-02,0,0
1582,2017-06,0,0
1582,2017-10,0,0
1583,2015-04,0,0
1583,2015-07,0,0
1583,2015-10,0,0
1583,2016-02,0,0
1583,2016-06,0,0
1583,2016-10,0,0
1583,2017-02,0,0
1583,2017-06,0,0
1583,2017-10,0,0
1584,2015-04,0,0
1584,2015-07,0,0
1584,2015-10,0,0
1584,2016-02,0,0
1584,2016-06,0,0
1584,2016-10,0,0
1584,2017-02,0,0
1584,2017-06,0,0
1584,2017-10,0,0
1585,2015-04,0,4
1585,2015-07,0,4
1585,2015-10,0,4
1585,2016-02,0,4
1585,2016-06,0,4
1585,2016-10,0,4
1585,2017-02,1,4
1585,2017-06,1,4
1585,2017-10,1,4
1586,2015-04,0,4
1586,2015-07,0,4
1586,2015-10,0,4
1586,2016-02,0,4
1586,2016-06,0,4
1586,2016-10,0,4
1586,2017-02,1,4
1586,2017-06,1,4
1586,2017-10,1,4
1587,2015-04,0,4
1587,2015-07,0,4
1587,2015-10,0,4
1587,2016-02,0,4
1587,2016-06,0,4
1587,2016-10,0,4
1587,2017-02,1,4
1587,2017-06,1,4
1587,2017-10,1,4
1588,2015-04,0,0
1588,2015-07,0,0
1588,2015-10,0,0
1588,2016-02,0,0
1588,2016-06,0,0
1588,2016-10,0,0
1588,2017-02,0,0
1588,2017-06,0,0
1588,2017-10,0,0
1589,2015-04,0,4
1589,2015-07,0,4
1589,2015-10,0,4
1589,2016-02,0,4
1589,2016-06,0,4
1589,2016-10,0,4
1589,2017-02,1,4
1589,2017-06,1,4
1589,2017-10,1,4
1590,2015-04,0,0
1590,2015-07,0,0
1590,2015-10,0,0
1590,2016-02,0,0
1590,2016-06,0,0
1590,2016-10,0,0
1590,2017-02,0,0
1590,2017-06,0,0
1590,2017-10,1,0
1591,2015-04,0,0
1591,2015-07,1,0
1591,2015-10,1,0
1591,2016-02,1,0
1591,2016-06,1,0
1591,2016-10,0,0
1591,2017-02,0,0
1591,2017-06,0,0
1591,2017-10,0,0
1592,2015-04,0,0
1592,2015-07,0,0
1592,2015-10,0,0
1592,2016-02,0,0
1592,2016-06,0,0
1592,2016-10,0,0
1592,2017-02,0,0
1592,2017-06,0,0
1592,2017-10,0,0
1593,2015-04,1,0
1593,2015-07,1,0
1593,2015-10,1,0
1593,2016-02,1,0
1593,2016-06,1,0
1593,2016-10,0,0
1593,2017-02,0,0
1593,2017-06,1,0
1593,2017-10,1,0
1594,2015-04,0,0
1594,2015-07,0,0
1594,2015-10,0,0
1594,2016-02,0,0
1594,2016-06,0,0
1594,2016-10,0,0
1594,2017-02,0,0
1594,2017-06,0,0
1594,2017-10,0,0
1595,2015-04,0,0
1595,2015-07,0,0
1595,2015-10,0,0
1595,2016-02,0,0
1595,2016-06,0,0
1595,2016-10,0,0
1595,2017-02,0,0
1595,2017-06,0,0
1595,2017-10,0,0
1596,2015-04,0,0
1596,2015-07,0,0
1596,2015-10,0,0
1596,2016-02,0,0
1596,2016-06,0,0
1596,2016-10,0,0
1596,2017-02,0,0
1596,2017-06,1,0
1596,2017-10,0,0
1597,2015-04,0,0
1597,2015-07,0,0
1597,2015-10,0,0
1597,2016-02,0,0
1597,2016-06,0,0
1597,2016-10,0,0
1597,2017-02,0,0
1597,2017-06,0,0
1597,2017-10,0,0
1598,2015-04,0,0
1598,2015-07,0,0
1598,2015-10,0,0
1598,2016-02,0,0
1598,2016-06,0,0
1598,2016-10,0,0
1598,2017-02,0,0
1598,2017-06,0,0
1598,2017-10,0,0
1599,2015-04,0,0
1599,2015-07,0,0
1599,2015-10,0,0
1599,2016-02,0,0
1599,2016-06,0,0
1599,2016-10,0,0
1599,2017-02,0,0
1599,2017-06,0,0
1599,2017-10,0,0
1600,2015-04,0,0
1600,2015-07,0,0
1600,2015-10,0,0
1600,2016-02,0,0
1600,2016-06,0,0
1600,2016-10,0,0
1600,2017-02,0,0
1600,2017-06,0,0
1600,2017-10,0,0
1601,2015-04,0,0
1601,2015-07,0,0
1601,2015-10,0,0
1601,2016-02,0,0
1601,2016-06,0,0
1601,2016-10,0,0
1601,2017-02,1,0
1601,2017-06,1,0
1601,2017-10,0,0
1602,2015-04,0,0
1602,2015-07,0,0
1602,2015-10,0,0
1602,2016-02,0,0
1602,2016-06,0,0
1602,2016-10,0,0
1602,2017-02,0,0
1602,2017-06,0,0
1602,2017-10,0,0
1603,2015-04,0,0
1603,2015-07,0,0
1603,2015-10,0,0
1603,2016-02,0,0
1603,2016-06,0,0
1603,2016-10,0,0
1603,2017-02,0,0
1603,2017-06,0,0
1603,2017-10,0,0
1604,2015-04,0,0
1604,2015-07,0,0
1604,2015-10,0,0
1604,2016-02,0,0
1604,2016-06,0,0
1604,2016-10,0,0
1604,2017-02,0,0
1604,2017-06,0,0
1604,2017-10,0,0
1605,2015-04,0,0
1605,2015-07,0,0
1605,2015-10,0,0
1605,2016-02,0,0
1605,2016-06,0,0
1605,2016-10,0,0
1605,2017-02,1,0
1605,2017-06,1,0
1605,2017-10,0,0
1606,2015-04,0,0
1606,2015-07,0,0
1606,2015-10,1,0
1606,2016-02,1,0
1606,2016-06,1,0
1606,2016-10,0,0
1606,2017-02,0,0
1606,2017-06,0,0
1606,2017-10,0,0
1607,2015-04,0,0
1607,2015-07,0,0
1607,2015-10,1,0
1607,2016-02,1,0
1607,2016-06,1,0
1607,2016-10,0,0
1607,2017-02,0,0
1607,2017-06,0,0
1607,2017-10,0,0
1608,2015-04,0,0
1608,2015-07,0,0
1608,2015-10,0,0
1608,2016-02,0,0
1608,2016-06,0,0
1608,2016-10,0,0
1608,2017-02,0,0
1608,2017-06,0,0
1608,2017-10,0,0
1609,2015-04,0,0
1609,2015-07,1,0
1609,2015-10,1,0
1609,2016-02,1,0
1609,2016-06,1,0
1609,2016-10,1,0
1609,2017-02,1,0
1609,2017-06,0,0
1609,2017-10,0,0
1610,2015-04,0,0
1610,2015-07,0,0
1610,2015-10,0,0
1610,2016-02,0,0
1610,2016-06,0,0
1610,2016-10,0,0
1610,2017-02,0,0
1610,2017-06,0,0
1610,2017-10,0,0
1611,2015-04,0,0
1611,2015-07,0,0
1611,2015-10,0,0
1611,2016-02,0,0
1611,2016-06,0,0
1611,2016-10,0,0
1611,2017-02,0,0
1611,2017-06,0,0
1611,2017-10,0,0
1612,2015-04,0,0
1612,2015-07,1,0
1612,2015-10,1,0
1612,2016-02,1,0
1612,2016-06,1,0
1612,2016-10,0,0
1612,2017-02,0,0
1612,2017-06,0,0
1612,2017-10,0,0
1613,2015-04,0,0
1613,2015-07,0,0
1613,2015-10,0,0
1613,2016-02,0,0
1613,2016-06,0,0
1613,2016-10,0,0
1613,2017-02,0,0
1613,2017-06,0,0
1613,2017-10,0,0
1614,2015-04,1,4
1614,2015-07,0,4
1614,2015-10,0,4
1614,2016-02,0,4
1614,2016-06,0,4
1614,2016-10,0,4
1614,2017-02,1,4
1614,2017-06,1,4
1614,2017-10,0,4
1615,2015-04,0,0
1615,2015-07,0,0
1615,2015-10,0,0
1615,2016-02,0,0
1615,2016-06,0,0
1615,2016-10,0,0
1615,2017-02,0,0
1615,2017-06,0,0
1615,2017-10,0,0
1616,2015-04,0,0
1616,2015-07,0,0
1616,2015-10,0,0
1616,2016-02,0,0
1616,2016-06,0,0
1616,2016-10,0,0
1616,2017-02,0,0
1616,2017-06,0,0
1616,2017-10,0,0
1617,2015-04,0,0
1617,2015-07,0,0
1617,2015-10,0,0
1617,2016-02,0,0
1617,2016-06,0,0
1617,2016-10,0,0
1617,2017-02,0,0
1617,2017-06,0,0
1617,2017-10,0,0
1618,2015-04,0,0
1618,2015-07,0,0
1618,2015-10,1,0
1618,2016-02,1,0
1618,2016-06,0,0
1618,2016-10,0,0
1618,2017-02,0,0
1618,2017-06,0,0
1618,2017-10,0,0
1619,2015-04,0,0
1619,2015-07,0,0
1619,2015-10,0,0
1619,2016-02,0,0
1619,2016-06,0,0
1619,2016-10,0,0
1619,2017-02,0,0
1619,2017-06,0,0
1619,2017-10,0,0
1620,2015-04,0,0
1620,2015-07,0,0
1620,2015-10,1,0
1620,2016-02,0,0
1620,2016-06,0,0
1620,2016-10,0,0
1620,2017-02,0,0
1620,2017-06,0,0
1620,2017-10,0,0
1621,2015-04,0,0
1621,2015-07,0,0
1621,2015-10,0,0
1621,2016-02,0,0
1621,2016-06,0,0
1621,2016-10,0,0
1621,2017-02,0,0
1621,2017-06,0,0
1621,2017-10,0,0
1622,2015-04,1,0
1622,2015-07,1,0
1622,2015-10,1,0
1622,2016-02,1,0
1622,2016-06,1,0
1622,2016-10,0,0
1622,2017-02,0,0
1622,2017-06,0,0
1622,2017-10,0,0
1623,2015-04,0,0
1623,2015-07,0,0
1623,2015-10,0,0
1623,2016-02,0,0
1623,2016-06,0,0
1623,2016-10,0,0
1623,2017-02,0,0
1623,2017-06,0,0
1623,2017-10,0,0
1624,2015-04,0,0
1624,2015-07,0,0
1624,2015-10,0,0
1624,2016-02,0,0
1624,2016-06,0,0
1624,2016-10,0,0
1624,2017-02,1,0
1624,2017-06,1,0
1624,2017-10,0,0
1625,2015-04,0,0
1625,2015-07,1,0
1625,2015-10,1,0
1625,2016-02,1,0
1625,2016-06,1,0
1625,2016-10,0,0
1625,2017-02,0,0
1625,2017-06,0,0
1625,2017-10,0,0
1626,2015-04,0,0
1626,2015-07,0,0
1626,2015-10,0,0
1626,2016-02,0,0
1626,2016-06,0,0
1626,2016-10,0,0
1626,2017-02,0,0
1626,2017-06,0,0
1626,2017-10,0,0
1627,2015-04,0,0
1627,2015-07,0,0
1627,2015-10,0,0
1627,2016-02,0,0
1627,2016-06,0,0
1627,2016-10,0,0
1627,2017-02,1,0
1627,2017-06,1,0
1627,2017-10,1,0
1628,2015-04,0,0
1628,2015-07,1,0
1628,2015-10,0,0
1628,2016-02,0,0
1628,2016-06,0,0
1628,2016-10,0,0
1628,2017-02,0,0
1628,2017-06,0,0
1628,2017-10,0,0
1629,2015-04,0,0
1629,2015-07,0,0
1629,2015-10,0,0
1629,2016-02,0,0
1629,2016-06,0,0
1629,2016-10,0,0
1629,2017-02,0,0
1629,2017-06,0,0
1629,2017-10,0,0
1630,2015-04,0,0
1630,2015-07,0,0
1630,2015-10,0,0
1630,2016-02,0,0
1630,2016-06,0,0
1630,2016-10,0,0
1630,2017-02,1,0
1630,2017-06,1,0
1630,2017-10,0,0
1631,2015-04,0,0
1631,2015-07,0,0
1631,2015-10,0,0
1631,2016-02,0,0
1631,2016-06,0,0
1631,2016-10,0,0
1631,2017-02,0,0
1631,2017-06,0,0
1631,2017-10,0,0
1632,2015-04,0,0
1632,2015-07,0,0
1632,2015-10,1,0
1632,2016-02,1,0
1632,2016-06,1,0
1632,2016-10,0,0
1632,2017-02,0,0
1632,2017-06,1,0
1632,2017-10,0,0
1633,2015-04,0,0
1633,2015-07,0,0
1633,2015-10,0,0
1633,2016-02,0,0
1633,2016-06,0,0
1633,2016-10,0,0
1633,2017-02,0,0
1633,2017-06,0,0
1633,2017-10,0,0
1634,2015-04,0,0
1634,2015-07,0,0
1634,2015-10,0,0
1634,2016-02,0,0
1634,2016-06,0,0
1634,2016-10,0,0
1634,2017-02,0,0
1634,2017-06,0,0
1634,2017-10,0,0
1635,2015-04,0,0
1635,2015-07,0,0
1635,2015-10,0,0
1635,2016-02,0,0
1635,2016-06,0,0
1635,2016-10,0,0
1635,2017-02,0,0
1635,2017-06,0,0
1635,2017-10,0,0
1636,2015-04,0,0
1636,2015-07,0,0
1636,2015-10,1,0
1636,2016-02,1,0
1636,2016-06,1,0
1636,2016-10,0,0
1636,2017-02,0,0
1636,2017-06,0,0
1636,2017-10,0,0
1637,2015-04,0,0
1637,2015-07,0,0
1637,2015-10,1,0
1637,2016-02,1,0
1637,2016-06,1,0
1637,2016-10,0,0
1637,2017-02,0,0
1637,2017-06,0,0
1637,2017-10,0,0
1638,2015-04,0,0
1638,2015-07,0,0
1638,2015-10,1,0
1638,2016-02,1,0
1638,2016-06,0,0
1638,2016-10,0,0
1638,2017-02,0,0
1638,2017-06,0,0
1638,2017-10,0,0
1639,2015-04,0,0
1639,2015-07,1,0
1639,2015-10,0,0
1639,2016-02,0,0
1639,2016-06,0,0
1639,2016-10,0,0
1639,2017-02,0,0
1639,2017-06,0,0
1639,2017-10,0,0
1640,2015-04,0,0
1640,2015-07,1,0
1640,2015-10,0,0
1640,2016-02,0,0
1640,2016-06,0,0
1640,2016-10,0,0
1640,2017-02,0,0
1640,2017-06,0,0
1640,2017-10,0,0
1641,2015-04,0,0
1641,2015-07,1,0
1641,2015-10,1,0
1641,2016-02,1,0
1641,2016-06,1,0
1641,2016-10,1,0
1641,2017-02,1,0
1641,2017-06,0,0
1641,2017-10,0,0
1642,2015-04,0,0
1642,2015-07,0,0
1642,2015-10,1,0
1642,2016-02,1,0
1642,2016-06,1,0
1642,2016-10,0,0
1642,2017-02,0,0
1642,2017-06,1,0
1642,2017-10,0,0
1643,2015-04,0,0
1643,2015-07,0,0
1643,2015-10,0,0
1643,2016-02,0,0
1643,2016-06,0,0
1643,2016-10,0,0
1643,2017-02,0,0
1643,2017-06,0,0
1643,2017-10,0,0
1644,2015-04,0,0
1644,2015-07,0,0
1644,2015-10,1,0
1644,2016-02,0,0
1644,2016-06,0,0
1644,2016-10,0,0
1644,2017-02,0,0
1644,2017-06,0,0
1644,2017-10,0,0
1645,2015-04,0,0
1645,2015-07,0,0
1645,2015-10,0,0
1645,2016-02,0,0
1645,2016-06,0,0
1645,2016-10,0,0
1645,2017-02,0,0
1645,2017-06,0,0
1645,2017-10,0,0
1646,2015-04,0,0
1646,2015-07,0,0
1646,2015-10,1,0
1646,2016-02,1,0
1646,2016-06,1,0
1646,2016-10,0,0
1646,2017-02,0,0
1646,2017-06,0,0
1646,2017-10,0,0
1647,2015-04,0,0
1647,2015-07,0,0
1647,2015-10,0,0
1647,2016-02,0,0
1647,2016-06,0,0
1647,2016-10,0,0
1647,2017-02,0,0
1647,2017-06,0,0
1647,2017-10,0,0
1648,2015-04,0,0
1648,2015-07,0,0
1648,2015-10,0,0
1648,2016-02,0,0
1648,2016-06,0,0
1648,2016-10,0,0
1648,2017-02,0,0
1648,2017-06,0,0
1648,2017-10,0,0
1649,2015-04,0,0
1649,2015-07,0,0
1649,2015-10,0,0
1649,2016-02,0,0
1649,2016-06,0,0
1649,2016-10,0,0
1649,2017-02,1,0
1649,2017-06,1,0
1649,2017-10,0,0
1650,2015-04,0,0
1650,2015-07,0,0
1650,2015-10,0,0
1650,2016-02,0,0
1650,2016-06,0,0
1650,2016-10,0,0
1650,2017-02,1,0
1650,2017-06,1,0
1650,2017-10,0,0
1651,2015-04,1,0
1651,2015-07,1,0
1651,2015-10,1,0
1651,2016-02,1,0
1651,2016-06,1,0
1651,2016-10,1,0
1651,2017-02,1,0
1651,2017-06,0,0
1651,2017-10,0,0
1652,2015-04,0,0
1652,2015-07,0,0
1652,2015-10,0,0
1652,2016-02,0,0
1652,2016-06,0,0
1652,2016-10,0,0
1652,2017-02,1,0
1652,2017-06,1,0
1652,2017-10,1,0
1653,2015-04,0,0
1653,2015-07,0,0
1653,2015-10,0,0
1653,2016-02,0,0
1653,2016-06,0,0
1653,2016-10,0,0
1653,2017-02,1,0
1653,2017-06,0,0
1653,2017-10,0,0
1654,2015-04,0,0
1654,2015-07,0,0
1654,2015-10,0,0
1654,2016-02,0,0
1654,2016-06,0,0
1654,2016-10,0,0
1654,2017-02,0,0
1654,2017-06,0,0
1654,2017-10,0,0
1655,2015-04,0,4
1655,2015-07,0,4
1655,2015-10,0,4
1655,2016-02,0,4
1655,2016-06,0,4
1655,2016-10,0,4
1655,2017-02,1,4
1655,2017-06,1,4
1655,2017-10,1,4
1656,2015-04,0,0
1656,2015-07,0,0
1656,2015-10,0,0
1656,2016-02,0,0
1656,2016-06,0,0
1656,2016-10,0,0
1656,2017-02,0,0
1656,2017-06,0,0
1656,2017-10,0,0
1657,2015-04,0,0
1657,2015-07,0,0
1657,2015-10,1,0
1657,2016-02,1,0
1657,2016-06,1,0
1657,2016-10,0,0
1657,2017-02,0,0
1657,2017-06,0,0
1657,2017-10,0,0
1658,2015-04,0,0
1658,2015-07,0,0
1658,2015-10,1,0
1658,2016-02,1,0
1658,2016-06,1,0
1658,2016-10,0,0
1658,2017-02,0,0
1658,2017-06,0,0
1658,2017-10,0,0
1659,2015-04,0,0
1659,2015-07,0,0
1659,2015-10,0,0
1659,2016-02,0,0
1659,2016-06,0,0
1659,2016-10,0,0
1659,2017-02,0,0
1659,2017-06,0,0
1659,2017-10,0,0
1660,2015-04,0,0
1660,2015-07,0,0
1660,2015-10,0,0
1660,2016-02,0,0
1660,2016-06,0,0
1660,2016-10,0,0
1660,2017-02,0,0
1660,2017-06,0,0
1660,2017-10,0,0
1661,2015-04,0,0
1661,2015-07,0,0
1661,2015-10,0,0
1661,2016-02,0,0
1661,2016-06,0,0
1661,2016-10,0,0
1661,2017-02,1,0
1661,2017-06,1,0
1661,2017-10,1,0
1662,2015-04,0,0
1662,2015-07,0,0
1662,2015-10,0,0
1662,2016-02,0,0
1662,2016-06,0,0
1662,2016-10,0,0
1662,2017-02,0,0
1662,2017-06,0,0
1662,2017-10,0,0
1663,2015-04,0,0
1663,2015-07,0,0
1663,2015-10,0,0
1663,2016-02,0,0
1663,2016-06,0,0
1663,2016-10,0,0
1663,2017-02,0,0
1663,2017-06,0,0
1663,2017-10,0,0
1664,2015-04,0,0
1664,2015-07,0,0
1664,2015-10,0,0
1664,2016-02,0,0
1664,2016-06,0,0
1664,2016-10,0,0
1664,2017-02,0,0
1664,2017-06,0,0
1664,2017-10,0,0
1665,2015-04,0,0
1665,2015-07,0,0
1665,2015-10,0,0
1665,2016-02,0,0
1665,2016-06,0,0
1665,2016-10,0,0
1665,2017-02,0,0
1665,2017-06,1,0
1665,2017-10,0,0
1666,2015-04,0,0
1666,2015-07,0,0
1666,2015-10,0,0
1666,2016-02,0,0
1666,2016-06,0,0
1666,2016-10,0,0
1666,2017-02,0,0
1666,2017-06,1,0
1666,2017-10,0,0
1667,2015-04,1,0
1667,2015-07,1,0
1667,2015-10,1,0
1667,2016-02,1,0
1667,2016-06,1,0
1667,2016-10,0,0
1667,2017-02,0,0
1667,2017-06,0,0
1667,2017-10,0,0
1668,2015-04,0,0
1668,2015-07,0,0
1668,2015-10,1,0
1668,2016-02,0,0
1668,2016-06,0,0
1668,2016-10,0,0
1668,2017-02,0,0
1668,2017-06,0,0
1668,2017-10,0,0
1669,2015-04,0,0
1669,2015-07,0,0
1669,2015-10,1,0
1669,2016-02,0,0
1669,2016-06,0,0
1669,2016-10,0,0
1669,2017-02,0,0
1669,2017-06,0,0
1669,2017-10,0,0
1670,2015-04,1,0
1670,2015-07,1,0
1670,2015-10,1,0
1670,2016-02,1,0
1670,2016-06,1,0
1670,2016-10,0,0
1670,2017-02,0,0
1670,2017-06,0,0
1670,2017-10,0,0
1671,2015-04,0,0
1671,2015-07,0,0
1671,2015-10,0,0
1671,2016-02,0,0
1671,2016-06,0,0
1671,2016-10,0,0
1671,2017-02,0,0
1671,2017-06,0,0
1671,2017-10,0,0
1672,2015-04,0,4
1672,2015-07,0,4
1672,2015-10,0,4
1672,2016-02,0,4
1672,2016-06,0,4
1672,2016-10,0,4
1672,2017-02,1,4
1672,2017-06,1,4
1672,2017-10,1,4
1673,2015-04,0,0
1673,2015-07,0,0
1673,2015-10,0,0
1673,2016-02,0,0
1673,2016-06,0,0
1673,2016-10,0,0
1673,2017-02,0,0
1673,2017-06,0,0
1673,2017-10,0,0
1674,2015-04,0,0
1674,2015-07,0,0
1674,2015-10,1,0
1674,2016-02,1,0
1674,2016-06,1,0
1674,2016-10,0,0
1674,2017-02,0,0
1674,2017-06,0,0
1674,2017-10,0,0
1675,2015-04,0,0
1675,2015-07,0,0
1675,2015-10,0,0
1675,2016-02,0,0
1675,2016-06,0,0
1675,2016-10,0,0
1675,2017-02,0,0
1675,2017-06,0,0
1675,2017-10,0,0
1676,2015-04,0,0
1676,2015-07,1,0
1676,2015-10,1,0
1676,2016-02,1,0
1676,2016-06,1,0
1676,2016-10,0,0
1676,2017-02,0,0
1676,2017-06,1,0
1676,2017-10,0,0
1677,2015-04,0,0
1677,2015-07,0,0
1677,2015-10,0,0
1677,2016-02,0,0
1677,2016-06,0,0
1677,2016-10,0,0
1677,2017-02,0,0
1677,2017-06,0,0
1677,2017-10,0,0
1678,2015-04,0,0
1678,2015-07,0,0
1678,2015-10,0,0
1678,2016-02,0,0
1678,2016-06,0,0
1678,2016-10,0,0
1678,2017-02,0,0
1678,2017-06,0,0
1678,2017-10,0,0
1679,2015-04,0,0
1679,2015-07,0,0
1679,2015-10,0,0
1679,2016-02,0,0
1679,2016-06,0,0
1679,2016-10,0,0
1679,2017-02,0,0
1679,2017-06,0,0
1679,2017-10,0,0
1680,2015-04,0,0
1680,2015-07,0,0
1680,2015-10,0,0
1680,2016-02,0,0
1680,2016-06,0,0
1680,2016-10,0,0
1680,2017-02,0,0
1680,2017-06,0,0
1680,2017-10,0,0
1681,2015-04,0,0
1681,2015-07,0,0
1681,2015-10,0,0
1681,2016-02,0,0
1681,2016-06,0,0
1681,2016-10,0,0
1681,2017-02,0,0
1681,2017-06,0,0
1681,2017-10,0,0
1682,2015-04,0,0
1682,2015-07,0,0
1682,2015-10,0,0
1682,2016-02,0,0
1682,2016-06,0,0
1682,2016-10,0,0
1682,2017-02,0,0
1682,2017-06,0,0
1682,2017-10,0,0
1683,2015-04,0,0
1683,2015-07,0,0
1683,2015-10,0,0
1683,2016-02,0,0
1683,2016-06,0,0
1683,2016-10,0,0
1683,2017-02,1,0
1683,2017-06,1,0
1683,2017-10,1,0
1684,2015-04,0,0
1684,2015-07,0,0
1684,2015-10,0,0
1684,2016-02,0,0
1684,2016-06,0,0
1684,2016-10,0,0
1684,2017-02,0,0
1684,2017-06,0,0
1684,2017-10,0,0
1685,2015-04,0,4
1685,2015-07,0,4
1685,2015-10,0,4
1685,2016-02,0,4
1685,2016-06,0,4
1685,2016-10,0,4
1685,2017-02,1,4
1685,2017-06,1,4
1685,2017-10,0,4
1686,2015-04,0,0
1686,2015-07,0,0
1686,2015-10,0,0
1686,2016-02,0,0
1686,2016-06,0,0
1686,2016-10,0,0
1686,2017-02,0,0
1686,2017-06,0,0
1686,2017-10,0,0
1687,2015-04,0,0
1687,2015-07,0,0
1687,2015-10,0,0
1687,2016-02,0,0
1687,2016-06,0,0
1687,2016-10,0,0
1687,2017-02,0,0
1687,2017-06,0,0
1687,2017-10,0,0
1688,2015-04,0,0
1688,2015-07,0,0
1688,2015-10,0,0
1688,2016-02,0,0
1688,2016-06,0,0
1688,2016-10,0,0
1688,2017-02,0,0
1688,2017-06,0,0
1688,2017-10,0,0
1689,2015-04,0,0
1689,2015-07,1,0
1689,2015-10,1,0
1689,2016-02,1,0
1689,2016-06,1,0
1689,2016-10,0,0
1689,2017-02,0,0
1689,2017-06,1,0
1689,2017-10,0,0
1690,2015-04,0,0
1690,2015-07,0,0
1690,2015-10,0,0
1690,2016-02,0,0
1690,2016-06,0,0
1690,2016-10,0,0
1690,2017-02,0,0
1690,2017-06,0,0
1690,2017-10,0,0
1691,2015-04,0,0
1691,2015-07,0,0
1691,2015-10,0,0
1691,2016-02,0,0
1691,2016-06,0,0
1691,2016-10,0,0
1691,2017-02,0,0
1691,2017-06,0,0
1691,2017-10,0,0
1692,2015-04,0,0
1692,2015-07,0,0
1692,2015-10,0,0
1692,2016-02,0,0
1692,2016-06,0,0
1692,2016-10,0,0
1692,2017-02,0,0
1692,2017-06,0,0
1692,2017-10,0,0
1693,2015-04,0,0
1693,2015-07,0,0
1693,2015-10,0,0
1693,2016-02,0,0
1693,2016-06,0,0
1693,2016-10,0,0
1693,2017-02,0,0
1693,2017-06,0,0
1693,2017-10,0,0
1694,2015-04,0,0
1694,2015-07,0,0
1694,2015-10,0,0
1694,2016-02,0,0
1694,2016-06,0,0
1694,2016-10,0,0
1694,2017-02,0,0
1694,2017-06,0,0
1694,2017-10,0,0
1695,2015-04,0,0
1695,2015-07,0,0
1695,2015-10,0,0
1695,2016-02,0,0
1695,2016-06,0,0
1695,2016-10,0,0
1695,2017-02,0,0
1695,2017-06,0,0
1695,2017-10,0,0
1696,2015-04,0,0
1696,2015-07,0,0
1696,2015-10,0,0
1696,2016-02,0,0
1696,2016-06,0,0
1696,2016-10,0,0
1696,2017-02,0,0
1696,2017-06,0,0
1696,2017-10,0,0
1697,2015-04,0,0
1697,2015-07,0,0
1697,2015-10,0,0
1697,2016-02,0,0
1697,2016-06,0,0
1697,2016-10,0,0
1697,2017-02,0,0
1697,2017-06,0,0
1697,2017-10,0,0
1698,2015-04,0,0
1698,2015-07,0,0
1698,2015-10,0,0
1698,2016-02,0,0
1698,2016-06,0,0
1698,2016-10,0,0
1698,2017-02,0,0
1698,2017-06,0,0
1698,2017-10,0,0
1699,2015-04,0,0
1699,2015-07,0,0
1699,2015-10,0,0
1699,2016-02,0,0
1699,2016-06,0,0
1699,2016-10,0,0
1699,2017-02,0,0
1699,2017-06,0,0
1699,2017-10,0,0
1700,2015-04,0,0
1700,2015-07,1,0
1700,2015-10,1,0
1700,2016-02,1,0
1700,2016-06,1,0
1700,2016-10,0,0
1700,2017-02,0,0
1700,2017-06,0,0
1700,2017-10,0,0
1701,2015-04,0,0
1701,2015-07,0,0
1701,2015-10,0,0
1701,2016-02,0,0
1701,2016-06,0,0
1701,2016-10,0,0
1701,2017-02,0,0
1701,2017-06,0,0
1701,2017-10,0,0
1702,2015-04,1,0
1702,2015-07,1,0
1702,2015-10,1,0
1702,2016-02,1,0
1702,2016-06,0,0
1702,2016-10,0,0
1702,2017-02,0,0
1702,2017-06,0,0
1702,2017-10,0,0
1703,2015-04,0,0
1703,2015-07,0,0
1703,2015-10,1,0
1703,2016-02,1,0
1703,2016-06,1,0
1703,2016-10,0,0
1703,2017-02,0,0
1703,2017-06,0,0
1703,2017-10,0,0
1704,2015-04,0,0
1704,2015-07,0,0
1704,2015-10,0,0
1704,2016-02,0,0
1704,2016-06,0,0
1704,2016-10,0,0
1704,2017-02,0,0
1704,2017-06,0,0
1704,2017-10,0,0
1705,2015-04,0,0
1705,2015-07,0,0
1705,2015-10,0,0
1705,2016-02,0,0
1705,2016-06,0,0
1705,2016-10,0,0
1705,2017-02,0,0
1705,2017-06,0,0
1705,2017-10,0,0
1706,2015-04,0,0
1706,2015-07,0,0
1706,2015-10,0,0
1706,2016-02,0,0
1706,2016-06,0,0
1706,2016-10,0,0
1706,2017-02,0,0
1706,2017-06,0,0
1706,2017-10,0,0
1707,2015-04,0,0
1707,2015-07,1,0
1707,2015-10,1,0
1707,2016-02,1,0
1707,2016-06,1,0
1707,2016-10,0,0
1707,2017-02,0,0
1707,2017-06,0,0
1707,2017-10,0,0
1708,2015-04,0,0
1708,2015-07,0,0
1708,2015-10,1,0
1708,2016-02,1,0
1708,2016-06,1,0
1708,2016-10,0,0
1708,2017-02,0,0
1708,2017-06,1,0
1708,2017-10,0,0
1709,2015-04,0,0
1709,2015-07,0,0
1709,2015-10,0,0
1709,2016-02,0,0
1709,2016-06,0,0
1709,2016-10,0,0
1709,2017-02,0,0
1709,2017-06,0,0
1709,2017-10,0,0
1710,2015-04,0,0
1710,2015-07,0,0
1710,2015-10,0,0
1710,2016-02,0,0
1710,2016-06,0,0
1710,2016-10,0,0
1710,2017-02,0,0
1710,2017-06,0,0
1710,2017-10,0,0
1711,2015-04,0,0
1711,2015-07,0,0
1711,2015-10,0,0
1711,2016-02,0,0
1711,2016-06,0,0
1711,2016-10,0,0
1711,2017-02,0,0
1711,2017-06,0,0
1711,2017-10,0,0
1712,2015-04,0,0
1712,2015-07,0,0
1712,2015-10,0,0
1712,2016-02,0,0
1712,2016-06,0,0
1712,2016-10,0,0
1712,2017-02,0,0
1712,2017-06,0,0
1712,2017-10,0,0
1713,2015-04,0,0
1713,2015-07,0,0
1713,2015-10,0,0
1713,2016-02,0,0
1713,2016-06,0,0
1713,2016-10,0,0
1713,2017-02,0,0
1713,2017-06,0,0
1713,2017-10,0,0
1714,2015-04,0,0
1714,2015-07,0,0
1714,2015-10,1,0
1714,2016-02,1,0
1714,2016-06,1,0
1714,2016-10,0,0
1714,2017-02,0,0
1714,2017-06,0,0
1714,2017-10,0,0
1715,2015-04,0,0
1715,2015-07,0,0
1715,2015-10,0,0
1715,2016-02,0,0
1715,2016-06,0,0
1715,2016-10,0,0
1715,2017-02,0,0
1715,2017-06,0,0
1715,2017-10,0,0
1716,2015-04,0,0
1716,2015-07,0,0
1716,2015-10,0,0
1716,2016-02,0,0
1716,2016-06,0,0
1716,2016-10,0,0
1716,2017-02,0,0
1716,2017-06,0,0
1716,2017-10,0,0
1717,2015-04,0,0
1717,2015-07,0,0
1717,2015-10,0,0
1717,2016-02,0,0
1717,2016-06,0,0
1717,2016-10,0,0
1717,2017-02,0,0
1717,2017-06,0,0
1717,2017-10,0,0
1718,2015-04,0,0
1718,2015-07,0,0
1718,2015-10,0,0
1718,2016-02,0,0
1718,2016-06,0,0
1718,2016-10,0,0
1718,2017-02,0,0
1718,2017-06,0,0
1718,2017-10,0,0
1719,2015-04,0,0
1719,2015-07,0,0
1719,2015-10,0,0
1719,2016-02,0,0
1719,2016-06,0,0
1719,2016-10,0,0
1719,2017-02,0,0
1719,2017-06,0,0
1719,2017-10,0,0
1720,2015-04,0,0
1720,2015-07,0,0
1720,2015-10,1,0
1720,2016-02,1,0
1720,2016-06,1,0
1720,2016-10,0,0
1720,2017-02,0,0
1720,2017-06,0,0
1720,2017-10,0,0
1721,2015-04,0,0
1721,2015-07,0,0
1721,2015-10,0,0
1721,2016-02,0,0
1721,2016-06,0,0
1721,2016-10,0,0
1721,2017-02,0,0
1721,2017-06,0,0
1721,2017-10,0,0
1722,2015-04,0,0
1722,2015-07,0,0
1722,2015-10,0,0
1722,2016-02,0,0
1722,2016-06,0,0
1722,2016-10,0,0
1722,2017-02,0,0
1722,2017-06,0,0
1722,2017-10,0,0
1723,2015-04,0,0
1723,2015-07,1,0
1723,2015-10,0,0
1723,2016-02,0,0
1723,2016-06,0,0
1723,2016-10,0,0
1723,2017-02,0,0
1723,2017-06,0,0
1723,2017-10,0,0
1724,2015-04,0,0
1724,2015-07,0,0
1724,2015-10,0,0
1724,2016-02,0,0
1724,2016-06,0,0
1724,2016-10,0,0
1724,2017-02,0,0
1724,2017-06,0,0
1724,2017-10,0,0
1725,2015-04,0,0
1725,2015-07,0,0
1725,2015-10,0,0
1725,2016-02,0,0
1725,2016-06,0,0
1725,2016-10,0,0
1725,2017-02,0,0
1725,2017-06,0,0
1725,2017-10,0,0
1726,2015-04,0,0
1726,2015-07,0,0
1726,2015-10,1,0
1726,2016-02,1,0
1726,2016-06,0,0
1726,2016-10,0,0
1726,2017-02,0,0
1726,2017-06,0,0
1726,2017-10,0,0
1727,2015-04,0,0
1727,2015-07,0,0
1727,2015-10,0,0
1727,2016-02,0,0
1727,2016-06,0,0
1727,2016-10,0,0
1727,2017-02,0,0
1727,2017-06,0,0
1727,2017-10,0,0
1728,2015-04,0,0
1728,2015-07,0,0
1728,2015-10,0,0
1728,2016-02,0,0
1728,2016-06,0,0
1728,2016-10,0,0
1728,2017-02,1,0
1728,2017-06,1,0
1728,2017-10,0,0
1729,2015-04,0,0
1729,2015-07,0,0
1729,2015-10,0,0
1729,2016-02,0,0
1729,2016-06,0,0
1729,2016-10,0,0
1729,2017-02,1,0
1729,2017-06,1,0
1729,2017-10,0,0
1730,2015-04,0,0
1730,2015-07,0,0
1730,2015-10,0,0
1730,2016-02,0,0
1730,2016-06,0,0
1730,2016-10,0,0
1730,2017-02,0,0
1730,2017-06,0,0
1730,2017-10,0,0
1731,2015-04,0,0
1731,2015-07,0,0
1731,2015-10,1,0
1731,2016-02,1,0
1731,2016-06,1,0
1731,2016-10,0,0
1731,2017-02,0,0
1731,2017-06,1,0
1731,2017-10,0,0
1732,2015-04,0,0
1732,2015-07,0,0
1732,2015-10,0,0
1732,2016-02,0,0
1732,2016-06,0,0
1732,2016-10,0,0
1732,2017-02,0,0
1732,2017-06,0,0
1732,2017-10,0,0
1733,2015-04,0,0
1733,2015-07,0,0
1733,2015-10,0,0
1733,2016-02,0,0
1733,2016-06,0,0
1733,2016-10,0,0
1733,2017-02,0,0
1733,2017-06,0,0
1733,2017-10,0,0
1734,2015-04,0,0
1734,2015-07,0,0
1734,2015-10,0,0
1734,2016-02,0,0
1734,2016-06,0,0
1734,2016-10,0,0
1734,2017-02,0,0
1734,2017-06,0,0
1734,2017-10,0,0
1735,2015-04,0,4
1735,2015-07,0,4
1735,2015-10,0,4
1735,2016-02,0,4
1735,2016-06,0,4
1735,2016-10,0,4
1735,2017-02,1,4
1735,2017-06,1,4
1735,2017-10,1,4
1736,2015-04,0,4
1736,2015-07,0,4
1736,2015-10,0,4
1736,2016-02,0,4
1736,2016-06,0,4
1736,2016-10,0,4
1736,2017-02,1,4
1736,2017-06,1,4
1736,2017-10,1,4
1737,2015-04,0,0
1737,2015-07,1,0
1737,2015-10,0,0
1737,2016-02,0,0
1737,2016-06,0,0
1737,2016-10,0,0
1737,2017-02,0,0
1737,2017-06,0,0
1737,2017-10,0,0
1738,2015-04,0,4
1738,2015-07,0,4
1738,2015-10,0,4
1738,2016-02,0,4
1738,2016-06,0,4
1738,2016-10,0,4
1738,2017-02,1,4
1738,2017-06,1,4
1738,2017-10,1,4
1739,2015-04,0,0
1739,2015-07,0,0
1739,2015-10,0,0
1739,2016-02,0,0
1739,2016-06,0,0
1739,2016-10,0,0
1739,2017-02,0,0
1739,2017-06,0,0
1739,2017-10,0,0
1740,2015-04,0,0
1740,2015-07,0,0
1740,2015-10,1,0
1740,2016-02,0,0
1740,2016-06,0,0
1740,2016-10,0,0
1740,2017-02,0,0
1740,2017-06,0,0
1740,2017-10,0,0
1741,2015-04,0,0
1741,2015-07,1,0
1741,2015-10,1,0
1741,2016-02,1,0
1741,2016-06,1,0
1741,2016-10,0,0
1741,2017-02,0,0
1741,2017-06,1,0
1741,2017-10,0,0
1742,2015-04,0,0
1742,2015-07,1,0
1742,2015-10,1,0
1742,2016-02,1,0
1742,2016-06,1,0
1742,2016-10,0,0
1742,2017-02,0,0
1742,2017-06,1,0
1742,2017-10,0,0
1743,2015-04,0,0
1743,2015-07,0,0
1743,2015-10,0,0
1743,2016-02,0,0
1743,2016-06,0,0
1743,2016-10,0,0
1743,2017-02,0,0
1743,2017-06,0,0
1743,2017-10,0,0
1744,2015-04,0,0
1744,2015-07,0,0
1744,2015-10,0,0
1744,2016-02,0,0
1744,2016-06,0,0
1744,2016-10,0,0
1744,2017-02,1,0
1744,2017-06,1,0
1744,2017-10,0,0
1745,2015-04,0,0
1745,2015-07,0,0
1745,2015-10,0,0
1745,2016-02,0,0
1745,2016-06,0,0
1745,2016-10,0,0
1745,2017-02,0,0
1745,2017-06,0,0
1745,2017-10,0,0
1746,2015-04,0,0
1746,2015-07,0,0
1746,2015-10,1,0
1746,2016-02,1,0
1746,2016-06,1,0
1746,2016-10,0,0
1746,2017-02,0,0
1746,2017-06,0,0
1746,2017-10,0,0
1747,2015-04,0,0
1747,2015-07,0,0
1747,2015-10,0,0
1747,2016-02,0,0
1747,2016-06,0,0
1747,2016-10,0,0
1747,2017-02,0,0
1747,2017-06,0,0
1747,2017-10,0,0
1748,2015-04,0,0
1748,2015-07,0,0
1748,2015-10,0,0
1748,2016-02,0,0
1748,2016-06,0,0
1748,2016-10,0,0
1748,2017-02,0,0
1748,2017-06,0,0
1748,2017-10,0,0
1749,2015-04,0,0
1749,2015-07,0,0
1749,2015-10,1,0
1749,2016-02,1,0
1749,2016-06,0,0
1749,2016-10,0,0
1749,2017-02,0,0
1749,2017-06,0,0
1749,2017-10,0,0
1750,2015-04,0,0
1750,2015-07,1,0
1750,2015-10,1,0
1750,2016-02,0,0
1750,2016-06,0,0
1750,2016-10,0,0
1750,2017-02,0,0
1750,2017-06,0,0
1750,2017-10,0,0
1751,2015-04,0,0
1751,2015-07,1,0
1751,2015-10,1,0
1751,2016-02,1,0
1751,2016-06,1,0
1751,2016-10,0,0
1751,2017-02,0,0
1751,2017-06,0,0
1751,2017-10,0,0
1752,2015-04,0,0
1752,2015-07,0,0
1752,2015-10,0,0
1752,2016-02,0,0
1752,2016-06,0,0
1752,2016-10,0,0
1752,2017-02,0,0
1752,2017-06,0,0
1752,2017-10,0,0
1753,2015-04,0,0
1753,2015-07,0,0
1753,2015-10,0,0
1753,2016-02,0,0
1753,2016-06,0,0
1753,2016-10,0,0
1753,2017-02,0,0
1753,2017-06,0,0
1753,2017-10,0,0
1754,2015-04,0,0
1754,2015-07,0,0
1754,2015-10,0,0
1754,2016-02,0,0
1754,2016-06,0,0
1754,2016-10,0,0
1754,2017-02,0,0
1754,2017-06,0,0
1754,2017-10,0,0
1755,2015-04,0,0
1755,2015-07,1,0
1755,2015-10,1,0
1755,2016-02,1,0
1755,2016-06,1,0
1755,2016-10,0,0
1755,2017-02,0,0
1755,2017-06,0,0
1755,2017-10,0,0
1756,2015-04,0,0
1756,2015-07,0,0
1756,2015-10,0,0
1756,2016-02,0,0
1756,2016-06,0,0
1756,2016-10,0,0
1756,2017-02,0,0
1756,2017-06,0,0
1756,2017-10,0,0
1757,2015-04,0,0
1757,2015-07,0,0
1757,2015-10,0,0
1757,2016-02,0,0
1757,2016-06,0,0
1757,2016-10,0,0
1757,2017-02,0,0
1757,2017-06,0,0
1757,2017-10,0,0
1758,2015-04,0,0
1758,2015-07,0,0
1758,2015-10,0,0
1758,2016-02,0,0
1758,2016-06,0,0
1758,2016-10,0,0
1758,2017-02,0,0
1758,2017-06,0,0
1758,2017-10,0,0
1759,2015-04,0,0
1759,2015-07,0,0
1759,2015-10,1,0
1759,2016-02,1,0
1759,2016-06,1,0
1759,2016-10,0,0
1759,2017-02,0,0
1759,2017-06,0,0
1759,2017-10,0,0
1760,2015-04,0,0
1760,2015-07,0,0
1760,2015-10,0,0
1760,2016-02,0,0
1760,2016-06,0,0
1760,2016-10,0,0
1760,2017-02,0,0
1760,2017-06,1,0
1760,2017-10,0,0
1761,2015-04,0,0
1761,2015-07,0,0
1761,2015-10,0,0
1761,2016-02,0,0
1761,2016-06,0,0
1761,2016-10,0,0
1761,2017-02,0,0
1761,2017-06,0,0
1761,2017-10,0,0
1762,2015-04,0,4
1762,2015-07,0,4
1762,2015-10,0,4
1762,2016-02,0,4
1762,2016-06,0,4
1762,2016-10,0,4
1762,2017-02,1,4
1762,2017-06,1,4
1762,2017-10,1,4
1763,2015-04,0,0
1763,2015-07,0,0
1763,2015-10,0,0
1763,2016-02,0,0
1763,2016-06,0,0
1763,2016-10,0,0
1763,2017-02,0,0
1763,2017-06,0,0
1763,2017-10,0,0
1764,2015-04,0,0
1764,2015-07,1,0
1764,2015-10,1,0
1764,2016-02,0,0
1764,2016-06,0,0
1764,2016-10,0,0
1764,2017-02,0,0
1764,2017-06,0,0
1764,2017-10,0,0
1765,2015-04,0,0
1765,2015-07,0,0
1765,2015-10,0,0
1765,2016-02,0,0
1765,2016-06,0,0
1765,2016-10,0,0
1765,2017-02,0,0
1765,2017-06,0,0
1765,2017-10,0,0
1766,2015-04,0,0
1766,2015-07,0,0
1766,2015-10,1,0
1766,2016-02,1,0
1766,2016-06,1,0
1766,2016-10,0,0
1766,2017-02,0,0
1766,2017-06,0,0
1766,2017-10,0,0
1767,2015-04,0,0
1767,2015-07,1,0
1767,2015-10,1,0
1767,2016-02,1,0
1767,2016-06,0,0
1767,2016-10,0,0
1767,2017-02,1,0
1767,2017-06,0,0
1767,2017-10,0,0
1768,2015-04,0,0
1768,2015-07,0,0
1768,2015-10,0,0
1768,2016-02,0,0
1768,2016-06,0,0
1768,2016-10,0,0
1768,2017-02,0,0
1768,2017-06,0,0
1768,2017-10,0,0
1769,2015-04,0,0
1769,2015-07,0,0
1769,2015-10,0,0
1769,2016-02,0,0
1769,2016-06,0,0
1769,2016-10,0,0
1769,2017-02,0,0
1769,2017-06,0,0
1769,2017-10,0,0
1770,2015-04,0,0
1770,2015-07,0,0
1770,2015-10,0,0
1770,2016-02,0,0
1770,2016-06,0,0
1770,2016-10,0,0
1770,2017-02,0,0
1770,2017-06,0,0
1770,2017-10,0,0
1771,2015-04,0,0
1771,2015-07,0,0
1771,2015-10,1,0
1771,2016-02,0,0
1771,2016-06,0,0
1771,2016-10,0,0
1771,2017-02,0,0
1771,2017-06,0,0
1771,2017-10,0,0
1772,2015-04,0,0
1772,2015-07,0,0
1772,2015-10,0,0
1772,2016-02,0,0
1772,2016-06,0,0
1772,2016-10,0,0
1772,2017-02,0,0
1772,2017-06,0,0
1772,2017-10,0,0
1773,2015-04,0,0
1773,2015-07,0,0
1773,2015-10,1,0
1773,2016-02,1,0
1773,2016-06,0,0
1773,2016-10,0,0
1773,2017-02,0,0
1773,2017-06,0,0
1773,2017-10,0,0
1774,2015-04,0,0
1774,2015-07,0,0
1774,2015-10,0,0
1774,2016-02,0,0
1774,2016-06,0,0
1774,2016-10,0,0
1774,2017-02,0,0
1774,2017-06,0,0
1774,2017-10,0,0
1775,2015-04,0,0
1775,2015-07,0,0
1775,2015-10,0,0
1775,2016-02,0,0
1775,2016-06,0,0
1775,2016-10,0,0
1775,2017-02,0,0
1775,2017-06,0,0
1775,2017-10,0,0
1776,2015-04,0,0
1776,2015-07,1,0
1776,2015-10,1,0
1776,2016-02,1,0
1776,2016-06,1,0
1776,2016-10,0,0
1776,2017-02,0,0
1776,2017-06,1,0
1776,2017-10,0,0
1777,2015-04,1,0
1777,2015-07,1,0
1777,2015-10,1,0
1777,2016-02,1,0
1777,2016-06,1,0
1777,2016-10,0,0
1777,2017-02,0,0
1777,2017-06,1,0
1777,2017-10,1,0
1778,2015-04,0,0
1778,2015-07,0,0
1778,2015-10,1,0
1778,2016-02,1,0
1778,2016-06,1,0
1778,2016-10,0,0
1778,2017-02,0,0
1778,2017-06,0,0
1778,2017-10,0,0
1779,2015-04,0,0
1779,2015-07,0,0
1779,2015-10,1,0
1779,2016-02,1,0
1779,2016-06,0,0
1779,2016-10,0,0
1779,2017-02,0,0
1779,2017-06,0,0
1779,2017-10,0,0
1780,2015-04,0,0
1780,2015-07,0,0
1780,2015-10,1,0
1780,2016-02,1,0
1780,2016-06,1,0
1780,2016-10,0,0
1780,2017-02,0,0
1780,2017-06,0,0
1780,2017-10,0,0
1781,2015-04,0,0
1781,2015-07,0,0
1781,2015-10,0,0
1781,2016-02,0,0
1781,2016-06,0,0
1781,2016-10,0,0
1781,2017-02,0,0
1781,2017-06,0,0
1781,2017-10,0,0
1782,2015-04,0,0
1782,2015-07,0,0
1782,2015-10,0,0
1782,2016-02,0,0
1782,2016-06,0,0
1782,2016-10,0,0
1782,2017-02,0,0
1782,2017-06,0,0
1782,2017-10,0,0
1783,2015-04,0,0
1783,2015-07,0,0
1783,2015-10,0,0
1783,2016-02,0,0
1783,2016-06,0,0
1783,2016-10,0,0
1783,2017-02,0,0
1783,2017-06,0,0
1783,2017-10,0,0
1784,2015-04,0,0
1784,2015-07,0,0
1784,2015-10,0,0
1784,2016-02,0,0
1784,2016-06,0,0
1784,2016-10,0,0
1784,2017-02,0,0
1784,2017-06,0,0
1784,2017-10,0,0
1785,2015-04,0,0
1785,2015-07,0,0
1785,2015-10,0,0
1785,2016-02,0,0
1785,2016-06,0,0
1785,2016-10,0,0
1785,2017-02,0,0
1785,2017-06,0,0
1785,2017-10,0,0
1786,2015-04,0,0
1786,2015-07,0,0
1786,2015-10,0,0
1786,2016-02,0,0
1786,2016-06,0,0
1786,2016-10,0,0
1786,2017-02,1,0
1786,2017-06,1,0
1786,2017-10,0,0
1787,2015-04,1,0
1787,2015-07,1,0
1787,2015-10,0,0
1787,2016-02,0,0
1787,2016-06,0,0
1787,2016-10,0,0
1787,2017-02,0,0
1787,2017-06,0,0
1787,2017-10,0,0
1788,2015-04,0,0
1788,2015-07,0,0
1788,2015-10,0,0
1788,2016-02,0,0
1788,2016-06,0,0
1788,2016-10,0,0
1788,2017-02,0,0
1788,2017-06,0,0
1788,2017-10,0,0
1789,2015-04,0,0
1789,2015-07,0,0
1789,2015-10,0,0
1789,2016-02,0,0
1789,2016-06,0,0
1789,2016-10,0,0
1789,2017-02,0,0
1789,2017-06,0,0
1789,2017-10,0,0
1790,2015-04,0,0
1790,2015-07,1,0
1790,2015-10,1,0
1790,2016-02,1,0
1790,2016-06,1,0
1790,2016-10,0,0
1790,2017-02,0,0
1790,2017-06,0,0
1790,2017-10,0,0
1791,2015-04,0,0
1791,2015-07,0,0
1791,2015-10,0,0
1791,2016-02,0,0
1791,2016-06,0,0
1791,2016-10,0,0
1791,2017-02,0,0
1791,2017-06,0,0
1791,2017-10,0,0
1792,2015-04,0,4
1792,2015-07,0,4
1792,2015-10,0,4
1792,2016-02,0,4
1792,2016-06,0,4
1792,2016-10,0,4
1792,2017-02,1,4
1792,2017-06,1,4
1792,2017-10,1,4
1793,2015-04,1,0
1793,2015-07,1,0
1793,2015-10,0,0
1793,2016-02,0,0
1793,2016-06,0,0
1793,2016-10,0,0
1793,2017-02,0,0
1793,2017-06,0,0
1793,2017-10,0,0
1794,2015-04,0,0
1794,2015-07,0,0
1794,2015-10,0,0
1794,2016-02,0,0
1794,2016-06,0,0
1794,2016-10,0,0
1794,2017-02,0,0
1794,2017-06,0,0
1794,2017-10,0,0
1795,2015-04,0,0
1795,2015-07,0,0
1795,2015-10,1,0
1795,2016-02,0,0
1795,2016-06,0,0
1795,2016-10,0,0
1795,2017-02,0,0
1795,2017-06,0,0
1795,2017-10,0,0
1796,2015-04,0,0
1796,2015-07,1,0
1796,2015-10,1,0
1796,2016-02,1,0
1796,2016-06,0,0
1796,2016-10,0,0
1796,2017-02,1,0
1796,2017-06,0,0
1796,2017-10,0,0
1797,2015-04,0,0
1797,2015-07,0,0
1797,2015-10,1,0
1797,2016-02,1,0
1797,2016-06,1,0
1797,2016-10,0,0
1797,2017-02,0,0
1797,2017-06,0,0
1797,2017-10,0,0
1798,2015-04,0,0
1798,2015-07,0,0
1798,2015-10,0,0
1798,2016-02,1,0
1798,2016-06,1,0
1798,2016-10,0,0
1798,2017-02,1,0
1798,2017-06,1,0
1798,2017-10,0,0
1799,2015-04,0,0
1799,2015-07,0,0
1799,2015-10,1,0
1799,2016-02,1,0
1799,2016-06,0,0
1799,2016-10,0,0
1799,2017-02,0,0
1799,2017-06,0,0
1799,2017-10,0,0
1800,2015-04,0,0
1800,2015-07,0,0
1800,2015-10,0,0
1800,2016-02,0,0
1800,2016-06,0,0
1800,2016-10,0,0
1800,2017-02,0,0
1800,2017-06,0,0
1800,2017-10,0,0
1801,2015-04,0,4
1801,2015-07,0,4
1801,2015-10,0,4
1801,2016-02,0,4
1801,2016-06,0,4
1801,2016-10,0,4
1801,2017-02,1,4
1801,2017-06,1,4
1801,2017-10,1,4
1802,2015-04,0,0
1802,2015-07,0,0
1802,2015-10,0,0
1802,2016-02,0,0
1802,2016-06,0,0
1802,2016-10,0,0
1802,2017-02,0,0
1802,2017-06,0,0
1802,2017-10,0,0
1803,2015-04,0,0
1803,2015-07,0,0
1803,2015-10,0,0
1803,2016-02,0,0
1803,2016-06,0,0
1803,2016-10,0,0
1803,2017-02,0,0
1803,2017-06,1,0
1803,2017-10,0,0
1804,2015-04,0,0
1804,2015-07,0,0
1804,2015-10,0,0
1804,2016-02,0,0
1804,2016-06,0,0
1804,2016-10,0,0
1804,2017-02,0,0
1804,2017-06,0,0
1804,2017-10,0,0
1805,2015-04,0,0
1805,2015-07,0,0
1805,2015-10,0,0
1805,2016-02,0,0
1805,2016-06,0,0
1805,2016-10,0,0
1805,2017-02,0,0
1805,2017-06,0,0
1805,2017-10,0,0
1806,2015-04,0,0
1806,2015-07,0,0
1806,2015-10,0,0
1806,2016-02,0,0
1806,2016-06,0,0
1806,2016-10,0,0
1806,2017-02,0,0
1806,2017-06,0,0
1806,2017-10,0,0
1807,2015-04,0,0
1807,2015-07,0,0
1807,2015-10,0,0
1807,2016-02,0,0
1807,2016-06,0,0
1807,2016-10,0,0
1807,2017-02,0,0
1807,2017-06,0,0
1807,2017-10,0,0
1808,2015-04,0,0
1808,2015-07,0,0
1808,2015-10,0,0
1808,2016-02,0,0
1808,2016-06,0,0
1808,2016-10,0,0
1808,2017-02,1,0
1808,2017-06,1,0
1808,2017-10,0,0
1809,2015-04,0,0
1809,2015-07,0,0
1809,2015-10,0,0
1809,2016-02,0,0
1809,2016-06,0,0
1809,2016-10,0,0
1809,2017-02,0,0
1809,2017-06,0,0
1809,2017-10,0,0
1810,2015-04,0,0
1810,2015-07,0,0
1810,2015-10,0,0
1810,2016-02,0,0
1810,2016-06,0,0
1810,2016-10,0,0
1810,2017-02,0,0
1810,2017-06,0,0
1810,2017-10,0,0
1811,2015-04,0,0
1811,2015-07,0,0
1811,2015-10,0,0
1811,2016-02,0,0
1811,2016-06,0,0
1811,2016-10,0,0
1811,2017-02,0,0
1811,2017-06,0,0
1811,2017-10,0,0
1812,2015-04,0,0
1812,2015-07,0,0
1812,2015-10,0,0
1812,2016-02,0,0
1812,2016-06,0,0
1812,2016-10,0,0
1812,2017-02,0,0
1812,2017-06,0,0
1812,2017-10,0,0
1813,2015-04,0,0
1813,2015-07,0,0
1813,2015-10,0,0
1813,2016-02,0,0
1813,2016-06,0,0
1813,2016-10,0,0
1813,2017-02,0,0
1813,2017-06,0,0
1813,2017-10,0,0
1814,2015-04,0,0
1814,2015-07,0,0
1814,2015-10,0,0
1814,2016-02,0,0
1814,2016-06,0,0
1814,2016-10,0,0
1814,2017-02,0,0
1814,2017-06,0,0
1814,2017-10,0,0
1815,2015-04,0,0
1815,2015-07,1,0
1815,2015-10,1,0
1815,2016-02,1,0
1815,2016-06,1,0
1815,2016-10,0,0
1815,2017-02,1,0
1815,2017-06,1,0
1815,2017-10,0,0
1816,2015-04,0,0
1816,2015-07,0,0
1816,2015-10,0,0
1816,2016-02,0,0
1816,2016-06,0,0
1816,2016-10,0,0
1816,2017-02,0,0
1816,2017-06,0,0
1816,2017-10,0,0
1817,2015-04,0,0
1817,2015-07,0,0
1817,2015-10,0,0
1817,2016-02,0,0
1817,2016-06,0,0
1817,2016-10,0,0
1817,2017-02,0,0
1817,2017-06,0,0
1817,2017-10,0,0
1818,2015-04,0,0
1818,2015-07,0,0
1818,2015-10,0,0
1818,2016-02,0,0
1818,2016-06,0,0
1818,2016-10,0,0
1818,2017-02,0,0
1818,2017-06,0,0
1818,2017-10,0,0
1819,2015-04,0,0
1819,2015-07,0,0
1819,2015-10,0,0
1819,2016-02,0,0
1819,2016-06,0,0
1819,2016-10,0,0
1819,2017-02,0,0
1819,2017-06,0,0
1819,2017-10,0,0
1820,2015-04,0,0
1820,2015-07,0,0
1820,2015-10,1,0
1820,2016-02,0,0
1820,2016-06,0,0
1820,2016-10,0,0
1820,2017-02,0,0
1820,2017-06,0,0
1820,2017-10,0,0
1821,2015-04,0,0
1821,2015-07,0,0
1821,2015-10,0,0
1821,2016-02,0,0
1821,2016-06,0,0
1821,2016-10,0,0
1821,2017-02,0,0
1821,2017-06,0,0
1821,2017-10,0,0
1822,2015-04,0,0
1822,2015-07,0,0
1822,2015-10,0,0
1822,2016-02,0,0
1822,2016-06,0,0
1822,2016-10,0,0
1822,2017-02,0,0
1822,2017-06,0,0
1822,2017-10,0,0
1823,2015-04,0,0
1823,2015-07,0,0
1823,2015-10,0,0
1823,2016-02,0,0
1823,2016-06,0,0
1823,2016-10,0,0
1823,2017-02,0,0
1823,2017-06,0,0
1823,2017-10,0,0
1824,2015-04,0,0
1824,2015-07,0,0
1824,2015-10,0,0
1824,2016-02,0,0
1824,2016-06,0,0
1824,2016-10,0,0
1824,2017-02,0,0
1824,2017-06,1,0
1824,2017-10,0,0
1825,2015-04,0,0
1825,2015-07,0,0
1825,2015-10,1,0
1825,2016-02,1,0
1825,2016-06,1,0
1825,2016-10,0,0
1825,2017-02,0,0
1825,2017-06,1,0
1825,2017-10,0,0
1826,2015-04,0,0
1826,2015-07,0,0
1826,2015-10,0,0
1826,2016-02,0,0
1826,2016-06,0,0
1826,2016-10,0,0
1826,2017-02,0,0
1826,2017-06,0,0
1826,2017-10,0,0
1827,2015-04,0,0
1827,2015-07,0,0
1827,2015-10,0,0
1827,2016-02,0,0
1827,2016-06,0,0
1827,2016-10,0,0
1827,2017-02,0,0
1827,2017-06,0,0
1827,2017-10,0,0
1828,2015-04,0,0
1828,2015-07,0,0
1828,2015-10,0,0
1828,2016-02,0,0
1828,2016-06,0,0
1828,2016-10,0,0
1828,2017-02,0,0
1828,2017-06,0,0
1828,2017-10,0,0
1829,2015-04,0,0
1829,2015-07,0,0
1829,2015-10,0,0
1829,2016-02,0,0
1829,2016-06,0,0
1829,2016-10,0,0
1829,2017-02,0,0
1829,2017-06,0,0
1829,2017-10,0,0
1830,2015-04,0,0
1830,2015-07,1,0
1830,2015-10,1,0
1830,2016-02,1,0
1830,2016-06,1,0
1830,2016-10,0,0
1830,2017-02,0,0
1830,2017-06,1,0
1830,2017-10,0,0
1831,2015-04,0,0
1831,2015-07,0,0
1831,2015-10,0,0
1831,2016-02,0,0
1831,2016-06,0,0
1831,2016-10,0,0
1831,2017-02,0,0
1831,2017-06,0,0
1831,2017-10,0,0
1832,2015-04,0,0
1832,2015-07,0,0
1832,2015-10,0,0
1832,2016-02,0,0
1832,2016-06,0,0
1832,2016-10,0,0
1832,2017-02,1,0
1832,2017-06,1,0
1832,2017-10,1,0
1833,2015-04,0,0
1833,2015-07,0,0
1833,2015-10,0,0
1833,2016-02,0,0
1833,2016-06,0,0
1833,2016-10,0,0
1833,2017-02,0,0
1833,2017-06,0,0
1833,2017-10,0,0
1834,2015-04,0,0
1834,2015-07,0,0
1834,2015-10,0,0
1834,2016-02,0,0
1834,2016-06,0,0
1834,2016-10,0,0
1834,2017-02,0,0
1834,2017-06,0,0
1834,2017-10,0,0
1835,2015-04,0,0
1835,2015-07,0,0
1835,2015-10,0,0
1835,2016-02,0,0
1835,2016-06,0,0
1835,2016-10,0,0
1835,2017-02,0,0
1835,2017-06,0,0
1835,2017-10,0,0
1836,2015-04,0,0
1836,2015-07,0,0
1836,2015-10,0,0
1836,2016-02,0,0
1836,2016-06,0,0
1836,2016-10,0,0
1836,2017-02,0,0
1836,2017-06,0,0
1836,2017-10,0,0
1837,2015-04,1,0
1837,2015-07,1,0
1837,2015-10,0,0
1837,2016-02,1,0
1837,2016-06,1,0
1837,2016-10,0,0
1837,2017-02,0,0
1837,2017-06,0,0
1837,2017-10,0,0
1838,2015-04,0,0
1838,2015-07,0,0
1838,2015-10,0,0
1838,2016-02,0,0
1838,2016-06,0,0
1838,2016-10,0,0
1838,2017-02,0,0
1838,2017-06,0,0
1838,2017-10,0,0
1839,2015-04,0,0
1839,2015-07,0,0
1839,2015-10,0,0
1839,2016-02,0,0
1839,2016-06,0,0
1839,2016-10,0,0
1839,2017-02,0,0
1839,2017-06,0,0
1839,2017-10,0,0
1840,2015-04,0,0
1840,2015-07,0,0
1840,2015-10,1,0
1840,2016-02,1,0
1840,2016-06,0,0
1840,2016-10,0,0
1840,2017-02,0,0
1840,2017-06,0,0
1840,2017-10,0,0
1841,2015-04,0,0
1841,2015-07,0,0
1841,2015-10,1,0
1841,2016-02,1,0
1841,2016-06,0,0
1841,2016-10,0,0
1841,2017-02,0,0
1841,2017-06,0,0
1841,2017-10,0,0
1842,2015-04,0,0
1842,2015-07,0,0
1842,2015-10,1,0
1842,2016-02,1,0
1842,2016-06,0,0
1842,2016-10,0,0
1842,2017-02,0,0
1842,2017-06,0,0
1842,2017-10,0,0
1843,2015-04,0,0
1843,2015-07,0,0
1843,2015-10,0,0
1843,2016-02,0,0
1843,2016-06,0,0
1843,2016-10,0,0
1843,2017-02,0,0
1843,2017-06,0,0
1843,2017-10,0,0
1844,2015-04,0,0
1844,2015-07,0,0
1844,2015-10,0,0
1844,2016-02,0,0
1844,2016-06,0,0
1844,2016-10,0,0
1844,2017-02,0,0
1844,2017-06,0,0
1844,2017-10,0,0
1845,2015-04,0,0
1845,2015-07,1,0
1845,2015-10,1,0
1845,2016-02,1,0
1845,2016-06,0,0
1845,2016-10,0,0
1845,2017-02,0,0
1845,2017-06,0,0
1845,2017-10,0,0
1846,2015-04,0,0
1846,2015-07,0,0
1846,2015-10,1,0
1846,2016-02,0,0
1846,2016-06,0,0
1846,2016-10,0,0
1846,2017-02,0,0
1846,2017-06,0,0
1846,2017-10,0,0
1847,2015-04,0,0
1847,2015-07,1,0
1847,2015-10,1,0
1847,2016-02,0,0
1847,2016-06,0,0
1847,2016-10,0,0
1847,2017-02,0,0
1847,2017-06,0,0
1847,2017-10,0,0
1848,2015-04,0,0
1848,2015-07,1,0
1848,2015-10,1,0
1848,2016-02,1,0
1848,2016-06,1,0
1848,2016-10,0,0
1848,2017-02,0,0
1848,2017-06,0,0
1848,2017-10,0,0
1849,2015-04,0,0
1849,2015-07,0,0
1849,2015-10,0,0
1849,2016-02,0,0
1849,2016-06,0,0
1849,2016-10,0,0
1849,2017-02,0,0
1849,2017-06,0,0
1849,2017-10,0,0
1850,2015-04,0,0
1850,2015-07,0,0
1850,2015-10,0,0
1850,2016-02,0,0
1850,2016-06,0,0
1850,2016-10,0,0
1850,2017-02,0,0
1850,2017-06,0,0
1850,2017-10,0,0
1851,2015-04,0,0
1851,2015-07,0,0
1851,2015-10,1,0
1851,2016-02,1,0
1851,2016-06,1,0
1851,2016-10,0,0
1851,2017-02,0,0
1851,2017-06,0,0
1851,2017-10,0,0
1852,2015-04,0,0
1852,2015-07,0,0
1852,2015-10,0,0
1852,2016-02,0,0
1852,2016-06,0,0
1852,2016-10,0,0
1852,2017-02,0,0
1852,2017-06,0,0
1852,2017-10,0,0
1853,2015-04,0,0
1853,2015-07,0,0
1853,2015-10,0,0
1853,2016-02,0,0
1853,2016-06,0,0
1853,2016-10,0,0
1853,2017-02,0,0
1853,2017-06,0,0
1853,2017-10,0,0
1854,2015-04,0,0
1854,2015-07,0,0
1854,2015-10,0,0
1854,2016-02,0,0
1854,2016-06,0,0
1854,2016-10,0,0
1854,2017-02,0,0
1854,2017-06,0,0
1854,2017-10,0,0
1855,2015-04,0,0
1855,2015-07,0,0
1855,2015-10,0,0
1855,2016-02,0,0
1855,2016-06,0,0
1855,2016-10,0,0
1855,2017-02,0,0
1855,2017-06,0,0
1855,2017-10,0,0
1856,2015-04,0,0
1856,2015-07,0,0
1856,2015-10,0,0
1856,2016-02,0,0
1856,2016-06,0,0
1856,2016-10,0,0
1856,2017-02,0,0
1856,2017-06,0,0
1856,2017-10,1,0
1857,2015-04,0,0
1857,2015-07,0,0
1857,2015-10,0,0
1857,2016-02,0,0
1857,2016-06,0,0
1857,2016-10,0,0
1857,2017-02,0,0
1857,2017-06,0,0
1857,2017-10,0,0
1858,2015-04,0,0
1858,2015-07,0,0
1858,2015-10,0,0
1858,2016-02,0,0
1858,2016-06,0,0
1858,2016-10,0,0
1858,2017-02,0,0
1858,2017-06,0,0
1858,2017-10,0,0
1859,2015-04,0,0
1859,2015-07,0,0
1859,2015-10,0,0
1859,2016-02,0,0
1859,2016-06,0,0
1859,2016-10,0,0
1859,2017-02,0,0
1859,2017-06,0,0
1859,2017-10,0,0
1860,2015-04,0,0
1860,2015-07,0,0
1860,2015-10,0,0
1860,2016-02,0,0
1860,2016-06,0,0
1860,2016-10,0,0
1860,2017-02,0,0
1860,2017-06,0,0
1860,2017-10,0,0
1861,2015-04,0,0
1861,2015-07,0,0
1861,2015-10,0,0
1861,2016-02,0,0
1861,2016-06,0,0
1861,2016-10,0,0
1861,2017-02,0,0
1861,2017-06,0,0
1861,2017-10,0,0
1862,2015-04,0,0
1862,2015-07,0,0
1862,2015-10,1,0
1862,2016-02,1,0
1862,2016-06,0,0
1862,2016-10,0,0
1862,2017-02,0,0
1862,2017-06,0,0
1862,2017-10,0,0
1863,2015-04,0,0
1863,2015-07,0,0
1863,2015-10,1,0
1863,2016-02,1,0
1863,2016-06,0,0
1863,2016-10,0,0
1863,2017-02,0,0
1863,2017-06,0,0
1863,2017-10,0,0
1864,2015-04,0,0
1864,2015-07,0,0
1864,2015-10,1,0
1864,2016-02,1,0
1864,2016-06,0,0
1864,2016-10,0,0
1864,2017-02,0,0
1864,2017-06,0,0
1864,2017-10,0,0
1865,2015-04,0,0
1865,2015-07,0,0
1865,2015-10,1,0
1865,2016-02,1,0
1865,2016-06,0,0
1865,2016-10,0,0
1865,2017-02,0,0
1865,2017-06,0,0
1865,2017-10,0,0
1866,2015-04,0,0
1866,2015-07,0,0
1866,2015-10,0,0
1866,2016-02,0,0
1866,2016-06,0,0
1866,2016-10,0,0
1866,2017-02,0,0
1866,2017-06,0,0
1866,2017-10,0,0
1867,2015-04,0,0
1867,2015-07,0,0
1867,2015-10,0,0
1867,2016-02,0,0
1867,2016-06,0,0
1867,2016-10,0,0
1867,2017-02,0,0
1867,2017-06,0,0
1867,2017-10,0,0
1868,2015-04,0,0
1868,2015-07,0,0
1868,2015-10,1,0
1868,2016-02,1,0
1868,2016-06,1,0
1868,2016-10,0,0
1868,2017-02,0,0
1868,2017-06,0,0
1868,2017-10,0,0
1869,2015-04,0,0
1869,2015-07,0,0
1869,2015-10,0,0
1869,2016-02,0,0
1869,2016-06,0,0
1869,2016-10,0,0
1869,2017-02,0,0
1869,2017-06,0,0
1869,2017-10,0,0
1870,2015-04,0,0
1870,2015-07,0,0
1870,2015-10,1,0
1870,2016-02,1,0
1870,2016-06,1,0
1870,2016-10,0,0
1870,2017-02,0,0
1870,2017-06,0,0
1870,2017-10,0,0
1871,2015-04,0,0
1871,2015-07,1,0
1871,2015-10,1,0
1871,2016-02,1,0
1871,2016-06,1,0
1871,2016-10,0,0
1871,2017-02,0,0
1871,2017-06,1,0
1871,2017-10,0,0
1872,2015-04,0,0
1872,2015-07,0,0
1872,2015-10,1,0
1872,2016-02,1,0
1872,2016-06,1,0
1872,2016-10,0,0
1872,2017-02,0,0
1872,2017-06,0,0
1872,2017-10,0,0
1873,2015-04,0,0
1873,2015-07,0,0
1873,2015-10,0,0
1873,2016-02,0,0
1873,2016-06,0,0
1873,2016-10,0,0
1873,2017-02,0,0
1873,2017-06,0,0
1873,2017-10,0,0
1874,2015-04,0,0
1874,2015-07,0,0
1874,2015-10,0,0
1874,2016-02,0,0
1874,2016-06,0,0
1874,2016-10,0,0
1874,2017-02,0,0
1874,2017-06,0,0
1874,2017-10,0,0
1875,2015-04,0,0
1875,2015-07,1,0
1875,2015-10,1,0
1875,2016-02,1,0
1875,2016-06,0,0
1875,2016-10,0,0
1875,2017-02,1,0
1875,2017-06,0,0
1875,2017-10,0,0
1876,2015-04,0,0
1876,2015-07,0,0
1876,2015-10,0,0
1876,2016-02,0,0
1876,2016-06,0,0
1876,2016-10,0,0
1876,2017-02,0,0
1876,2017-06,0,0
1876,2017-10,0,0
1877,2015-04,0,0
1877,2015-07,0,0
1877,2015-10,0,0
1877,2016-02,0,0
1877,2016-06,0,0
1877,2016-10,0,0
1877,2017-02,0,0
1877,2017-06,0,0
1877,2017-10,0,0
1878,2015-04,0,0
1878,2015-07,0,0
1878,2015-10,0,0
1878,2016-02,0,0
1878,2016-06,0,0
1878,2016-10,0,0
1878,2017-02,0,0
1878,2017-06,0,0
1878,2017-10,0,0
1879,2015-04,0,0
1879,2015-07,0,0
1879,2015-10,0,0
1879,2016-02,0,0
1879,2016-06,0,0
1879,2016-10,0,0
1879,2017-02,0,0
1879,2017-06,0,0
1879,2017-10,0,0
1880,2015-04,1,0
1880,2015-07,1,0
1880,2015-10,1,0
1880,2016-02,1,0
1880,2016-06,1,0
1880,2016-10,0,0
1880,2017-02,0,0
1880,2017-06,1,0
1880,2017-10,1,0
1881,2015-04,0,0
1881,2015-07,0,0
1881,2015-10,0,0
1881,2016-02,0,0
1881,2016-06,0,0
1881,2016-10,0,0
1881,2017-02,1,0
1881,2017-06,1,0
1881,2017-10,0,0
1882,2015-04,0,0
1882,2015-07,0,0
1882,2015-10,0,0
1882,2016-02,0,0
1882,2016-06,0,0
1882,2016-10,0,0
1882,2017-02,0,0
1882,2017-06,0,0
1882,2017-10,0,0
1883,2015-04,0,0
1883,2015-07,0,0
1883,2015-10,0,0
1883,2016-02,0,0
1883,2016-06,0,0
1883,2016-10,0,0
1883,2017-02,0,0
1883,2017-06,0,0
1883,2017-10,0,0
1884,2015-04,0,0
1884,2015-07,0,0
1884,2015-10,0,0
1884,2016-02,0,0
1884,2016-06,0,0
1884,2016-10,0,0
1884,2017-02,0,0
1884,2017-06,0,0
1884,2017-10,0,0
1885,2015-04,1,0
1885,2015-07,1,0
1885,2015-10,1,0
1885,2016-02,1,0
1885,2016-06,1,0
1885,2016-10,0,0
1885,2017-02,0,0
1885,2017-06,1,0
1885,2017-10,1,0
1886,2015-04,0,0
1886,2015-07,0,0
1886,2015-10,0,0
1886,2016-02,0,0
1886,2016-06,0,0
1886,2016-10,0,0
1886,2017-02,0,0
1886,2017-06,0,0
1886,2017-10,0,0
1887,2015-04,0,0
1887,2015-07,0,0
1887,2015-10,0,0
1887,2016-02,0,0
1887,2016-06,0,0
1887,2016-10,0,0
1887,2017-02,0,0
1887,2017-06,0,0
1887,2017-10,0,0
1888,2015-04,1,0
1888,2015-07,1,0
1888,2015-10,1,0
1888,2016-02,1,0
1888,2016-06,1,0
1888,2016-10,0,0
1888,2017-02,0,0
1888,2017-06,0,0
1888,2017-10,0,0
1889,2015-04,0,0
1889,2015-07,1,0
1889,2015-10,1,0
1889,2016-02,1,0
1889,2016-06,1,0
1889,2016-10,1,0
1889,2017-02,1,0
1889,2017-06,0,0
1889,2017-10,0,0
1890,2015-04,0,0
1890,2015-07,0,0
1890,2015-10,1,0
1890,2016-02,1,0
1890,2016-06,0,0
1890,2016-10,0,0
1890,2017-02,0,0
1890,2017-06,0,0
1890,2017-10,0,0
1891,2015-04,0,0
1891,2015-07,1,0
1891,2015-10,1,0
1891,2016-02,1,0
1891,2016-06,0,0
1891,2016-10,0,0
1891,2017-02,0,0
1891,2017-06,0,0
1891,2017-10,0,0
1892,2015-04,0,0
1892,2015-07,1,0
1892,2015-10,1,0
1892,2016-02,0,0
1892,2016-06,0,0
1892,2016-10,0,0
1892,2017-02,1,0
1892,2017-06,1,0
1892,2017-10,0,0
1893,2015-04,0,0
1893,2015-07,0,0
1893,2015-10,0,0
1893,2016-02,0,0
1893,2016-06,0,0
1893,2016-10,0,0
1893,2017-02,0,0
1893,2017-06,0,0
1893,2017-10,0,0
1894,2015-04,0,0
1894,2015-07,1,0
1894,2015-10,1,0
1894,2016-02,1,0
1894,2016-06,1,0
1894,2016-10,0,0
1894,2017-02,0,0
1894,2017-06,0,0
1894,2017-10,0,0
1895,2015-04,0,0
1895,2015-07,1,0
1895,2015-10,1,0
1895,2016-02,1,0
1895,2016-06,1,0
1895,2016-10,0,0
1895,2017-02,0,0
1895,2017-06,0,0
1895,2017-10,0,0
1896,2015-04,0,0
1896,2015-07,0,0
1896,2015-10,0,0
1896,2016-02,0,0
1896,2016-06,0,0
1896,2016-10,0,0
1896,2017-02,0,0
1896,2017-06,0,0
1896,2017-10,0,0
1897,2015-04,0,0
1897,2015-07,1,0
1897,2015-10,1,0
1897,2016-02,1,0
1897,2016-06,1,0
1897,2016-10,0,0
1897,2017-02,0,0
1897,2017-06,0,0
1897,2017-10,0,0
1898,2015-04,0,0
1898,2015-07,0,0
1898,2015-10,0,0
1898,2016-02,0,0
1898,2016-06,0,0
1898,2016-10,0,0
1898,2017-02,0,0
1898,2017-06,0,0
1898,2017-10,0,0
1899,2015-04,0,0
1899,2015-07,1,0
1899,2015-10,1,0
1899,2016-02,0,0
1899,2016-06,0,0
1899,2016-10,0,0
1899,2017-02,0,0
1899,2017-06,0,0
1899,2017-10,0,0
1900,2015-04,0,0
1900,2015-07,1,0
1900,2015-10,1,0
1900,2016-02,1,0
1900,2016-06,1,0
1900,2016-10,0,0
1900,2017-02,0,0
1900,2017-06,1,0
1900,2017-10,0,0
1901,2015-04,0,0
1901,2015-07,1,0
1901,2015-10,1,0
1901,2016-02,1,0
1901,2016-06,1,0
1901,2016-10,0,0
1901,2017-02,0,0
1901,2017-06,0,0
1901,2017-10,0,0
1902,2015-04,1,4
1902,2015-07,0,4
1902,2015-10,0,4
1902,2016-02,0,4
1902,2016-06,0,4
1902,2016-10,0,4
1902,2017-02,0,4
1902,2017-06,1,4
1902,2017-10,0,4
1903,2015-04,0,0
1903,2015-07,0,0
1903,2015-10,0,0
1903,2016-02,0,0
1903,2016-06,0,0
1903,2016-10,0,0
1903,2017-02,0,0
1903,2017-06,0,0
1903,2017-10,0,0
1904,2015-04,0,0
1904,2015-07,0,0
1904,2015-10,0,0
1904,2016-02,0,0
1904,2016-06,0,0
1904,2016-10,0,0
1904,2017-02,0,0
1904,2017-06,0,0
1904,2017-10,0,0
1905,2015-04,0,0
1905,2015-07,0,0
1905,2015-10,1,0
1905,2016-02,1,0
1905,2016-06,0,0
1905,2016-10,0,0
1905,2017-02,0,0
1905,2017-06,0,0
1905,2017-10,0,0
1906,2015-04,0,0
1906,2015-07,0,0
1906,2015-10,0,0
1906,2016-02,0,0
1906,2016-06,0,0
1906,2016-10,0,0
1906,2017-02,0,0
1906,2017-06,0,0
1906,2017-10,0,0
1907,2015-04,0,0
1907,2015-07,0,0
1907,2015-10,0,0
1907,2016-02,0,0
1907,2016-06,0,0
1907,2016-10,0,0
1907,2017-02,0,0
1907,2017-06,0,0
1907,2017-10,0,0
1908,2015-04,0,0
1908,2015-07,0,0
1908,2015-10,0,0
1908,2016-02,0,0
1908,2016-06,0,0
1908,2016-10,0,0
1908,2017-02,0,0
1908,2017-06,0,0
1908,2017-10,0,0
1909,2015-04,1,4
1909,2015-07,0,4
1909,2015-10,0,4
1909,2016-02,0,4
1909,2016-06,0,4
1909,2016-10,0,4
1909,2017-02,1,4
1909,2017-06,1,4
1909,2017-10,0,4
1910,2015-04,0,4
1910,2015-07,0,4
1910,2015-10,0,4
1910,2016-02,0,4
1910,2016-06,0,4
1910,2016-10,0,4
1910,2017-02,1,4
1910,2017-06,1,4
1910,2017-10,0,4
1911,2015-04,0,4
1911,2015-07,0,4
1911,2015-10,0,4
1911,2016-02,0,4
1911,2016-06,0,4
1911,2016-10,0,4
1911,2017-02,1,4
1911,2017-06,1,4
1911,2017-10,0,4
1912,2015-04,0,0
1912,2015-07,0,0
1912,2015-10,0,0
1912,2016-02,0,0
1912,2016-06,0,0
1912,2016-10,0,0
1912,2017-02,0,0
1912,2017-06,0,0
1912,2017-10,0,0
1913,2015-04,0,0
1913,2015-07,0,0
1913,2015-10,0,0
1913,2016-02,0,0
1913,2016-06,0,0
1913,2016-10,0,0
1913,2017-02,0,0
1913,2017-06,0,0
1913,2017-10,0,0
1914,2015-04,0,0
1914,2015-07,0,0
1914,2015-10,0,0
1914,2016-02,0,0
1914,2016-06,0,0
1914,2016-10,0,0
1914,2017-02,0,0
1914,2017-06,0,0
1914,2017-10,0,0
1915,2015-04,0,4
1915,2015-07,0,4
1915,2015-10,0,4
1915,2016-02,0,4
1915,2016-06,0,4
1915,2016-10,0,4
1915,2017-02,1,4
1915,2017-06,1,4
1915,2017-10,1,4
1916,2015-04,0,0
1916,2015-07,0,0
1916,2015-10,0,0
1916,2016-02,0,0
1916,2016-06,0,0
1916,2016-10,0,0
1916,2017-02,0,0
1916,2017-06,0,0
1916,2017-10,0,0
1917,2015-04,0,0
1917,2015-07,0,0
1917,2015-10,1,0
1917,2016-02,0,0
1917,2016-06,0,0
1917,2016-10,0,0
1917,2017-02,0,0
1917,2017-06,0,0
1917,2017-10,0,0
1918,2015-04,0,0
1918,2015-07,0,0
1918,2015-10,0,0
1918,2016-02,0,0
1918,2016-06,0,0
1918,2016-10,0,0
1918,2017-02,0,0
1918,2017-06,0,0
1918,2017-10,0,0
1919,2015-04,0,0
1919,2015-07,0,0
1919,2015-10,0,0
1919,2016-02,0,0
1919,2016-06,0,0
1919,2016-10,0,0
1919,2017-02,1,0
1919,2017-06,1,0
1919,2017-10,0,0
1920,2015-04,0,0
1920,2015-07,0,0
1920,2015-10,0,0
1920,2016-02,0,0
1920,2016-06,0,0
1920,2016-10,0,0
1920,2017-02,0,0
1920,2017-06,0,0
1920,2017-10,0,0
1921,2015-04,0,0
1921,2015-07,0,0
1921,2015-10,0,0
1921,2016-02,0,0
1921,2016-06,0,0
1921,2016-10,0,0
1921,2017-02,0,0
1921,2017-06,0,0
1921,2017-10,0,0
1922,2015-04,0,0
1922,2015-07,0,0
1922,2015-10,0,0
1922,2016-02,0,0
1922,2016-06,0,0
1922,2016-10,0,0
1922,2017-02,0,0
1922,2017-06,0,0
1922,2017-10,0,0
1923,2015-04,0,0
1923,2015-07,0,0
1923,2015-10,0,0
1923,2016-02,1,0
1923,2016-06,1,0
1923,2016-10,0,0
1923,2017-02,0,0
1923,2017-06,0,0
1923,2017-10,0,0
1924,2015-04,0,0
1924,2015-07,0,0
1924,2015-10,1,0
1924,2016-02,0,0
1924,2016-06,0,0
1924,2016-10,0,0
1924,2017-02,0,0
1924,2017-06,0,0
1924,2017-10,0,0
1925,2015-04,0,0
1925,2015-07,0,0
1925,2015-10,0,0
1925,2016-02,0,0
1925,2016-06,0,0
1925,2016-10,0,0
1925,2017-02,0,0
1925,2017-06,0,0
1925,2017-10,0,0
1926,2015-04,0,0
1926,2015-07,0,0
1926,2015-10,0,0
1926,2016-02,0,0
1926,2016-06,0,0
1926,2016-10,0,0
1926,2017-02,0,0
1926,2017-06,0,0
1926,2017-10,0,0
1927,2015-04,0,0
1927,2015-07,0,0
1927,2015-10,0,0
1927,2016-02,0,0
1927,2016-06,0,0
1927,2016-10,0,0
1927,2017-02,0,0
1927,2017-06,0,0
1927,2017-10,0,0
1928,2015-04,0,0
1928,2015-07,0,0
1928,2015-10,0,0
1928,2016-02,0,0
1928,2016-06,0,0
1928,2016-10,0,0
1928,2017-02,0,0
1928,2017-06,0,0
1928,2017-10,0,0
1929,2015-04,0,0
1929,2015-07,0,0
1929,2015-10,0,0
1929,2016-02,0,0
1929,2016-06,0,0
1929,2016-10,0,0
1929,2017-02,0,0
1929,2017-06,0,0
1929,2017-10,0,0
1930,2015-04,0,3
1930,2015-07,0,3
1930,2015-10,0,3
1930,2016-02,0,3
1930,2016-06,0,3
1930,2016-10,0,3
1930,2017-02,1,3
1930,2017-06,1,3
1930,2017-10,0,3
1931,2015-04,0,0
1931,2015-07,0,0
1931,2015-10,0,0
1931,2016-02,0,0
1931,2016-06,0,0
1931,2016-10,0,0
1931,2017-02,0,0
1931,2017-06,0,0
1931,2017-10,0,0
1932,2015-04,0,0
1932,2015-07,0,0
1932,2015-10,0,0
1932,2016-02,0,0
1932,2016-06,0,0
1932,2016-10,0,0
1932,2017-02,0,0
1932,2017-06,0,0
1932,2017-10,0,0
1933,2015-04,0,0
1933,2015-07,0,0
1933,2015-10,1,0
1933,2016-02,0,0
1933,2016-06,0,0
1933,2016-10,0,0
1933,2017-02,0,0
1933,2017-06,0,0
1933,2017-10,0,0
1934,2015-04,0,0
1934,2015-07,0,0
1934,2015-10,0,0
1934,2016-02,0,0
1934,2016-06,0,0
1934,2016-10,0,0
1934,2017-02,0,0
1934,2017-06,0,0
1934,2017-10,0,0
1935,2015-04,0,0
1935,2015-07,0,0
1935,2015-10,0,0
1935,2016-02,0,0
1935,2016-06,0,0
1935,2016-10,0,0
1935,2017-02,0,0
1935,2017-06,0,0
1935,2017-10,0,0
1936,2015-04,0,0
1936,2015-07,0,0
1936,2015-10,0,0
1936,2016-02,0,0
1936,2016-06,0,0
1936,2016-10,0,0
1936,2017-02,0,0
1936,2017-06,0,0
1936,2017-10,0,0
1937,2015-04,0,0
1937,2015-07,0,0
1937,2015-10,0,0
1937,2016-02,0,0
1937,2016-06,0,0
1937,2016-10,0,0
1937,2017-02,0,0
1937,2017-06,0,0
1937,2017-10,0,0
1938,2015-04,0,0
1938,2015-07,0,0
1938,2015-10,1,0
1938,2016-02,1,0
1938,2016-06,1,0
1938,2016-10,0,0
1938,2017-02,0,0
1938,2017-06,1,0
1938,2017-10,0,0
1939,2015-04,0,4
1939,2015-07,0,4
1939,2015-10,0,4
1939,2016-02,0,4
1939,2016-06,0,4
1939,2016-10,0,4
1939,2017-02,1,4
1939,2017-06,1,4
1939,2017-10,0,4
1940,2015-04,0,0
1940,2015-07,0,0
1940,2015-10,0,0
1940,2016-02,0,0
1940,2016-06,0,0
1940,2016-10,0,0
1940,2017-02,0,0
1940,2017-06,0,0
1940,2017-10,0,0
1941,2015-04,0,0
1941,2015-07,0,0
1941,2015-10,0,0
1941,2016-02,0,0
1941,2016-06,0,0
1941,2016-10,0,0
1941,2017-02,0,0
1941,2017-06,0,0
1941,2017-10,0,0
1942,2015-04,0,0
1942,2015-07,0,0
1942,2015-10,0,0
1942,2016-02,0,0
1942,2016-06,0,0
1942,2016-10,0,0
1942,2017-02,1,0
1942,2017-06,1,0
1942,2017-10,0,0
1943,2015-04,0,0
1943,2015-07,0,0
1943,2015-10,1,0
1943,2016-02,1,0
1943,2016-06,1,0
1943,2016-10,0,0
1943,2017-02,0,0
1943,2017-06,0,0
1943,2017-10,0,0
1944,2015-04,0,0
1944,2015-07,0,0
1944,2015-10,0,0
1944,2016-02,0,0
1944,2016-06,0,0
1944,2016-10,0,0
1944,2017-02,0,0
1944,2017-06,0,0
1944,2017-10,0,0
1945,2015-04,0,0
1945,2015-07,0,0
1945,2015-10,0,0
1945,2016-02,0,0
1945,2016-06,0,0
1945,2016-10,0,0
1945,2017-02,1,0
1945,2017-06,1,0
1945,2017-10,0,0
1946,2015-04,0,0
1946,2015-07,0,0
1946,2015-10,1,0
1946,2016-02,1,0
1946,2016-06,1,0
1946,2016-10,0,0
1946,2017-02,0,0
1946,2017-06,0,0
1946,2017-10,0,0
1947,2015-04,0,0
1947,2015-07,1,0
1947,2015-10,1,0
1947,2016-02,1,0
1947,2016-06,1,0
1947,2016-10,0,0
1947,2017-02,0,0
1947,2017-06,0,0
1947,2017-10,0,0
1948,2015-04,0,0
1948,2015-07,0,0
1948,2015-10,1,0
1948,2016-02,1,0
1948,2016-06,1,0
1948,2016-10,0,0
1948,2017-02,0,0
1948,2017-06,0,0
1948,2017-10,0,0
1949,2015-04,0,0
1949,2015-07,0,0
1949,2015-10,0,0
1949,2016-02,1,0
1949,2016-06,1,0
1949,2016-10,0,0
1949,2017-02,1,0
1949,2017-06,1,0
1949,2017-10,0,0
1950,2015-04,0,0
1950,2015-07,1,0
1950,2015-10,1,0
1950,2016-02,1,0
1950,2016-06,1,0
1950,2016-10,0,0
1950,2017-02,0,0
1950,2017-06,0,0
1950,2017-10,0,0
1951,2015-04,0,0
1951,2015-07,0,0
1951,2015-10,0,0
1951,2016-02,0,0
1951,2016-06,0,0
1951,2016-10,0,0
1951,2017-02,0,0
1951,2017-06,0,0
1951,2017-10,0,0
1952,2015-04,0,0
1952,2015-07,0,0
1952,2015-10,0,0
1952,2016-02,0,0
1952,2016-06,0,0
1952,2016-10,0,0
1952,2017-02,0,0
1952,2017-06,0,0
1952,2017-10,0,0
1953,2015-04,0,0
1953,2015-07,0,0
1953,2015-10,1,0
1953,2016-02,1,0
1953,2016-06,1,0
1953,2016-10,0,0
1953,2017-02,0,0
1953,2017-06,1,0
1953,2017-10,0,0
1954,2015-04,0,0
1954,2015-07,0,0
1954,2015-10,1,0
1954,2016-02,0,0
1954,2016-06,0,0
1954,2016-10,0,0
1954,2017-02,0,0
1954,2017-06,0,0
1954,2017-10,0,0
1955,2015-04,0,0
1955,2015-07,0,0
1955,2015-10,0,0
1955,2016-02,0,0
1955,2016-06,0,0
1955,2016-10,0,0
1955,2017-02,1,0
1955,2017-06,1,0
1955,2017-10,0,0
1956,2015-04,0,0
1956,2015-07,0,0
1956,2015-10,1,0
1956,2016-02,0,0
1956,2016-06,0,0
1956,2016-10,0,0
1956,2017-02,0,0
1956,2017-06,0,0
1956,2017-10,0,0
1957,2015-04,1,0
1957,2015-07,1,0
1957,2015-10,1,0
1957,2016-02,1,0
1957,2016-06,1,0
1957,2016-10,0,0
1957,2017-02,0,0
1957,2017-06,1,0
1957,2017-10,0,0
1958,2015-04,0,0
1958,2015-07,0,0
1958,2015-10,0,0
1958,2016-02,0,0
1958,2016-06,0,0
1958,2016-10,0,0
1958,2017-02,1,0
1958,2017-06,1,0
1958,2017-10,1,0
1959,2015-04,0,0
1959,2015-07,0,0
1959,2015-10,0,0
1959,2016-02,0,0
1959,2016-06,0,0
1959,2016-10,0,0
1959,2017-02,0,0
1959,2017-06,0,0
1959,2017-10,0,0
1960,2015-04,0,0
1960,2015-07,0,0
1960,2015-10,0,0
1960,2016-02,0,0
1960,2016-06,0,0
1960,2016-10,0,0
1960,2017-02,0,0
1960,2017-06,0,0
1960,2017-10,0,0
1961,2015-04,0,0
1961,2015-07,0,0
1961,2015-10,1,0
1961,2016-02,1,0
1961,2016-06,0,0
1961,2016-10,0,0
1961,2017-02,0,0
1961,2017-06,0,0
1961,2017-10,0,0
1962,2015-04,0,0
1962,2015-07,0,0
1962,2015-10,1,0
1962,2016-02,0,0
1962,2016-06,0,0
1962,2016-10,0,0
1962,2017-02,0,0
1962,2017-06,0,0
1962,2017-10,0,0
1963,2015-04,0,0
1963,2015-07,0,0
1963,2015-10,1,0
1963,2016-02,1,0
1963,2016-06,0,0
1963,2016-10,0,0
1963,2017-02,0,0
1963,2017-06,0,0
1963,2017-10,0,0
1964,2015-04,0,0
1964,2015-07,1,0
1964,2015-10,1,0
1964,2016-02,1,0
1964,2016-06,1,0
1964,2016-10,0,0
1964,2017-02,0,0
1964,2017-06,1,0
1964,2017-10,0,0
1965,2015-04,0,0
1965,2015-07,0,0
1965,2015-10,0,0
1965,2016-02,0,0
1965,2016-06,0,0
1965,2016-10,0,0
1965,2017-02,0,0
1965,2017-06,0,0
1965,2017-10,0,0
1966,2015-04,0,0
1966,2015-07,0,0
1966,2015-10,0,0
1966,2016-02,0,0
1966,2016-06,0,0
1966,2016-10,0,0
1966,2017-02,0,0
1966,2017-06,0,0
1966,2017-10,0,0
1967,2015-04,0,0
1967,2015-07,0,0
1967,2015-10,0,0
1967,2016-02,0,0
1967,2016-06,0,0
1967,2016-10,0,0
1967,2017-02,0,0
1967,2017-06,0,0
1967,2017-10,0,0
1968,2015-04,0,0
1968,2015-07,0,0
1968,2015-10,0,0
1968,2016-02,0,0
1968,2016-06,0,0
1968,2016-10,0,0
1968,2017-02,0,0
1968,2017-06,0,0
1968,2017-10,0,0
1969,2015-04,0,0
1969,2015-07,0,0
1969,2015-10,0,0
1969,2016-02,0,0
1969,2016-06,0,0
1969,2016-10,0,0
1969,2017-02,0,0
1969,2017-06,0,0
1969,2017-10,0,0
1970,2015-04,0,0
1970,2015-07,0,0
1970,2015-10,0,0
1970,2016-02,0,0
1970,2016-06,0,0
1970,2016-10,0,0
1970,2017-02,0,0
1970,2017-06,0,0
1970,2017-10,0,0
1971,2015-04,0,0
1971,2015-07,0,0
1971,2015-10,0,0
1971,2016-02,0,0
1971,2016-06,0,0
1971,2016-10,0,0
1971,2017-02,0,0
1971,2017-06,0,0
1971,2017-10,0,0
1972,2015-04,0,0
1972,2015-07,0,0
1972,2015-10,0,0
1972,2016-02,0,0
1972,2016-06,0,0
1972,2016-10,0,0
1972,2017-02,0,0
1972,2017-06,0,0
1972,2017-10,0,0
1973,2015-04,0,0
1973,2015-07,0,0
1973,2015-10,0,0
1973,2016-02,0,0
1973,2016-06,0,0
1973,2016-10,0,0
1973,2017-02,0,0
1973,2017-06,0,0
1973,2017-10,0,0
1974,2015-04,0,0
1974,2015-07,0,0
1974,2015-10,0,0
1974,2016-02,0,0
1974,2016-06,0,0
1974,2016-10,0,0
1974,2017-02,0,0
1974,2017-06,0,0
1974,2017-10,0,0
1975,2015-04,0,0
1975,2015-07,0,0
1975,2015-10,0,0
1975,2016-02,0,0
1975,2016-06,0,0
1975,2016-10,0,0
1975,2017-02,0,0
1975,2017-06,0,0
1975,2017-10,0,0
1976,2015-04,0,0
1976,2015-07,0,0
1976,2015-10,0,0
1976,2016-02,0,0
1976,2016-06,0,0
1976,2016-10,0,0
1976,2017-02,0,0
1976,2017-06,0,0
1976,2017-10,0,0
1977,2015-04,0,0
1977,2015-07,0,0
1977,2015-10,0,0
1977,2016-02,0,0
1977,2016-06,0,0
1977,2016-10,0,0
1977,2017-02,0,0
1977,2017-06,0,0
1977,2017-10,0,0
1978,2015-04,0,0
1978,2015-07,0,0
1978,2015-10,0,0
1978,2016-02,0,0
1978,2016-06,0,0
1978,2016-10,0,0
1978,2017-02,1,0
1978,2017-06,1,0
1978,2017-10,0,0
1979,2015-04,0,0
1979,2015-07,0,0
1979,2015-10,0,0
1979,2016-02,0,0
1979,2016-06,0,0
1979,2016-10,0,0
1979,2017-02,0,0
1979,2017-06,0,0
1979,2017-10,0,0
1980,2015-04,0,0
1980,2015-07,0,0
1980,2015-10,0,0
1980,2016-02,0,0
1980,2016-06,0,0
1980,2016-10,0,0
1980,2017-02,0,0
1980,2017-06,0,0
1980,2017-10,0,0
1981,2015-04,0,0
1981,2015-07,0,0
1981,2015-10,0,0
1981,2016-02,0,0
1981,2016-06,0,0
1981,2016-10,0,0
1981,2017-02,0,0
1981,2017-06,0,0
1981,2017-10,0,0
1982,2015-04,1,0
1982,2015-07,1,0
1982,2015-10,1,0
1982,2016-02,1,0
1982,2016-06,1,0
1982,2016-10,0,0
1982,2017-02,0,0
1982,2017-06,1,0
1982,2017-10,0,0
1983,2015-04,1,0
1983,2015-07,1,0
1983,2015-10,1,0
1983,2016-02,1,0
1983,2016-06,1,0
1983,2016-10,0,0
1983,2017-02,0,0
1983,2017-06,1,0
1983,2017-10,0,0
1984,2015-04,0,0
1984,2015-07,0,0
1984,2015-10,0,0
1984,2016-02,0,0
1984,2016-06,0,0
1984,2016-10,0,0
1984,2017-02,0,0
1984,2017-06,0,0
1984,2017-10,0,0
1985,2015-04,0,0
1985,2015-07,0,0
1985,2015-10,0,0
1985,2016-02,0,0
1985,2016-06,0,0
1985,2016-10,0,0
1985,2017-02,0,0
1985,2017-06,0,0
1985,2017-10,0,0
1986,2015-04,0,0
1986,2015-07,0,0
1986,2015-10,1,0
1986,2016-02,0,0
1986,2016-06,0,0
1986,2016-10,0,0
1986,2017-02,0,0
1986,2017-06,0,0
1986,2017-10,0,0
1987,2015-04,0,0
1987,2015-07,0,0
1987,2015-10,0,0
1987,2016-02,0,0
1987,2016-06,0,0
1987,2016-10,0,0
1987,2017-02,0,0
1987,2017-06,0,0
1987,2017-10,0,0
1988,2015-04,0,0
1988,2015-07,0,0
1988,2015-10,0,0
1988,2016-02,0,0
1988,2016-06,0,0
1988,2016-10,0,0
1988,2017-02,0,0
1988,2017-06,0,0
1988,2017-10,0,0
1989,2015-04,0,0
1989,2015-07,0,0
1989,2015-10,0,0
1989,2016-02,0,0
1989,2016-06,0,0
1989,2016-10,0,0
1989,2017-02,0,0
1989,2017-06,0,0
1989,2017-10,0,0
1990,2015-04,0,0
1990,2015-07,0,0
1990,2015-10,0,0
1990,2016-02,0,0
1990,2016-06,0,0
1990,2016-10,0,0
1990,2017-02,0,0
1990,2017-06,0,0
1990,2017-10,0,0
1991,2015-04,0,0
1991,2015-07,0,0
1991,2015-10,0,0
1991,2016-02,0,0
1991,2016-06,0,0
1991,2016-10,0,0
1991,2017-02,0,0
1991,2017-06,0,0
1991,2017-10,0,0
1992,2015-04,0,0
1992,2015-07,0,0
1992,2015-10,0,0
1992,2016-02,0,0
1992,2016-06,0,0
1992,2016-10,0,0
1992,2017-02,0,0
1992,2017-06,0,0
1992,2017-10,0,0
1993,2015-04,0,0
1993,2015-07,0,0
1993,2015-10,0,0
1993,2016-02,0,0
1993,2016-06,0,0
1993,2016-10,0,0
1993,2017-02,0,0
1993,2017-06,0,0
1993,2017-10,0,0
1994,2015-04,0,0
1994,2015-07,0,0
1994,2015-10,0,0
1994,2016-02,0,0
1994,2016-06,0,0
1994,2016-10,0,0
1994,2017-02,0,0
1994,2017-06,0,0
1994,2017-10,0,0
1995,2015-04,0,0
1995,2015-07,0,0
1995,2015-10,0,0
1995,2016-02,1,0
1995,2016-06,1,0
1995,2016-10,0,0
1995,2017-02,1,0
1995,2017-06,1,0
1995,2017-10,0,0
1996,2015-04,0,0
1996,2015-07,0,0
1996,2015-10,0,0
1996,2016-02,0,0
1996,2016-06,0,0
1996,2016-10,0,0
1996,2017-02,0,0
1996,2017-06,0,0
1996,2017-10,0,0
1997,2015-04,0,0
1997,2015-07,0,0
1997,2015-10,0,0
1997,2016-02,0,0
1997,2016-06,0,0
1997,2016-10,0,0
1997,2017-02,0,0
1997,2017-06,0,0
1997,2017-10,0,0
1998,2015-04,0,0
1998,2015-07,0,0
1998,2015-10,0,0
1998,2016-02,0,0
1998,2016-06,0,0
1998,2016-10,0,0
1998,2017-02,0,0
1998,2017-06,0,0
1998,2017-10,0,0
1999,2015-04,0,0
1999,2015-07,0,0
1999,2015-10,0,0
1999,2016-02,0,0
1999,2016-06,0,0
1999,2016-10,0,0
1999,2017-02,0,0
1999,2017-06,0,0
1999,2017-10,0,0
2000,2015-04,1,0
2000,2015-07,1,0
2000,2015-10,1,0
2000,2016-02,1,0
2000,2016-06,1,0
2000,2016-10,0,0
2000,2017-02,0,0
2000,2017-06,0,0
2000,2017-10,0,0
2001,2015-04,0,0
2001,2015-07,0,0
2001,2015-10,0,0
2001,2016-02,0,0
2001,2016-06,0,0
2001,2016-10,0,0
2001,2017-02,0,0
2001,2017-06,0,0
2001,2017-10,0,0
2002,2015-04,0,0
2002,2015-07,1,0
2002,2015-10,1,0
2002,2016-02,1,0
2002,2016-06,1,0
2002,2016-10,0,0
2002,2017-02,0,0
2002,2017-06,0,0
2002,2017-10,0,0
2003,2015-04,1,0
2003,2015-07,1,0
2003,2015-10,1,0
2003,2016-02,1,0
2003,2016-06,1,0
2003,2016-10,0,0
2003,2017-02,0,0
2003,2017-06,0,0
2003,2017-10,0,0
2004,2015-04,1,0
2004,2015-07,1,0
2004,2015-10,1,0
2004,2016-02,1,0
2004,2016-06,1,0
2004,2016-10,0,0
2004,2017-02,0,0
2004,2017-06,0,0
2004,2017-10,0,0
2005,2015-04,0,0
2005,2015-07,1,0
2005,2015-10,1,0
2005,2016-02,1,0
2005,2016-06,1,0
2005,2016-10,0,0
2005,2017-02,0,0
2005,2017-06,1,0
2005,2017-10,0,0
2006,2015-04,0,0
2006,2015-07,0,0
2006,2015-10,0,0
2006,2016-02,0,0
2006,2016-06,0,0
2006,2016-10,0,0
2006,2017-02,0,0
2006,2017-06,0,0
2006,2017-10,0,0
2007,2015-04,0,0
2007,2015-07,0,0
2007,2015-10,0,0
2007,2016-02,0,0
2007,2016-06,0,0
2007,2016-10,0,0
2007,2017-02,1,0
2007,2017-06,1,0
2007,2017-10,1,0
2008,2015-04,0,0
2008,2015-07,0,0
2008,2015-10,0,0
2008,2016-02,0,0
2008,2016-06,0,0
2008,2016-10,0,0
2008,2017-02,0,0
2008,2017-06,1,0
2008,2017-10,0,0
2009,2015-04,0,0
2009,2015-07,0,0
2009,2015-10,0,0
2009,2016-02,0,0
2009,2016-06,0,0
2009,2016-10,0,0
2009,2017-02,0,0
2009,2017-06,0,0
2009,2017-10,0,0
2010,2015-04,0,0
2010,2015-07,0,0
2010,2015-10,0,0
2010,2016-02,0,0
2010,2016-06,0,0
2010,2016-10,0,0
2010,2017-02,0,0
2010,2017-06,0,0
2010,2017-10,0,0
2011,2015-04,0,0
2011,2015-07,0,0
2011,2015-10,0,0
2011,2016-02,0,0
2011,2016-06,0,0
2011,2016-10,0,0
2011,2017-02,0,0
2011,2017-06,0,0
2011,2017-10,0,0
2012,2015-04,0,0
2012,2015-07,0,0
2012,2015-10,1,0
2012,2016-02,1,0
2012,2016-06,1,0
2012,2016-10,0,0
2012,2017-02,0,0
2012,2017-06,0,0
2012,2017-10,0,0
2013,2015-04,0,0
2013,2015-07,0,0
2013,2015-10,0,0
2013,2016-02,0,0
2013,2016-06,0,0
2013,2016-10,0,0
2013,2017-02,0,0
2013,2017-06,0,0
2013,2017-10,0,0
2014,2015-04,0,0
2014,2015-07,0,0
2014,2015-10,0,0
2014,2016-02,0,0
2014,2016-06,0,0
2014,2016-10,0,0
2014,2017-02,0,0
2014,2017-06,0,0
2014,2017-10,0,0
2015,2015-04,0,4
2015,2015-07,0,4
2015,2015-10,0,4
2015,2016-02,0,4
2015,2016-06,0,4
2015,2016-10,0,4
2015,2017-02,1,4
2015,2017-06,1,4
2015,2017-10,1,4
2016,2015-04,0,0
2016,2015-07,1,0
2016,2015-10,1,0
2016,2016-02,1,0
2016,2016-06,1,0
2016,2016-10,1,0
2016,2017-02,1,0
2016,2017-06,0,0
2016,2017-10,0,0
2017,2015-04,0,0
2017,2015-07,1,0
2017,2015-10,0,0
2017,2016-02,0,0
2017,2016-06,0,0
2017,2016-10,0,0
2017,2017-02,0,0
2017,2017-06,0,0
2017,2017-10,0,0
2018,2015-04,0,0
2018,2015-07,0,0
2018,2015-10,0,0
2018,2016-02,0,0
2018,2016-06,0,0
2018,2016-10,0,0
2018,2017-02,0,0
2018,2017-06,0,0
2018,2017-10,0,0
2019,2015-04,0,0
2019,2015-07,0,0
2019,2015-10,0,0
2019,2016-02,0,0
2019,2016-06,0,0
2019,2016-10,0,0
2019,2017-02,0,0
2019,2017-06,0,0
2019,2017-10,0,0
2020,2015-04,0,0
2020,2015-07,0,0
2020,2015-10,0,0
2020,2016-02,0,0
2020,2016-06,0,0
2020,2016-10,0,0
2020,2017-02,0,0
2020,2017-06,0,0
2020,2017-10,0,0
2021,2015-04,0,0
2021,2015-07,0,0
2021,2015-10,1,0
2021,2016-02,1,0
2021,2016-06,0,0
2021,2016-10,0,0
2021,2017-02,0,0
2021,2017-06,0,0
2021,2017-10,0,0
2022,2015-04,0,0
2022,2015-07,1,0
2022,2015-10,1,0
2022,2016-02,0,0
2022,2016-06,0,0
2022,2016-10,0,0
2022,2017-02,0,0
2022,2017-06,0,0
2022,2017-10,0,0
2023,2015-04,0,0
2023,2015-07,0,0
2023,2015-10,0,0
2023,2016-02,0,0
2023,2016-06,0,0
2023,2016-10,0,0
2023,2017-02,0,0
2023,2017-06,0,0
2023,2017-10,0,0
2024,2015-04,0,0
2024,2015-07,0,0
2024,2015-10,0,0
2024,2016-02,0,0
2024,2016-06,0,0
2024,2016-10,0,0
2024,2017-02,0,0
2024,2017-06,0,0
2024,2017-10,0,0
2025,2015-04,0,0
2025,2015-07,1,0
2025,2015-10,1,0
2025,2016-02,1,0
2025,2016-06,1,0
2025,2016-10,0,0
2025,2017-02,0,0
2025,2017-06,0,0
2025,2017-10,0,0
2026,2015-04,0,0
2026,2015-07,0,0
2026,2015-10,0,0
2026,2016-02,0,0
2026,2016-06,0,0
2026,2016-10,0,0
2026,2017-02,0,0
2026,2017-06,0,0
2026,2017-10,0,0
2027,2015-04,0,0
2027,2015-07,1,0
2027,2015-10,1,0
2027,2016-02,0,0
2027,2016-06,0,0
2027,2016-10,0,0
2027,2017-02,0,0
2027,2017-06,0,0
2027,2017-10,0,0
2028,2015-04,1,0
2028,2015-07,1,0
2028,2015-10,1,0
2028,2016-02,1,0
2028,2016-06,1,0
2028,2016-10,0,0
2028,2017-02,0,0
2028,2017-06,0,0
2028,2017-10,0,0
2029,2015-04,0,0
2029,2015-07,1,0
2029,2015-10,1,0
2029,2016-02,0,0
2029,2016-06,0,0
2029,2016-10,0,0
2029,2017-02,0,0
2029,2017-06,0,0
2029,2017-10,0,0
2030,2015-04,0,0
2030,2015-07,0,0
2030,2015-10,0,0
2030,2016-02,0,0
2030,2016-06,0,0
2030,2016-10,0,0
2030,2017-02,0,0
2030,2017-06,0,0
2030,2017-10,0,0
2031,2015-04,0,0
2031,2015-07,0,0
2031,2015-10,0,0
2031,2016-02,0,0
2031,2016-06,0,0
2031,2016-10,0,0
2031,2017-02,0,0
2031,2017-06,0,0
2031,2017-10,0,0
2032,2015-04,0,0
2032,2015-07,0,0
2032,2015-10,0,0
2032,2016-02,0,0
2032,2016-06,0,0
2032,2016-10,0,0
2032,2017-02,0,0
2032,2017-06,0,0
2032,2017-10,0,0
2033,2015-04,0,0
2033,2015-07,0,0
2033,2015-10,0,0
2033,2016-02,1,0
2033,2016-06,1,0
2033,2016-10,0,0
2033,2017-02,0,0
2033,2017-06,1,0
2033,2017-10,0,0
2034,2015-04,0,0
2034,2015-07,0,0
2034,2015-10,0,0
2034,2016-02,0,0
2034,2016-06,0,0
2034,2016-10,0,0
2034,2017-02,0,0
2034,2017-06,0,0
2034,2017-10,0,0
2035,2015-04,0,0
2035,2015-07,0,0
2035,2015-10,0,0
2035,2016-02,0,0
2035,2016-06,0,0
2035,2016-10,0,0
2035,2017-02,0,0
2035,2017-06,0,0
2035,2017-10,0,0
2036,2015-04,0,0
2036,2015-07,0,0
2036,2015-10,1,0
2036,2016-02,1,0
2036,2016-06,1,0
2036,2016-10,0,0
2036,2017-02,0,0
2036,2017-06,0,0
2036,2017-10,0,0
2037,2015-04,0,0
2037,2015-07,1,0
2037,2015-10,1,0
2037,2016-02,1,0
2037,2016-06,1,0
2037,2016-10,0,0
2037,2017-02,0,0
2037,2017-06,0,0
2037,2017-10,0,0
2038,2015-04,0,0
2038,2015-07,0,0
2038,2015-10,0,0
2038,2016-02,0,0
2038,2016-06,0,0
2038,2016-10,0,0
2038,2017-02,0,0
2038,2017-06,0,0
2038,2017-10,0,0
2039,2015-04,0,0
2039,2015-07,1,0
2039,2015-10,1,0
2039,2016-02,1,0
2039,2016-06,1,0
2039,2016-10,0,0
2039,2017-02,0,0
2039,2017-06,0,0
2039,2017-10,0,0
2040,2015-04,0,0
2040,2015-07,0,0
2040,2015-10,0,0
2040,2016-02,0,0
2040,2016-06,0,0
2040,2016-10,0,0
2040,2017-02,0,0
2040,2017-06,0,0
2040,2017-10,0,0
2041,2015-04,0,0
2041,2015-07,0,0
2041,2015-10,0,0
2041,2016-02,0,0
2041,2016-06,0,0
2041,2016-10,0,0
2041,2017-02,0,0
2041,2017-06,0,0
2041,2017-10,0,0
2042,2015-04,0,0
2042,2015-07,0,0
2042,2015-10,0,0
2042,2016-02,0,0
2042,2016-06,0,0
2042,2016-10,0,0
2042,2017-02,0,0
2042,2017-06,0,0
2042,2017-10,0,0
2043,2015-04,0,0
2043,2015-07,0,0
2043,2015-10,0,0
2043,2016-02,0,0
2043,2016-06,0,0
2043,2016-10,0,0
2043,2017-02,0,0
2043,2017-06,0,0
2043,2017-10,0,0
2044,2015-04,0,0
2044,2015-07,0,0
2044,2015-10,0,0
2044,2016-02,0,0
2044,2016-06,0,0
2044,2016-10,0,0
2044,2017-02,0,0
2044,2017-06,0,0
2044,2017-10,0,0
2045,2015-04,0,0
2045,2015-07,0,0
2045,2015-10,0,0
2045,2016-02,0,0
2045,2016-06,0,0
2045,2016-10,0,0
2045,2017-02,0,0
2045,2017-06,0,0
2045,2017-10,0,0
2046,2015-04,0,0
2046,2015-07,0,0
2046,2015-10,0,0
2046,2016-02,0,0
2046,2016-06,0,0
2046,2016-10,0,0
2046,2017-02,0,0
2046,2017-06,0,0
2046,2017-10,0,0
2047,2015-04,0,0
2047,2015-07,0,0
2047,2015-10,0,0
2047,2016-02,0,0
2047,2016-06,0,0
2047,2016-10,0,0
2047,2017-02,0,0
2047,2017-06,0,0
2047,2017-10,0,0
2048,2015-04,0,0
2048,2015-07,0,0
2048,2015-10,0,0
2048,2016-02,0,0
2048,2016-06,0,0
2048,2016-10,0,0
2048,2017-02,0,0
2048,2017-06,0,0
2048,2017-10,0,0
2049,2015-04,0,0
2049,2015-07,0,0
2049,2015-10,0,0
2049,2016-02,0,0
2049,2016-06,0,0
2049,2016-10,0,0
2049,2017-02,0,0
2049,2017-06,0,0
2049,2017-10,0,0
2050,2015-04,1,0
2050,2015-07,1,0
2050,2015-10,1,0
2050,2016-02,1,0
2050,2016-06,1,0
2050,2016-10,0,0
2050,2017-02,0,0
2050,2017-06,0,0
2050,2017-10,0,0
2051,2015-04,0,0
2051,2015-07,0,0
2051,2015-10,0,0
2051,2016-02,0,0
2051,2016-06,0,0
2051,2016-10,0,0
2051,2017-02,0,0
2051,2017-06,0,0
2051,2017-10,0,0
2052,2015-04,0,0
2052,2015-07,1,0
2052,2015-10,1,0
2052,2016-02,1,0
2052,2016-06,1,0
2052,2016-10,0,0
2052,2017-02,0,0
2052,2017-06,1,0
2052,2017-10,0,0
2053,2015-04,0,0
2053,2015-07,0,0
2053,2015-10,1,0
2053,2016-02,1,0
2053,2016-06,0,0
2053,2016-10,0,0
2053,2017-02,0,0
2053,2017-06,0,0
2053,2017-10,0,0
2054,2015-04,1,0
2054,2015-07,1,0
2054,2015-10,0,0
2054,2016-02,1,0
2054,2016-06,0,0
2054,2016-10,0,0
2054,2017-02,0,0
2054,2017-06,0,0
2054,2017-10,1,0
2055,2015-04,0,0
2055,2015-07,0,0
2055,2015-10,0,0
2055,2016-02,0,0
2055,2016-06,0,0
2055,2016-10,0,0
2055,2017-02,0,0
2055,2017-06,1,0
2055,2017-10,0,0
2056,2015-04,0,0
2056,2015-07,0,0
2056,2015-10,0,0
2056,2016-02,0,0
2056,2016-06,0,0
2056,2016-10,0,0
2056,2017-02,0,0
2056,2017-06,0,0
2056,2017-10,0,0
2057,2015-04,0,0
2057,2015-07,0,0
2057,2015-10,0,0
2057,2016-02,0,0
2057,2016-06,0,0
2057,2016-10,0,0
2057,2017-02,0,0
2057,2017-06,0,0
2057,2017-10,0,0
2058,2015-04,0,0
2058,2015-07,1,0
2058,2015-10,1,0
2058,2016-02,1,0
2058,2016-06,0,0
2058,2016-10,0,0
2058,2017-02,1,0
2058,2017-06,0,0
2058,2017-10,0,0
2059,2015-04,0,0
2059,2015-07,0,0
2059,2015-10,0,0
2059,2016-02,0,0
2059,2016-06,0,0
2059,2016-10,0,0
2059,2017-02,0,0
2059,2017-06,0,0
2059,2017-10,0,0
2060,2015-04,0,0
2060,2015-07,0,0
2060,2015-10,0,0
2060,2016-02,0,0
2060,2016-06,0,0
2060,2016-10,0,0
2060,2017-02,0,0
2060,2017-06,0,0
2060,2017-10,0,0
2061,2015-04,0,0
2061,2015-07,0,0
2061,2015-10,0,0
2061,2016-02,0,0
2061,2016-06,0,0
2061,2016-10,0,0
2061,2017-02,0,0
2061,2017-06,0,0
2061,2017-10,0,0
2062,2015-04,0,0
2062,2015-07,0,0
2062,2015-10,1,0
2062,2016-02,1,0
2062,2016-06,0,0
2062,2016-10,0,0
2062,2017-02,0,0
2062,2017-06,0,0
2062,2017-10,0,0
2063,2015-04,0,0
2063,2015-07,0,0
2063,2015-10,0,0
2063,2016-02,0,0
2063,2016-06,0,0
2063,2016-10,0,0
2063,2017-02,0,0
2063,2017-06,0,0
2063,2017-10,0,0
2064,2015-04,0,0
2064,2015-07,0,0
2064,2015-10,0,0
2064,2016-02,0,0
2064,2016-06,0,0
2064,2016-10,0,0
2064,2017-02,0,0
2064,2017-06,0,0
2064,2017-10,0,0
2065,2015-04,0,0
2065,2015-07,0,0
2065,2015-10,0,0
2065,2016-02,0,0
2065,2016-06,0,0
2065,2016-10,0,0
2065,2017-02,0,0
2065,2017-06,0,0
2065,2017-10,0,0
2066,2015-04,0,0
2066,2015-07,0,0
2066,2015-10,0,0
2066,2016-02,0,0
2066,2016-06,0,0
2066,2016-10,0,0
2066,2017-02,0,0
2066,2017-06,0,0
2066,2017-10,0,0
2067,2015-04,0,0
2067,2015-07,0,0
2067,2015-10,0,0
2067,2016-02,0,0
2067,2016-06,0,0
2067,2016-10,0,0
2067,2017-02,0,0
2067,2017-06,0,0
2067,2017-10,0,0
2068,2015-04,0,0
2068,2015-07,0,0
2068,2015-10,0,0
2068,2016-02,0,0
2068,2016-06,0,0
2068,2016-10,0,0
2068,2017-02,0,0
2068,2017-06,0,0
2068,2017-10,0,0
2069,2015-04,0,0
2069,2015-07,0,0
2069,2015-10,0,0
2069,2016-02,0,0
2069,2016-06,0,0
2069,2016-10,0,0
2069,2017-02,0,0
2069,2017-06,0,0
2069,2017-10,0,0
2070,2015-04,0,0
2070,2015-07,0,0
2070,2015-10,0,0
2070,2016-02,0,0
2070,2016-06,0,0
2070,2016-10,0,0
2070,2017-02,0,0
2070,2017-06,0,0
2070,2017-10,0,0
2071,2015-04,0,0
2071,2015-07,1,0
2071,2015-10,1,0
2071,2016-02,1,0
2071,2016-06,1,0
2071,2016-10,0,0
2071,2017-02,0,0
2071,2017-06,0,0
2071,2017-10,0,0
2072,2015-04,0,0
2072,2015-07,0,0
2072,2015-10,1,0
2072,2016-02,0,0
2072,2016-06,0,0
2072,2016-10,0,0
2072,2017-02,0,0
2072,2017-06,0,0
2072,2017-10,0,0
2073,2015-04,1,0
2073,2015-07,1,0
2073,2015-10,1,0
2073,2016-02,1,0
2073,2016-06,1,0
2073,2016-10,0,0
2073,2017-02,0,0
2073,2017-06,1,0
2073,2017-10,0,0
2074,2015-04,0,0
2074,2015-07,0,0
2074,2015-10,0,0
2074,2016-02,0,0
2074,2016-06,0,0
2074,2016-10,0,0
2074,2017-02,0,0
2074,2017-06,0,0
2074,2017-10,0,0
2075,2015-04,0,0
2075,2015-07,0,0
2075,2015-10,0,0
2075,2016-02,0,0
2075,2016-06,0,0
2075,2016-10,0,0
2075,2017-02,0,0
2075,2017-06,0,0
2075,2017-10,0,0
2076,2015-04,1,0
2076,2015-07,1,0
2076,2015-10,0,0
2076,2016-02,1,0
2076,2016-06,1,0
2076,2016-10,0,0
2076,2017-02,0,0
2076,2017-06,0,0
2076,2017-10,0,0
2077,2015-04,0,0
2077,2015-07,0,0
2077,2015-10,0,0
2077,2016-02,0,0
2077,2016-06,0,0
2077,2016-10,0,0
2077,2017-02,0,0
2077,2017-06,0,0
2077,2017-10,0,0
2078,2015-04,0,0
2078,2015-07,0,0
2078,2015-10,0,0
2078,2016-02,0,0
2078,2016-06,0,0
2078,2016-10,0,0
2078,2017-02,0,0
2078,2017-06,0,0
2078,2017-10,0,0
2079,2015-04,0,0
2079,2015-07,0,0
2079,2015-10,0,0
2079,2016-02,0,0
2079,2016-06,0,0
2079,2016-10,0,0
2079,2017-02,0,0
2079,2017-06,0,0
2079,2017-10,0,0
2080,2015-04,0,0
2080,2015-07,0,0
2080,2015-10,1,0
2080,2016-02,1,0
2080,2016-06,1,0
2080,2016-10,0,0
2080,2017-02,0,0
2080,2017-06,0,0
2080,2017-10,0,0
2081,2015-04,0,0
2081,2015-07,1,0
2081,2015-10,1,0
2081,2016-02,1,0
2081,2016-06,1,0
2081,2016-10,0,0
2081,2017-02,1,0
2081,2017-06,1,0
2081,2017-10,0,0
2082,2015-04,0,0
2082,2015-07,0,0
2082,2015-10,0,0
2082,2016-02,0,0
2082,2016-06,0,0
2082,2016-10,0,0
2082,2017-02,0,0
2082,2017-06,0,0
2082,2017-10,0,0
2083,2015-04,0,0
2083,2015-07,0,0
2083,2015-10,0,0
2083,2016-02,0,0
2083,2016-06,0,0
2083,2016-10,0,0
2083,2017-02,0,0
2083,2017-06,0,0
2083,2017-10,0,0
2084,2015-04,0,0
2084,2015-07,0,0
2084,2015-10,0,0
2084,2016-02,0,0
2084,2016-06,0,0
2084,2016-10,0,0
2084,2017-02,0,0
2084,2017-06,0,0
2084,2017-10,0,0
2085,2015-04,0,0
2085,2015-07,0,0
2085,2015-10,0,0
2085,2016-02,0,0
2085,2016-06,0,0
2085,2016-10,0,0
2085,2017-02,0,0
2085,2017-06,1,0
2085,2017-10,0,0
2086,2015-04,0,0
2086,2015-07,0,0
2086,2015-10,0,0
2086,2016-02,0,0
2086,2016-06,0,0
2086,2016-10,0,0
2086,2017-02,0,0
2086,2017-06,0,0
2086,2017-10,0,0
2087,2015-04,0,0
2087,2015-07,1,0
2087,2015-10,1,0
2087,2016-02,0,0
2087,2016-06,0,0
2087,2016-10,0,0
2087,2017-02,0,0
2087,2017-06,0,0
2087,2017-10,0,0
2088,2015-04,0,0
2088,2015-07,0,0
2088,2015-10,1,0
2088,2016-02,1,0
2088,2016-06,1,0
2088,2016-10,0,0
2088,2017-02,0,0
2088,2017-06,1,0
2088,2017-10,0,0
2089,2015-04,0,0
2089,2015-07,0,0
2089,2015-10,0,0
2089,2016-02,0,0
2089,2016-06,0,0
2089,2016-10,0,0
2089,2017-02,1,0
2089,2017-06,0,0
2089,2017-10,0,0
2090,2015-04,0,0
2090,2015-07,0,0
2090,2015-10,1,0
2090,2016-02,1,0
2090,2016-06,1,0
2090,2016-10,0,0
2090,2017-02,0,0
2090,2017-06,0,0
2090,2017-10,0,0
2091,2015-04,0,0
2091,2015-07,0,0
2091,2015-10,0,0
2091,2016-02,0,0
2091,2016-06,0,0
2091,2016-10,0,0
2091,2017-02,0,0
2091,2017-06,0,0
2091,2017-10,0,0
2092,2015-04,0,0
2092,2015-07,0,0
2092,2015-10,0,0
2092,2016-02,0,0
2092,2016-06,0,0
2092,2016-10,0,0
2092,2017-02,0,0
2092,2017-06,0,0
2092,2017-10,0,0
2093,2015-04,0,0
2093,2015-07,0,0
2093,2015-10,0,0
2093,2016-02,0,0
2093,2016-06,0,0
2093,2016-10,0,0
2093,2017-02,1,0
2093,2017-06,1,0
2093,2017-10,0,0
2094,2015-04,0,0
2094,2015-07,0,0
2094,2015-10,0,0
2094,2016-02,0,0
2094,2016-06,0,0
2094,2016-10,0,0
2094,2017-02,0,0
2094,2017-06,0,0
2094,2017-10,0,0
2095,2015-04,0,0
2095,2015-07,0,0
2095,2015-10,0,0
2095,2016-02,0,0
2095,2016-06,0,0
2095,2016-10,0,0
2095,2017-02,0,0
2095,2017-06,0,0
2095,2017-10,0,0
2096,2015-04,0,4
2096,2015-07,0,4
2096,2015-10,0,4
2096,2016-02,0,4
2096,2016-06,0,4
2096,2016-10,0,4
2096,2017-02,1,4
2096,2017-06,1,4
2096,2017-10,1,4
2097,2015-04,0,0
2097,2015-07,0,0
2097,2015-10,0,0
2097,2016-02,0,0
2097,2016-06,0,0
2097,2016-10,0,0
2097,2017-02,0,0
2097,2017-06,0,0
2097,2017-10,0,0
2098,2015-04,0,0
2098,2015-07,0,0
2098,2015-10,1,0
2098,2016-02,1,0
2098,2016-06,0,0
2098,2016-10,0,0
2098,2017-02,0,0
2098,2017-06,0,0
2098,2017-10,0,0
2099,2015-04,0,0
2099,2015-07,0,0
2099,2015-10,0,0
2099,2016-02,0,0
2099,2016-06,0,0
2099,2016-10,0,0
2099,2017-02,0,0
2099,2017-06,0,0
2099,2017-10,0,0
2100,2015-04,0,0
2100,2015-07,0,0
2100,2015-10,0,0
2100,2016-02,0,0
2100,2016-06,0,0
2100,2016-10,0,0
2100,2017-02,0,0
2100,2017-06,0,0
2100,2017-10,0,0
2101,2015-04,0,0
2101,2015-07,0,0
2101,2015-10,0,0
2101,2016-02,0,0
2101,2016-06,0,0
2101,2016-10,0,0
2101,2017-02,0,0
2101,2017-06,0,0
2101,2017-10,0,0
2102,2015-04,0,0
2102,2015-07,0,0
2102,2015-10,0,0
2102,2016-02,0,0
2102,2016-06,0,0
2102,2016-10,0,0
2102,2017-02,0,0
2102,2017-06,0,0
2102,2017-10,0,0
2103,2015-04,0,0
2103,2015-07,0,0
2103,2015-10,0,0
2103,2016-02,0,0
2103,2016-06,0,0
2103,2016-10,0,0
2103,2017-02,0,0
2103,2017-06,0,0
2103,2017-10,0,0
2104,2015-04,0,0
2104,2015-07,0,0
2104,2015-10,0,0
2104,2016-02,0,0
2104,2016-06,0,0
2104,2016-10,0,0
2104,2017-02,1,0
2104,2017-06,1,0
2104,2017-10,0,0
2105,2015-04,0,0
2105,2015-07,0,0
2105,2015-10,0,0
2105,2016-02,0,0
2105,2016-06,0,0
2105,2016-10,0,0
2105,2017-02,0,0
2105,2017-06,0,0
2105,2017-10,0,0
2106,2015-04,0,0
2106,2015-07,0,0
2106,2015-10,0,0
2106,2016-02,0,0
2106,2016-06,0,0
2106,2016-10,0,0
2106,2017-02,0,0
2106,2017-06,0,0
2106,2017-10,0,0
2107,2015-04,0,0
2107,2015-07,1,0
2107,2015-10,1,0
2107,2016-02,1,0
2107,2016-06,1,0
2107,2016-10,0,0
2107,2017-02,0,0
2107,2017-06,1,0
2107,2017-10,0,0
2108,2015-04,0,0
2108,2015-07,1,0
2108,2015-10,1,0
2108,2016-02,1,0
2108,2016-06,1,0
2108,2016-10,0,0
2108,2017-02,0,0
2108,2017-06,1,0
2108,2017-10,0,0
2109,2015-04,0,0
2109,2015-07,0,0
2109,2015-10,0,0
2109,2016-02,0,0
2109,2016-06,0,0
2109,2016-10,0,0
2109,2017-02,0,0
2109,2017-06,0,0
2109,2017-10,0,0
2110,2015-04,0,0
2110,2015-07,0,0
2110,2015-10,0,0
2110,2016-02,0,0
2110,2016-06,0,0
2110,2016-10,0,0
2110,2017-02,0,0
2110,2017-06,0,0
2110,2017-10,0,0
2111,2015-04,0,0
2111,2015-07,0,0
2111,2015-10,0,0
2111,2016-02,0,0
2111,2016-06,0,0
2111,2016-10,0,0
2111,2017-02,0,0
2111,2017-06,0,0
2111,2017-10,1,0
2112,2015-04,0,0
2112,2015-07,0,0
2112,2015-10,0,0
2112,2016-02,0,0
2112,2016-06,0,0
2112,2016-10,0,0
2112,2017-02,0,0
2112,2017-06,0,0
2112,2017-10,0,0
2113,2015-04,0,0
2113,2015-07,0,0
2113,2015-10,0,0
2113,2016-02,0,0
2113,2016-06,0,0
2113,2016-10,0,0
2113,2017-02,0,0
2113,2017-06,0,0
2113,2017-10,0,0
2114,2015-04,0,0
2114,2015-07,0,0
2114,2015-10,0,0
2114,2016-02,0,0
2114,2016-06,0,0
2114,2016-10,0,0
2114,2017-02,1,0
2114,2017-06,1,0
2114,2017-10,1,0
2115,2015-04,0,0
2115,2015-07,1,0
2115,2015-10,1,0
2115,2016-02,1,0
2115,2016-06,1,0
2115,2016-10,0,0
2115,2017-02,0,0
2115,2017-06,0,0
2115,2017-10,0,0
2116,2015-04,0,0
2116,2015-07,0,0
2116,2015-10,0,0
2116,2016-02,0,0
2116,2016-06,0,0
2116,2016-10,0,0
2116,2017-02,0,0
2116,2017-06,0,0
2116,2017-10,0,0
2117,2015-04,0,0
2117,2015-07,0,0
2117,2015-10,0,0
2117,2016-02,0,0
2117,2016-06,0,0
2117,2016-10,0,0
2117,2017-02,0,0
2117,2017-06,0,0
2117,2017-10,0,0
2118,2015-04,0,4
2118,2015-07,0,4
2118,2015-10,0,4
2118,2016-02,0,4
2118,2016-06,0,4
2118,2016-10,0,4
2118,2017-02,0,4
2118,2017-06,0,4
2118,2017-10,0,4
2119,2015-04,1,0
2119,2015-07,1,0
2119,2015-10,1,0
2119,2016-02,1,0
2119,2016-06,1,0
2119,2016-10,0,0
2119,2017-02,0,0
2119,2017-06,0,0
2119,2017-10,0,0
2120,2015-04,0,0
2120,2015-07,0,0
2120,2015-10,0,0
2120,2016-02,0,0
2120,2016-06,0,0
2120,2016-10,0,0
2120,2017-02,0,0
2120,2017-06,0,0
2120,2017-10,0,0
2121,2015-04,0,0
2121,2015-07,0,0
2121,2015-10,0,0
2121,2016-02,0,0
2121,2016-06,0,0
2121,2016-10,0,0
2121,2017-02,0,0
2121,2017-06,0,0
2121,2017-10,0,0
2122,2015-04,0,0
2122,2015-07,0,0
2122,2015-10,1,0
2122,2016-02,1,0
2122,2016-06,0,0
2122,2016-10,0,0
2122,2017-02,0,0
2122,2017-06,0,0
2122,2017-10,0,0
2123,2015-04,0,0
2123,2015-07,0,0
2123,2015-10,0,0
2123,2016-02,0,0
2123,2016-06,0,0
2123,2016-10,0,0
2123,2017-02,0,0
2123,2017-06,0,0
2123,2017-10,0,0
2124,2015-04,0,0
2124,2015-07,0,0
2124,2015-10,0,0
2124,2016-02,0,0
2124,2016-06,0,0
2124,2016-10,0,0
2124,2017-02,0,0
2124,2017-06,0,0
2124,2017-10,0,0
2125,2015-04,0,0
2125,2015-07,0,0
2125,2015-10,0,0
2125,2016-02,0,0
2125,2016-06,0,0
2125,2016-10,0,0
2125,2017-02,0,0
2125,2017-06,0,0
2125,2017-10,0,0
2126,2015-04,0,0
2126,2015-07,0,0
2126,2015-10,1,0
2126,2016-02,0,0
2126,2016-06,0,0
2126,2016-10,0,0
2126,2017-02,0,0
2126,2017-06,0,0
2126,2017-10,0,0
2127,2015-04,0,0
2127,2015-07,0,0
2127,2015-10,0,0
2127,2016-02,0,0
2127,2016-06,0,0
2127,2016-10,0,0
2127,2017-02,0,0
2127,2017-06,1,0
2127,2017-10,0,0
2128,2015-04,0,0
2128,2015-07,0,0
2128,2015-10,0,0
2128,2016-02,0,0
2128,2016-06,0,0
2128,2016-10,0,0
2128,2017-02,0,0
2128,2017-06,1,0
2128,2017-10,0,0
2129,2015-04,0,0
2129,2015-07,0,0
2129,2015-10,0,0
2129,2016-02,0,0
2129,2016-06,0,0
2129,2016-10,0,0
2129,2017-02,0,0
2129,2017-06,1,0
2129,2017-10,0,0
2130,2015-04,0,0
2130,2015-07,0,0
2130,2015-10,1,0
2130,2016-02,1,0
2130,2016-06,0,0
2130,2016-10,0,0
2130,2017-02,0,0
2130,2017-06,0,0
2130,2017-10,0,0
2131,2015-04,0,0
2131,2015-07,0,0
2131,2015-10,0,0
2131,2016-02,0,0
2131,2016-06,0,0
2131,2016-10,0,0
2131,2017-02,0,0
2131,2017-06,0,0
2131,2017-10,0,0
2132,2015-04,0,0
2132,2015-07,0,0
2132,2015-10,0,0
2132,2016-02,0,0
2132,2016-06,0,0
2132,2016-10,0,0
2132,2017-02,0,0
2132,2017-06,0,0
2132,2017-10,0,0
2133,2015-04,0,0
2133,2015-07,0,0
2133,2015-10,0,0
2133,2016-02,0,0
2133,2016-06,0,0
2133,2016-10,0,0
2133,2017-02,0,0
2133,2017-06,0,0
2133,2017-10,0,0
2134,2015-04,0,0
2134,2015-07,0,0
2134,2015-10,0,0
2134,2016-02,0,0
2134,2016-06,0,0
2134,2016-10,0,0
2134,2017-02,0,0
2134,2017-06,0,0
2134,2017-10,0,0
2135,2015-04,0,0
2135,2015-07,0,0
2135,2015-10,0,0
2135,2016-02,0,0
2135,2016-06,0,0
2135,2016-10,0,0
2135,2017-02,0,0
2135,2017-06,0,0
2135,2017-10,0,0
2136,2015-04,0,0
2136,2015-07,0,0
2136,2015-10,0,0
2136,2016-02,0,0
2136,2016-06,0,0
2136,2016-10,0,0
2136,2017-02,0,0
2136,2017-06,0,0
2136,2017-10,0,0
2137,2015-04,0,0
2137,2015-07,0,0
2137,2015-10,0,0
2137,2016-02,0,0
2137,2016-06,0,0
2137,2016-10,0,0
2137,2017-02,0,0
2137,2017-06,0,0
2137,2017-10,0,0
2138,2015-04,0,0
2138,2015-07,0,0
2138,2015-10,0,0
2138,2016-02,0,0
2138,2016-06,0,0
2138,2016-10,0,0
2138,2017-02,0,0
2138,2017-06,1,0
2138,2017-10,0,0
2139,2015-04,0,0
2139,2015-07,0,0
2139,2015-10,0,0
2139,2016-02,0,0
2139,2016-06,0,0
2139,2016-10,0,0
2139,2017-02,0,0
2139,2017-06,1,0
2139,2017-10,0,0
2140,2015-04,0,0
2140,2015-07,0,0
2140,2015-10,0,0
2140,2016-02,0,0
2140,2016-06,0,0
2140,2016-10,0,0
2140,2017-02,0,0
2140,2017-06,0,0
2140,2017-10,0,0
2141,2015-04,0,0
2141,2015-07,0,0
2141,2015-10,0,0
2141,2016-02,0,0
2141,2016-06,0,0
2141,2016-10,0,0
2141,2017-02,0,0
2141,2017-06,0,0
2141,2017-10,1,0
2142,2015-04,0,0
2142,2015-07,0,0
2142,2015-10,0,0
2142,2016-02,0,0
2142,2016-06,0,0
2142,2016-10,0,0
2142,2017-02,0,0
2142,2017-06,0,0
2142,2017-10,0,0
2143,2015-04,0,0
2143,2015-07,0,0
2143,2015-10,0,0
2143,2016-02,0,0
2143,2016-06,0,0
2143,2016-10,0,0
2143,2017-02,0,0
2143,2017-06,0,0
2143,2017-10,0,0
2144,2015-04,0,0
2144,2015-07,0,0
2144,2015-10,1,0
2144,2016-02,0,0
2144,2016-06,0,0
2144,2016-10,0,0
2144,2017-02,0,0
2144,2017-06,0,0
2144,2017-10,0,0
2145,2015-04,0,0
2145,2015-07,1,0
2145,2015-10,1,0
2145,2016-02,1,0
2145,2016-06,1,0
2145,2016-10,0,0
2145,2017-02,1,0
2145,2017-06,1,0
2145,2017-10,0,0
2146,2015-04,0,0
2146,2015-07,0,0
2146,2015-10,0,0
2146,2016-02,0,0
2146,2016-06,0,0
2146,2016-10,0,0
2146,2017-02,0,0
2146,2017-06,0,0
2146,2017-10,0,0
2147,2015-04,0,0
2147,2015-07,0,0
2147,2015-10,1,0
2147,2016-02,0,0
2147,2016-06,0,0
2147,2016-10,0,0
2147,2017-02,0,0
2147,2017-06,0,0
2147,2017-10,0,0
2148,2015-04,0,0
2148,2015-07,0,0
2148,2015-10,0,0
2148,2016-02,0,0
2148,2016-06,0,0
2148,2016-10,0,0
2148,2017-02,0,0
2148,2017-06,0,0
2148,2017-10,0,0
2149,2015-04,1,0
2149,2015-07,1,0
2149,2015-10,1,0
2149,2016-02,1,0
2149,2016-06,1,0
2149,2016-10,0,0
2149,2017-02,0,0
2149,2017-06,1,0
2149,2017-10,0,0
2150,2015-04,0,0
2150,2015-07,0,0
2150,2015-10,0,0
2150,2016-02,0,0
2150,2016-06,0,0
2150,2016-10,0,0
2150,2017-02,0,0
2150,2017-06,0,0
2150,2017-10,0,0
2151,2015-04,0,0
2151,2015-07,0,0
2151,2015-10,0,0
2151,2016-02,1,0
2151,2016-06,1,0
2151,2016-10,0,0
2151,2017-02,0,0
2151,2017-06,0,0
2151,2017-10,0,0
2152,2015-04,0,-1
2152,2015-07,1,-1
2152,2015-10,1,-1
2152,2016-02,1,-1
2152,2016-06,0,-1
2152,2016-10,0,-1
2152,2017-02,1,-1
2152,2017-06,1,-1
2152,2017-10,0,-1
2153,2015-04,0,-1
2153,2015-07,0,-1
2153,2015-10,0,-1
2153,2016-02,1,-1
2153,2016-06,0,-1
2153,2016-10,0,-1
2153,2017-02,1,-1
2153,2017-06,1,-1
2153,2017-10,0,-1
2154,2015-04,0,-1
2154,2015-07,1,-1
2154,2015-10,1,-1
2154,2016-02,1,-1
2154,2016-06,1,-1
2154,2016-10,0,-1
2154,2017-02,1,-1
2154,2017-06,1,-1
2154,2017-10,0,-1
2155,2015-04,0,-1
2155,2015-07,1,-1
2155,2015-10,1,-1
2155,2016-02,1,-1
2155,2016-06,1,-1
2155,2016-10,0,-1
2155,2017-02,1,-1
2155,2017-06,1,-1
2155,2017-10,0,-1
2156,2015-04,0,-1
2156,2015-07,1,-1
2156,2015-10,1,-1
2156,2016-02,1,-1
2156,2016-06,1,-1
2156,2016-10,0,-1
2156,2017-02,1,-1
2156,2017-06,1,-1
2156,2017-10,0,-1
2157,2015-04,0,-1
2157,2015-07,0,-1
2157,2015-10,0,-1
2157,2016-02,0,-1
2157,2016-06,0,-1
2157,2016-10,0,-1
2157,2017-02,1,-1
2157,2017-06,1,-1
2157,2017-10,0,-1
2158,2015-04,0,-1
2158,2015-07,1,-1
2158,2015-10,1,-1
2158,2016-02,1,-1
2158,2016-06,0,-1
2158,2016-10,0,-1
2158,2017-02,1,-1
2158,2017-06,1,-1
2158,2017-10,0,-1
2159,2015-04,0,-1
2159,2015-07,0,-1
2159,2015-10,0,-1
2159,2016-02,0,-1
2159,2016-06,0,-1
2159,2016-10,0,-1
2159,2017-02,1,-1
2159,2017-06,1,-1
2159,2017-10,0,-1
2160,2015-04,0,-1
2160,2015-07,0,-1
2160,2015-10,1,-1
2160,2016-02,1,-1
2160,2016-06,0,-1
2160,2016-10,0,-1
2160,2017-02,1,-1
2160,2017-06,1,-1
2160,2017-10,0,-1
2161,2015-04,0,-1
2161,2015-07,0,-1
2161,2015-10,1,-1
2161,2016-02,1,-1
2161,2016-06,0,-1
2161,2016-10,0,-1
2161,2017-02,1,-1
2161,2017-06,1,-1
2161,2017-10,0,-1
2162,2015-04,0,-1
2162,2015-07,1,-1
2162,2015-10,1,-1
2162,2016-02,1,-1
2162,2016-06,0,-1
2162,2016-10,0,-1
2162,2017-02,1,-1
2162,2017-06,1,-1
2162,2017-10,0,-1
2163,2015-04,0,-1
2163,2015-07,1,-1
2163,2015-10,1,-1
2163,2016-02,1,-1
2163,2016-06,1,-1
2163,2016-10,0,-1
2163,2017-02,1,-1
2163,2017-06,1,-1
2163,2017-10,0,-1
2164,2015-04,0,-1
2164,2015-07,1,-1
2164,2015-10,1,-1
2164,2016-02,1,-1
2164,2016-06,0,-1
2164,2016-10,0,-1
2164,2017-02,1,-1
2164,2017-06,1,-1
2164,2017-10,0,-1
2165,2015-04,0,-1
2165,2015-07,0,-1
2165,2015-10,1,-1
2165,2016-02,1,-1
2165,2016-06,0,-1
2165,2016-10,0,-1
2165,2017-02,1,-1
2165,2017-06,1,-1
2165,2017-10,0,-1
2166,2015-04,0,-1
2166,2015-07,0,-1
2166,2015-10,0,-1
2166,2016-02,0,-1
2166,2016-06,0,-1
2166,2016-10,0,-1
2166,2017-02,1,-1
2166,2017-06,1,-1
2166,2017-10,0,-1
2167,2015-04,0,-1
2167,2015-07,0,-1
2167,2015-10,0,-1
2167,2016-02,0,-1
2167,2016-06,0,-1
2167,2016-10,0,-1
2167,2017-02,0,-1
2167,2017-06,0,-1
2167,2017-10,0,-1
2168,2015-04,0,-1
2168,2015-07,0,-1
2168,2015-10,0,-1
2168,2016-02,0,-1
2168,2016-06,0,-1
2168,2016-10,0,-1
2168,2017-02,0,-1
2168,2017-06,0,-1
2168,2017-10,0,-1
2169,2015-04,0,-1
2169,2015-07,0,-1
2169,2015-10,0,-1
2169,2016-02,0,-1
2169,2016-06,0,-1
2169,2016-10,0,-1
2169,2017-02,0,-1
2169,2017-06,0,-1
2169,2017-10,0,-1
2170,2015-04,0,-1
2170,2015-07,0,-1
2170,2015-10,0,-1
2170,2016-02,0,-1
2170,2016-06,0,-1
2170,2016-10,0,-1
2170,2017-02,0,-1
2170,2017-06,0,-1
2170,2017-10,0,-1
2171,2015-04,0,-1
2171,2015-07,0,-1
2171,2015-10,0,-1
2171,2016-02,0,-1
2171,2016-06,0,-1
2171,2016-10,0,-1
2171,2017-02,0,-1
2171,2017-06,0,-1
2171,2017-10,0,-1
2172,2015-04,0,-1
2172,2015-07,0,-1
2172,2015-10,0,-1
2172,2016-02,0,-1
2172,2016-06,0,-1
2172,2016-10,0,-1
2172,2017-02,0,-1
2172,2017-06,0,-1
2172,2017-10,0,-1
2173,2015-04,0,-1
2173,2015-07,0,-1
2173,2015-10,0,-1
2173,2016-02,0,-1
2173,2016-06,0,-1
2173,2016-10,0,-1
2173,2017-02,0,-1
2173,2017-06,0,-1
2173,2017-10,0,-1
2174,2015-04,0,-1
2174,2015-07,0,-1
2174,2015-10,0,-1
2174,2016-02,0,-1
2174,2016-06,0,-1
2174,2016-10,0,-1
2174,2017-02,0,-1
2174,2017-06,0,-1
2174,2017-10,0,-1
2175,2015-04,0,-1
2175,2015-07,0,-1
2175,2015-10,0,-1
2175,2016-02,0,-1
2175,2016-06,0,-1
2175,2016-10,0,-1
2175,2017-02,0,-1
2175,2017-06,0,-1
2175,2017-10,0,-1
2176,2015-04,0,-1
2176,2015-07,0,-1
2176,2015-10,0,-1
2176,2016-02,0,-1
2176,2016-06,0,-1
2176,2016-10,0,-1
2176,2017-02,0,-1
2176,2017-06,0,-1
2176,2017-10,0,-1
2177,2015-04,0,-1
2177,2015-07,0,-1
2177,2015-10,0,-1
2177,2016-02,0,-1
2177,2016-06,0,-1
2177,2016-10,0,-1
2177,2017-02,0,-1
2177,2017-06,0,-1
2177,2017-10,0,-1
2178,2015-04,0,-1
2178,2015-07,0,-1
2178,2015-10,0,-1
2178,2016-02,0,-1
2178,2016-06,0,-1
2178,2016-10,0,-1
2178,2017-02,0,-1
2178,2017-06,0,-1
2178,2017-10,0,-1
2179,2015-04,0,-1
2179,2015-07,0,-1
2179,2015-10,0,-1
2179,2016-02,0,-1
2179,2016-06,0,-1
2179,2016-10,0,-1
2179,2017-02,0,-1
2179,2017-06,0,-1
2179,2017-10,0,-1
2180,2015-04,0,-1
2180,2015-07,1,-1
2180,2015-10,1,-1
2180,2016-02,1,-1
2180,2016-06,1,-1
2180,2016-10,0,-1
2180,2017-02,1,-1
2180,2017-06,1,-1
2180,2017-10,0,-1
2181,2015-04,0,-1
2181,2015-07,0,-1
2181,2015-10,0,-1
2181,2016-02,0,-1
2181,2016-06,0,-1
2181,2016-10,0,-1
2181,2017-02,0,-1
2181,2017-06,0,-1
2181,2017-10,0,-1
2182,2015-04,0,-1
2182,2015-07,0,-1
2182,2015-10,0,-1
2182,2016-02,0,-1
2182,2016-06,0,-1
2182,2016-10,0,-1
2182,2017-02,0,-1
2182,2017-06,0,-1
2182,2017-10,0,-1
2183,2015-04,0,-1
2183,2015-07,0,-1
2183,2015-10,0,-1
2183,2016-02,0,-1
2183,2016-06,0,-1
2183,2016-10,0,-1
2183,2017-02,0,-1
2183,2017-06,0,-1
2183,2017-10,0,-1
2184,2015-04,0,-1
2184,2015-07,0,-1
2184,2015-10,0,-1
2184,2016-02,0,-1
2184,2016-06,0,-1
2184,2016-10,0,-1
2184,2017-02,1,-1
2184,2017-06,1,-1
2184,2017-10,0,-1
2185,2015-04,0,-1
2185,2015-07,0,-1
2185,2015-10,0,-1
2185,2016-02,0,-1
2185,2016-06,0,-1
2185,2016-10,0,-1
2185,2017-02,0,-1
2185,2017-06,0,-1
2185,2017-10,0,-1
2186,2015-04,0,-1
2186,2015-07,0,-1
2186,2015-10,0,-1
2186,2016-02,0,-1
2186,2016-06,0,-1
2186,2016-10,0,-1
2186,2017-02,0,-1
2186,2017-06,0,-1
2186,2017-10,0,-1
2187,2015-04,0,-1
2187,2015-07,0,-1
2187,2015-10,0,-1
2187,2016-02,0,-1
2187,2016-06,0,-1
2187,2016-10,0,-1
2187,2017-02,0,-1
2187,2017-06,0,-1
2187,2017-10,0,-1
2188,2015-04,0,-1
2188,2015-07,0,-1
2188,2015-10,0,-1
2188,2016-02,0,-1
2188,2016-06,0,-1
2188,2016-10,0,-1
2188,2017-02,0,-1
2188,2017-06,0,-1
2188,2017-10,0,-1
2189,2015-04,0,-1
2189,2015-07,0,-1
2189,2015-10,0,-1
2189,2016-02,0,-1
2189,2016-06,0,-1
2189,2016-10,0,-1
2189,2017-02,0,-1
2189,2017-06,0,-1
2189,2017-10,0,-1
2190,2015-04,0,-1
2190,2015-07,0,-1
2190,2015-10,0,-1
2190,2016-02,0,-1
2190,2016-06,0,-1
2190,2016-10,0,-1
2190,2017-02,0,-1
2190,2017-06,0,-1
2190,2017-10,0,-1
2191,2015-04,0,-1
2191,2015-07,0,-1
2191,2015-10,0,-1
2191,2016-02,0,-1
2191,2016-06,0,-1
2191,2016-10,0,-1
2191,2017-02,0,-1
2191,2017-06,0,-1
2191,2017-10,0,-1
2192,2015-04,0,-1
2192,2015-07,0,-1
2192,2015-10,0,-1
2192,2016-02,0,-1
2192,2016-06,0,-1
2192,2016-10,0,-1
2192,2017-02,0,-1
2192,2017-06,0,-1
2192,2017-10,0,-1
2193,2015-04,0,-1
2193,2015-07,0,-1
2193,2015-10,0,-1
2193,2016-02,0,-1
2193,2016-06,0,-1
2193,2016-10,0,-1
2193,2017-02,0,-1
2193,2017-06,0,-1
2193,2017-10,0,-1
2194,2015-04,0,-1
2194,2015-07,0,-1
2194,2015-10,0,-1
2194,2016-02,0,-1
2194,2016-06,0,-1
2194,2016-10,0,-1
2194,2017-02,0,-1
2194,2017-06,0,-1
2194,2017-10,0,-1
2195,2015-04,0,-1
2195,2015-07,0,-1
2195,2015-10,0,-1
2195,2016-02,0,-1
2195,2016-06,0,-1
2195,2016-10,0,-1
2195,2017-02,0,-1
2195,2017-06,0,-1
2195,2017-10,0,-1
2196,2015-04,0,-1
2196,2015-07,0,-1
2196,2015-10,0,-1
2196,2016-02,0,-1
2196,2016-06,0,-1
2196,2016-10,0,-1
2196,2017-02,0,-1
2196,2017-06,0,-1
2196,2017-10,0,-1
2197,2015-04,0,-1
2197,2015-07,1,-1
2197,2015-10,1,-1
2197,2016-02,0,-1
2197,2016-06,0,-1
2197,2016-10,0,-1
2197,2017-02,0,-1
2197,2017-06,0,-1
2197,2017-10,0,-1
2198,2015-04,0,-1
2198,2015-07,0,-1
2198,2015-10,0,-1
2198,2016-02,0,-1
2198,2016-06,0,-1
2198,2016-10,0,-1
2198,2017-02,0,-1
2198,2017-06,0,-1
2198,2017-10,0,-1
2199,2015-04,0,-1
2199,2015-07,0,-1
2199,2015-10,0,-1
2199,2016-02,0,-1
2199,2016-06,0,-1
2199,2016-10,0,-1
2199,2017-02,0,-1
2199,2017-06,0,-1
2199,2017-10,0,-1
2200,2015-04,0,-1
2200,2015-07,0,-1
2200,2015-10,0,-1
2200,2016-02,0,-1
2200,2016-06,0,-1
2200,2016-10,0,-1
2200,2017-02,0,-1
2200,2017-06,0,-1
2200,2017-10,0,-1
2201,2015-04,1,-1
2201,2015-07,0,-1
2201,2015-10,0,-1
2201,2016-02,0,-1
2201,2016-06,1,-1
2201,2016-10,0,-1
2201,2017-02,1,-1
2201,2017-06,1,-1
2201,2017-10,0,-1
2202,2015-04,0,-1
2202,2015-07,1,-1
2202,2015-10,1,-1
2202,2016-02,0,-1
2202,2016-06,0,-1
2202,2016-10,0,-1
2202,2017-02,0,-1
2202,2017-06,0,-1
2202,2017-10,0,-1
2203,2015-04,0,-1
2203,2015-07,0,-1
2203,2015-10,0,-1
2203,2016-02,0,-1
2203,2016-06,0,-1
2203,2016-10,0,-1
2203,2017-02,0,-1
2203,2017-06,0,-1
2203,2017-10,0,-1
2204,2015-04,0,-1
2204,2015-07,0,-1
2204,2015-10,0,-1
2204,2016-02,0,-1
2204,2016-06,1,-1
2204,2016-10,0,-1
2204,2017-02,1,-1
2204,2017-06,1,-1
2204,2017-10,0,-1
2205,2015-04,0,-1
2205,2015-07,0,-1
2205,2015-10,0,-1
2205,2016-02,0,-1
2205,2016-06,1,-1
2205,2016-10,0,-1
2205,2017-02,1,-1
2205,2017-06,1,-1
2205,2017-10,0,-1
2206,2015-04,0,-1
2206,2015-07,0,-1
2206,2015-10,0,-1
2206,2016-02,0,-1
2206,2016-06,0,-1
2206,2016-10,0,-1
2206,2017-02,1,-1
2206,2017-06,1,-1
2206,2017-10,0,-1
2207,2015-04,0,-1
2207,2015-07,0,-1
2207,2015-10,0,-1
2207,2016-02,0,-1
2207,2016-06,0,-1
2207,2016-10,0,-1
2207,2017-02,0,-1
2207,2017-06,0,-1
2207,2017-10,0,-1
2208,2015-04,0,-1
2208,2015-07,0,-1
2208,2015-10,0,-1
2208,2016-02,0,-1
2208,2016-06,1,-1
2208,2016-10,0,-1
2208,2017-02,1,-1
2208,2017-06,1,-1
2208,2017-10,0,-1
2209,2015-04,1,-1
2209,2015-07,1,-1
2209,2015-10,1,-1
2209,2016-02,1,-1
2209,2016-06,1,-1
2209,2016-10,0,-1
2209,2017-02,1,-1
2209,2017-06,1,-1
2209,2017-10,0,-1
2210,2015-04,0,-1
2210,2015-07,0,-1
2210,2015-10,0,-1
2210,2016-02,0,-1
2210,2016-06,1,-1
2210,2016-10,0,-1
2210,2017-02,1,-1
2210,2017-06,1,-1
2210,2017-10,0,-1
2211,2015-04,0,-1
2211,2015-07,0,-1
2211,2015-10,0,-1
2211,2016-02,0,-1
2211,2016-06,1,-1
2211,2016-10,0,-1
2211,2017-02,1,-1
2211,2017-06,1,-1
2211,2017-10,0,-1
2212,2015-04,0,-1
2212,2015-07,0,-1
2212,2015-10,0,-1
2212,2016-02,0,-1
2212,2016-06,0,-1
2212,2016-10,0,-1
2212,2017-02,0,-1
2212,2017-06,0,-1
2212,2017-10,0,-1
2213,2015-04,0,-1
2213,2015-07,1,-1
2213,2015-10,1,-1
2213,2016-02,0,-1
2213,2016-06,0,-1
2213,2016-10,0,-1
2213,2017-02,0,-1
2213,2017-06,0,-1
2213,2017-10,0,-1
2214,2015-04,0,-1
2214,2015-07,1,-1
2214,2015-10,1,-1
2214,2016-02,0,-1
2214,2016-06,0,-1
2214,2016-10,0,-1
2214,2017-02,0,-1
2214,2017-06,0,-1
2214,2017-10,0,-1
2215,2015-04,0,-1
2215,2015-07,0,-1
2215,2015-10,0,-1
2215,2016-02,0,-1
2215,2016-06,0,-1
2215,2016-10,0,-1
2215,2017-02,0,-1
2215,2017-06,0,-1
2215,2017-10,0,-1
2216,2015-04,0,-1
2216,2015-07,0,-1
2216,2015-10,0,-1
2216,2016-02,0,-1
2216,2016-06,0,-1
2216,2016-10,0,-1
2216,2017-02,0,-1
2216,2017-06,0,-1
2216,2017-10,0,-1
2217,2015-04,0,-1
2217,2015-07,1,-1
2217,2015-10,1,-1
2217,2016-02,1,-1
2217,2016-06,1,-1
2217,2016-10,0,-1
2217,2017-02,1,-1
2217,2017-06,1,-1
2217,2017-10,0,-1
2218,2015-04,0,-1
2218,2015-07,0,-1
2218,2015-10,0,-1
2218,2016-02,0,-1
2218,2016-06,0,-1
2218,2016-10,0,-1
2218,2017-02,0,-1
2218,2017-06,0,-1
2218,2017-10,0,-1
2219,2015-04,0,-1
2219,2015-07,0,-1
2219,2015-10,0,-1
2219,2016-02,0,-1
2219,2016-06,0,-1
2219,2016-10,0,-1
2219,2017-02,0,-1
2219,2017-06,0,-1
2219,2017-10,0,-1
2220,2015-04,0,-1
2220,2015-07,1,-1
2220,2015-10,1,-1
2220,2016-02,0,-1
2220,2016-06,0,-1
2220,2016-10,0,-1
2220,2017-02,0,-1
2220,2017-06,0,-1
2220,2017-10,0,-1
2221,2015-04,0,-1
2221,2015-07,0,-1
2221,2015-10,0,-1
2221,2016-02,0,-1
2221,2016-06,0,-1
2221,2016-10,0,-1
2221,2017-02,0,-1
2221,2017-06,0,-1
2221,2017-10,0,-1
2222,2015-04,1,-1
2222,2015-07,0,-1
2222,2015-10,1,-1
2222,2016-02,1,-1
2222,2016-06,1,-1
2222,2016-10,0,-1
2222,2017-02,1,-1
2222,2017-06,1,-1
2222,2017-10,0,-1
2223,2015-04,0,-1
2223,2015-07,0,-1
2223,2015-10,0,-1
2223,2016-02,0,-1
2223,2016-06,0,-1
2223,2016-10,0,-1
2223,2017-02,0,-1
2223,2017-06,0,-1
2223,2017-10,0,-1
2224,2015-04,0,-1
2224,2015-07,0,-1
2224,2015-10,0,-1
2224,2016-02,0,-1
2224,2016-06,1,-1
2224,2016-10,0,-1
2224,2017-02,0,-1
2224,2017-06,0,-1
2224,2017-10,0,-1
2225,2015-04,0,-1
2225,2015-07,0,-1
2225,2015-10,0,-1
2225,2016-02,0,-1
2225,2016-06,0,-1
2225,2016-10,0,-1
2225,2017-02,0,-1
2225,2017-06,0,-1
2225,2017-10,0,-1
2226,2015-04,0,-1
2226,2015-07,0,-1
2226,2015-10,0,-1
2226,2016-02,0,-1
2226,2016-06,0,-1
2226,2016-10,0,-1
2226,2017-02,0,-1
2226,2017-06,0,-1
2226,2017-10,0,-1
2227,2015-04,0,-1
2227,2015-07,0,-1
2227,2015-10,0,-1
2227,2016-02,0,-1
2227,2016-06,1,-1
2227,2016-10,0,-1
2227,2017-02,1,-1
2227,2017-06,1,-1
2227,2017-10,0,-1
2228,2015-04,0,-1
2228,2015-07,0,-1
2228,2015-10,0,-1
2228,2016-02,0,-1
2228,2016-06,0,-1
2228,2016-10,0,-1
2228,2017-02,0,-1
2228,2017-06,0,-1
2228,2017-10,0,-1
2229,2015-04,0,-1
2229,2015-07,1,-1
2229,2015-10,1,-1
2229,2016-02,1,-1
2229,2016-06,1,-1
2229,2016-10,0,-1
2229,2017-02,1,-1
2229,2017-06,1,-1
2229,2017-10,0,-1
2230,2015-04,0,-1
2230,2015-07,1,-1
2230,2015-10,1,-1
2230,2016-02,1,-1
2230,2016-06,1,-1
2230,2016-10,0,-1
2230,2017-02,0,-1
2230,2017-06,0,-1
2230,2017-10,0,-1
2231,2015-04,0,-1
2231,2015-07,1,-1
2231,2015-10,1,-1
2231,2016-02,1,-1
2231,2016-06,0,-1
2231,2016-10,0,-1
2231,2017-02,0,-1
2231,2017-06,0,-1
2231,2017-10,0,-1
2232,2015-04,0,-1
2232,2015-07,0,-1
2232,2015-10,0,-1
2232,2016-02,0,-1
2232,2016-06,0,-1
2232,2016-10,0,-1
2232,2017-02,0,-1
2232,2017-06,0,-1
2232,2017-10,0,-1
2233,2015-04,0,-1
2233,2015-07,0,-1
2233,2015-10,0,-1
2233,2016-02,0,-1
2233,2016-06,0,-1
2233,2016-10,0,-1
2233,2017-02,0,-1
2233,2017-06,0,-1
2233,2017-10,0,-1
2234,2015-04,0,-1
2234,2015-07,0,-1
2234,2015-10,0,-1
2234,2016-02,0,-1
2234,2016-06,0,-1
2234,2016-10,0,-1
2234,2017-02,0,-1
2234,2017-06,0,-1
2234,2017-10,0,-1
2235,2015-04,0,-1
2235,2015-07,0,-1
2235,2015-10,0,-1
2235,2016-02,0,-1
2235,2016-06,0,-1
2235,2016-10,0,-1
2235,2017-02,0,-1
2235,2017-06,0,-1
2235,2017-10,0,-1
2236,2015-04,0,-1
2236,2015-07,0,-1
2236,2015-10,0,-1
2236,2016-02,0,-1
2236,2016-06,0,-1
2236,2016-10,0,-1
2236,2017-02,1,-1
2236,2017-06,1,-1
2236,2017-10,0,-1
2237,2015-04,0,-1
2237,2015-07,1,-1
2237,2015-10,1,-1
2237,2016-02,1,-1
2237,2016-06,1,-1
2237,2016-10,0,-1
2237,2017-02,0,-1
2237,2017-06,0,-1
2237,2017-10,0,-1
2238,2015-04,0,-1
2238,2015-07,1,-1
2238,2015-10,1,-1
2238,2016-02,1,-1
2238,2016-06,1,-1
2238,2016-10,0,-1
2238,2017-02,1,-1
2238,2017-06,1,-1
2238,2017-10,0,-1
2239,2015-04,0,-1
2239,2015-07,1,-1
2239,2015-10,1,-1
2239,2016-02,1,-1
2239,2016-06,1,-1
2239,2016-10,0,-1
2239,2017-02,0,-1
2239,2017-06,0,-1
2239,2017-10,0,-1
2240,2015-04,0,-1
2240,2015-07,0,-1
2240,2015-10,0,-1
2240,2016-02,0,-1
2240,2016-06,0,-1
2240,2016-10,0,-1
2240,2017-02,0,-1
2240,2017-06,0,-1
2240,2017-10,0,-1
2241,2015-04,0,-1
2241,2015-07,1,-1
2241,2015-10,1,-1
2241,2016-02,0,-1
2241,2016-06,0,-1
2241,2016-10,0,-1
2241,2017-02,0,-1
2241,2017-06,0,-1
2241,2017-10,0,-1
2242,2015-04,0,-1
2242,2015-07,1,-1
2242,2015-10,1,-1
2242,2016-02,1,-1
2242,2016-06,1,-1
2242,2016-10,0,-1
2242,2017-02,1,-1
2242,2017-06,1,-1
2242,2017-10,0,-1
2243,2015-04,0,-1
2243,2015-07,1,-1
2243,2015-10,1,-1
2243,2016-02,0,-1
2243,2016-06,0,-1
2243,2016-10,0,-1
2243,2017-02,0,-1
2243,2017-06,0,-1
2243,2017-10,0,-1
2244,2015-04,0,-1
2244,2015-07,0,-1
2244,2015-10,0,-1
2244,2016-02,0,-1
2244,2016-06,0,-1
2244,2016-10,0,-1
2244,2017-02,0,-1
2244,2017-06,0,-1
2244,2017-10,0,-1
2245,2015-04,0,-1
2245,2015-07,0,-1
2245,2015-10,0,-1
2245,2016-02,0,-1
2245,2016-06,0,-1
2245,2016-10,0,-1
2245,2017-02,0,-1
2245,2017-06,0,-1
2245,2017-10,0,-1
2246,2015-04,0,-1
2246,2015-07,1,-1
2246,2015-10,1,-1
2246,2016-02,1,-1
2246,2016-06,0,-1
2246,2016-10,0,-1
2246,2017-02,0,-1
2246,2017-06,0,-1
2246,2017-10,0,-1
2247,2015-04,0,-1
2247,2015-07,0,-1
2247,2015-10,0,-1
2247,2016-02,0,-1
2247,2016-06,0,-1
2247,2016-10,0,-1
2247,2017-02,0,-1
2247,2017-06,0,-1
2247,2017-10,0,-1
2248,2015-04,0,-1
2248,2015-07,0,-1
2248,2015-10,0,-1
2248,2016-02,0,-1
2248,2016-06,0,-1
2248,2016-10,0,-1
2248,2017-02,0,-1
2248,2017-06,0,-1
2248,2017-10,0,-1
2249,2015-04,0,-1
2249,2015-07,0,-1
2249,2015-10,0,-1
2249,2016-02,0,-1
2249,2016-06,0,-1
2249,2016-10,0,-1
2249,2017-02,0,-1
2249,2017-06,0,-1
2249,2017-10,0,-1
2250,2015-04,0,-1
2250,2015-07,1,-1
2250,2015-10,1,-1
2250,2016-02,0,-1
2250,2016-06,1,-1
2250,2016-10,0,-1
2250,2017-02,0,-1
2250,2017-06,0,-1
2250,2017-10,0,-1
2251,2015-04,0,-1
2251,2015-07,1,-1
2251,2015-10,1,-1
2251,2016-02,0,-1
2251,2016-06,1,-1
2251,2016-10,0,-1
2251,2017-02,0,-1
2251,2017-06,0,-1
2251,2017-10,0,-1
2252,2015-04,0,-1
2252,2015-07,1,-1
2252,2015-10,1,-1
2252,2016-02,0,-1
2252,2016-06,1,-1
2252,2016-10,0,-1
2252,2017-02,1,-1
2252,2017-06,1,-1
2252,2017-10,0,-1
2253,2015-04,0,-1
2253,2015-07,1,-1
2253,2015-10,0,-1
2253,2016-02,0,-1
2253,2016-06,1,-1
2253,2016-10,0,-1
2253,2017-02,1,-1
2253,2017-06,1,-1
2253,2017-10,0,-1
2254,2015-04,0,-1
2254,2015-07,0,-1
2254,2015-10,0,-1
2254,2016-02,1,-1
2254,2016-06,0,-1
2254,2016-10,0,-1
2254,2017-02,1,-1
2254,2017-06,1,-1
2254,2017-10,0,-1
2255,2015-04,0,-1
2255,2015-07,1,-1
2255,2015-10,0,-1
2255,2016-02,1,-1
2255,2016-06,0,-1
2255,2016-10,0,-1
2255,2017-02,1,-1
2255,2017-06,1,-1
2255,2017-10,0,-1
2256,2015-04,0,-1
2256,2015-07,1,-1
2256,2015-10,1,-1
2256,2016-02,1,-1
2256,2016-06,0,-1
2256,2016-10,0,-1
2256,2017-02,1,-1
2256,2017-06,1,-1
2256,2017-10,0,-1
2257,2015-04,0,-1
2257,2015-07,1,-1
2257,2015-10,0,-1
2257,2016-02,1,-1
2257,2016-06,1,-1
2257,2016-10,0,-1
2257,2017-02,1,-1
2257,2017-06,1,-1
2257,2017-10,0,-1
2258,2015-04,0,-1
2258,2015-07,1,-1
2258,2015-10,1,-1
2258,2016-02,1,-1
2258,2016-06,0,-1
2258,2016-10,0,-1
2258,2017-02,1,-1
2258,2017-06,1,-1
2258,2017-10,0,-1
2259,2015-04,0,-1
2259,2015-07,1,-1
2259,2015-10,1,-1
2259,2016-02,0,-1
2259,2016-06,0,-1
2259,2016-10,0,-1
2259,2017-02,1,-1
2259,2017-06,1,-1
2259,2017-10,0,-1
2260,2015-04,0,-1
2260,2015-07,1,-1
2260,2015-10,1,-1
2260,2016-02,1,-1
2260,2016-06,1,-1
2260,2016-10,0,-1
2260,2017-02,1,-1
2260,2017-06,1,-1
2260,2017-10,0,-1
2261,2015-04,0,-1
2261,2015-07,1,-1
2261,2015-10,1,-1
2261,2016-02,0,-1
2261,2016-06,1,-1
2261,2016-10,0,-1
2261,2017-02,0,-1
2261,2017-06,0,-1
2261,2017-10,0,-1
2262,2015-04,0,-1
2262,2015-07,0,-1
2262,2015-10,0,-1
2262,2016-02,1,-1
2262,2016-06,1,-1
2262,2016-10,0,-1
2262,2017-02,1,-1
2262,2017-06,1,-1
2262,2017-10,0,-1
2263,2015-04,0,-1
2263,2015-07,1,-1
2263,2015-10,0,-1
2263,2016-02,0,-1
2263,2016-06,1,-1
2263,2016-10,0,-1
2263,2017-02,1,-1
2263,2017-06,1,-1
2263,2017-10,0,-1
2264,2015-04,0,-1
2264,2015-07,1,-1
2264,2015-10,0,-1
2264,2016-02,1,-1
2264,2016-06,0,-1
2264,2016-10,0,-1
2264,2017-02,1,-1
2264,2017-06,1,-1
2264,2017-10,0,-1
2265,2015-04,0,-1
2265,2015-07,0,-1
2265,2015-10,0,-1
2265,2016-02,0,-1
2265,2016-06,0,-1
2265,2016-10,0,-1
2265,2017-02,0,-1
2265,2017-06,0,-1
2265,2017-10,0,-1
2266,2015-04,0,-1
2266,2015-07,1,-1
2266,2015-10,1,-1
2266,2016-02,0,-1
2266,2016-06,1,-1
2266,2016-10,0,-1
2266,2017-02,0,-1
2266,2017-06,0,-1
2266,2017-10,0,-1
2267,2015-04,0,-1
2267,2015-07,1,-1
2267,2015-10,1,-1
2267,2016-02,0,-1
2267,2016-06,1,-1
2267,2016-10,0,-1
2267,2017-02,1,-1
2267,2017-06,1,-1
2267,2017-10,0,-1
2268,2015-04,0,-1
2268,2015-07,0,-1
2268,2015-10,0,-1
2268,2016-02,1,-1
2268,2016-06,0,-1
2268,2016-10,0,-1
2268,2017-02,1,-1
2268,2017-06,1,-1
2268,2017-10,0,-1
2269,2015-04,0,-1
2269,2015-07,0,-1
2269,2015-10,0,-1
2269,2016-02,0,-1
2269,2016-06,0,-1
2269,2016-10,0,-1
2269,2017-02,0,-1
2269,2017-06,0,-1
2269,2017-10,0,-1
2270,2015-04,0,-1
2270,2015-07,0,-1
2270,2015-10,0,-1
2270,2016-02,1,-1
2270,2016-06,1,-1
2270,2016-10,0,-1
2270,2017-02,1,-1
2270,2017-06,1,-1
2270,2017-10,0,-1
2271,2015-04,0,-1
2271,2015-07,0,-1
2271,2015-10,1,-1
2271,2016-02,0,-1
2271,2016-06,1,-1
2271,2016-10,0,-1
2271,2017-02,0,-1
2271,2017-06,0,-1
2271,2017-10,0,-1
2272,2015-04,0,-1
2272,2015-07,0,-1
2272,2015-10,0,-1
2272,2016-02,1,-1
2272,2016-06,0,-1
2272,2016-10,0,-1
2272,2017-02,1,-1
2272,2017-06,1,-1
2272,2017-10,0,-1
2273,2015-04,0,-1
2273,2015-07,0,-1
2273,2015-10,0,-1
2273,2016-02,1,-1
2273,2016-06,1,-1
2273,2016-10,0,-1
2273,2017-02,0,-1
2273,2017-06,0,-1
2273,2017-10,0,-1
2274,2015-04,0,-1
2274,2015-07,1,-1
2274,2015-10,0,-1
2274,2016-02,1,-1
2274,2016-06,1,-1
2274,2016-10,0,-1
2274,2017-02,1,-1
2274,2017-06,1,-1
2274,2017-10,0,-1
2275,2015-04,0,-1
2275,2015-07,1,-1
2275,2015-10,0,-1
2275,2016-02,0,-1
2275,2016-06,1,-1
2275,2016-10,0,-1
2275,2017-02,1,-1
2275,2017-06,1,-1
2275,2017-10,0,-1
2276,2015-04,0,-1
2276,2015-07,1,-1
2276,2015-10,0,-1
2276,2016-02,1,-1
2276,2016-06,1,-1
2276,2016-10,0,-1
2276,2017-02,1,-1
2276,2017-06,1,-1
2276,2017-10,0,-1
2277,2015-04,0,-1
2277,2015-07,1,-1
2277,2015-10,0,-1
2277,2016-02,1,-1
2277,2016-06,1,-1
2277,2016-10,0,-1
2277,2017-02,1,-1
2277,2017-06,1,-1
2277,2017-10,0,-1
2278,2015-04,0,-1
2278,2015-07,0,-1
2278,2015-10,0,-1
2278,2016-02,1,-1
2278,2016-06,0,-1
2278,2016-10,0,-1
2278,2017-02,1,-1
2278,2017-06,1,-1
2278,2017-10,0,-1
2279,2015-04,0,-1
2279,2015-07,0,-1
2279,2015-10,1,-1
2279,2016-02,0,-1
2279,2016-06,0,-1
2279,2016-10,0,-1
2279,2017-02,1,-1
2279,2017-06,1,-1
2279,2017-10,0,-1
2280,2015-04,0,-1
2280,2015-07,0,-1
2280,2015-10,1,-1
2280,2016-02,0,-1
2280,2016-06,1,-1
2280,2016-10,0,-1
2280,2017-02,1,-1
2280,2017-06,1,-1
2280,2017-10,0,-1
2281,2015-04,0,-1
2281,2015-07,0,-1
2281,2015-10,0,-1
2281,2016-02,0,-1
2281,2016-06,0,-1
2281,2016-10,0,-1
2281,2017-02,1,-1
2281,2017-06,1,-1
2281,2017-10,0,-1
2282,2015-04,0,-1
2282,2015-07,1,-1
2282,2015-10,1,-1
2282,2016-02,1,-1
2282,2016-06,1,-1
2282,2016-10,0,-1
2282,2017-02,1,-1
2282,2017-06,1,-1
2282,2017-10,0,-1
2283,2015-04,0,-1
2283,2015-07,0,-1
2283,2015-10,0,-1
2283,2016-02,0,-1
2283,2016-06,0,-1
2283,2016-10,0,-1
2283,2017-02,0,-1
2283,2017-06,0,-1
2283,2017-10,0,-1
2284,2015-04,0,-1
2284,2015-07,0,-1
2284,2015-10,0,-1
2284,2016-02,0,-1
2284,2016-06,1,-1
2284,2016-10,0,-1
2284,2017-02,1,-1
2284,2017-06,0,-1
2284,2017-10,0,-1
2285,2015-04,0,-1
2285,2015-07,0,-1
2285,2015-10,0,-1
2285,2016-02,0,-1
2285,2016-06,0,-1
2285,2016-10,0,-1
2285,2017-02,1,-1
2285,2017-06,1,-1
2285,2017-10,0,-1
2286,2015-04,0,-1
2286,2015-07,1,-1
2286,2015-10,1,-1
2286,2016-02,0,-1
2286,2016-06,0,-1
2286,2016-10,0,-1
2286,2017-02,1,-1
2286,2017-06,1,-1
2286,2017-10,0,-1
2287,2015-04,0,-1
2287,2015-07,0,-1
2287,2015-10,0,-1
2287,2016-02,0,-1
2287,2016-06,0,-1
2287,2016-10,0,-1
2287,2017-02,0,-1
2287,2017-06,0,-1
2287,2017-10,0,-1
2288,2015-04,0,-1
2288,2015-07,0,-1
2288,2015-10,0,-1
2288,2016-02,0,-1
2288,2016-06,0,-1
2288,2016-10,0,-1
2288,2017-02,0,-1
2288,2017-06,0,-1
2288,2017-10,0,-1
2289,2015-04,0,-1
2289,2015-07,0,-1
2289,2015-10,0,-1
2289,2016-02,0,-1
2289,2016-06,0,-1
2289,2016-10,0,-1
2289,2017-02,0,-1
2289,2017-06,0,-1
2289,2017-10,0,-1
2290,2015-04,0,-1
2290,2015-07,0,-1
2290,2015-10,0,-1
2290,2016-02,0,-1
2290,2016-06,0,-1
2290,2016-10,0,-1
2290,2017-02,0,-1
2290,2017-06,0,-1
2290,2017-10,0,-1
2291,2015-04,0,-1
2291,2015-07,0,-1
2291,2015-10,0,-1
2291,2016-02,0,-1
2291,2016-06,0,-1
2291,2016-10,0,-1
2291,2017-02,0,-1
2291,2017-06,0,-1
2291,2017-10,0,-1
2292,2015-04,0,-1
2292,2015-07,0,-1
2292,2015-10,0,-1
2292,2016-02,0,-1
2292,2016-06,0,-1
2292,2016-10,0,-1
2292,2017-02,0,-1
2292,2017-06,0,-1
2292,2017-10,0,-1
2293,2015-04,0,-1
2293,2015-07,0,-1
2293,2015-10,0,-1
2293,2016-02,0,-1
2293,2016-06,0,-1
2293,2016-10,0,-1
2293,2017-02,0,-1
2293,2017-06,0,-1
2293,2017-10,0,-1
2294,2015-04,0,-1
2294,2015-07,0,-1
2294,2015-10,0,-1
2294,2016-02,0,-1
2294,2016-06,0,-1
2294,2016-10,0,-1
2294,2017-02,0,-1
2294,2017-06,0,-1
2294,2017-10,0,-1
2295,2015-04,0,-1
2295,2015-07,0,-1
2295,2015-10,0,-1
2295,2016-02,0,-1
2295,2016-06,0,-1
2295,2016-10,0,-1
2295,2017-02,0,-1
2295,2017-06,0,-1
2295,2017-10,0,-1
2296,2015-04,0,-1
2296,2015-07,0,-1
2296,2015-10,0,-1
2296,2016-02,0,-1
2296,2016-06,0,-1
2296,2016-10,0,-1
2296,2017-02,0,-1
2296,2017-06,0,-1
2296,2017-10,0,-1
2297,2015-04,0,-1
2297,2015-07,0,-1
2297,2015-10,0,-1
2297,2016-02,0,-1
2297,2016-06,0,-1
2297,2016-10,0,-1
2297,2017-02,0,-1
2297,2017-06,0,-1
2297,2017-10,0,-1
2298,2015-04,0,-1
2298,2015-07,0,-1
2298,2015-10,0,-1
2298,2016-02,0,-1
2298,2016-06,0,-1
2298,2016-10,0,-1
2298,2017-02,0,-1
2298,2017-06,0,-1
2298,2017-10,0,-1
2299,2015-04,0,-1
2299,2015-07,0,-1
2299,2015-10,0,-1
2299,2016-02,0,-1
2299,2016-06,0,-1
2299,2016-10,0,-1
2299,2017-02,0,-1
2299,2017-06,0,-1
2299,2017-10,0,-1
2300,2015-04,0,-1
2300,2015-07,0,-1
2300,2015-10,0,-1
2300,2016-02,0,-1
2300,2016-06,0,-1
2300,2016-10,0,-1
2300,2017-02,0,-1
2300,2017-06,0,-1
2300,2017-10,0,-1
2301,2015-04,0,-1
2301,2015-07,0,-1
2301,2015-10,0,-1
2301,2016-02,0,-1
2301,2016-06,0,-1
2301,2016-10,0,-1
2301,2017-02,0,-1
2301,2017-06,0,-1
2301,2017-10,0,-1
2302,2015-04,0,-1
2302,2015-07,0,-1
2302,2015-10,0,-1
2302,2016-02,0,-1
2302,2016-06,0,-1
2302,2016-10,0,-1
2302,2017-02,0,-1
2302,2017-06,0,-1
2302,2017-10,0,-1
2303,2015-04,0,-1
2303,2015-07,0,-1
2303,2015-10,0,-1
2303,2016-02,0,-1
2303,2016-06,0,-1
2303,2016-10,0,-1
2303,2017-02,0,-1
2303,2017-06,0,-1
2303,2017-10,0,-1
2304,2015-04,0,-1
2304,2015-07,0,-1
2304,2015-10,0,-1
2304,2016-02,0,-1
2304,2016-06,0,-1
2304,2016-10,0,-1
2304,2017-02,0,-1
2304,2017-06,0,-1
2304,2017-10,0,-1
2305,2015-04,0,-1
2305,2015-07,0,-1
2305,2015-10,0,-1
2305,2016-02,0,-1
2305,2016-06,0,-1
2305,2016-10,0,-1
2305,2017-02,0,-1
2305,2017-06,0,-1
2305,2017-10,0,-1
2306,2015-04,0,-1
2306,2015-07,0,-1
2306,2015-10,0,-1
2306,2016-02,0,-1
2306,2016-06,0,-1
2306,2016-10,0,-1
2306,2017-02,0,-1
2306,2017-06,0,-1
2306,2017-10,0,-1
2307,2015-04,0,-1
2307,2015-07,0,-1
2307,2015-10,0,-1
2307,2016-02,0,-1
2307,2016-06,0,-1
2307,2016-10,0,-1
2307,2017-02,0,-1
2307,2017-06,0,-1
2307,2017-10,0,-1
2308,2015-04,0,-1
2308,2015-07,0,-1
2308,2015-10,0,-1
2308,2016-02,0,-1
2308,2016-06,0,-1
2308,2016-10,0,-1
2308,2017-02,0,-1
2308,2017-06,0,-1
2308,2017-10,0,-1
2309,2015-04,0,-1
2309,2015-07,0,-1
2309,2015-10,0,-1
2309,2016-02,0,-1
2309,2016-06,0,-1
2309,2016-10,0,-1
2309,2017-02,0,-1
2309,2017-06,0,-1
2309,2017-10,0,-1
2310,2015-04,0,-1
2310,2015-07,0,-1
2310,2015-10,0,-1
2310,2016-02,0,-1
2310,2016-06,0,-1
2310,2016-10,0,-1
2310,2017-02,0,-1
2310,2017-06,0,-1
2310,2017-10,0,-1
2311,2015-04,0,-1
2311,2015-07,0,-1
2311,2015-10,0,-1
2311,2016-02,0,-1
2311,2016-06,0,-1
2311,2016-10,0,-1
2311,2017-02,0,-1
2311,2017-06,0,-1
2311,2017-10,0,-1
2312,2015-04,0,-1
2312,2015-07,0,-1
2312,2015-10,0,-1
2312,2016-02,0,-1
2312,2016-06,0,-1
2312,2016-10,0,-1
2312,2017-02,0,-1
2312,2017-06,0,-1
2312,2017-10,0,-1
2313,2015-04,0,-1
2313,2015-07,0,-1
2313,2015-10,0,-1
2313,2016-02,0,-1
2313,2016-06,0,-1
2313,2016-10,0,-1
2313,2017-02,0,-1
2313,2017-06,0,-1
2313,2017-10,0,-1
2314,2015-04,0,-1
2314,2015-07,0,-1
2314,2015-10,0,-1
2314,2016-02,0,-1
2314,2016-06,0,-1
2314,2016-10,0,-1
2314,2017-02,0,-1
2314,2017-06,0,-1
2314,2017-10,0,-1
2315,2015-04,0,-1
2315,2015-07,0,-1
2315,2015-10,0,-1
2315,2016-02,0,-1
2315,2016-06,0,-1
2315,2016-10,0,-1
2315,2017-02,0,-1
2315,2017-06,0,-1
2315,2017-10,0,-1
2316,2015-04,0,-1
2316,2015-07,0,-1
2316,2015-10,0,-1
2316,2016-02,0,-1
2316,2016-06,0,-1
2316,2016-10,0,-1
2316,2017-02,0,-1
2316,2017-06,0,-1
2316,2017-10,0,-1
2317,2015-04,0,-1
2317,2015-07,0,-1
2317,2015-10,0,-1
2317,2016-02,0,-1
2317,2016-06,0,-1
2317,2016-10,0,-1
2317,2017-02,0,-1
2317,2017-06,0,-1
2317,2017-10,0,-1
2318,2015-04,0,-1
2318,2015-07,0,-1
2318,2015-10,0,-1
2318,2016-02,0,-1
2318,2016-06,0,-1
2318,2016-10,0,-1
2318,2017-02,0,-1
2318,2017-06,0,-1
2318,2017-10,0,-1
2319,2015-04,0,-1
2319,2015-07,0,-1
2319,2015-10,0,-1
2319,2016-02,0,-1
2319,2016-06,0,-1
2319,2016-10,0,-1
2319,2017-02,0,-1
2319,2017-06,0,-1
2319,2017-10,0,-1
2320,2015-04,0,-1
2320,2015-07,0,-1
2320,2015-10,0,-1
2320,2016-02,0,-1
2320,2016-06,0,-1
2320,2016-10,0,-1
2320,2017-02,1,-1
2320,2017-06,1,-1
2320,2017-10,0,-1
2321,2015-04,0,-1
2321,2015-07,1,-1
2321,2015-10,0,-1
2321,2016-02,0,-1
2321,2016-06,1,-1
2321,2016-10,0,-1
2321,2017-02,1,-1
2321,2017-06,1,-1
2321,2017-10,0,-1
2322,2015-04,0,-1
2322,2015-07,1,-1
2322,2015-10,1,-1
2322,2016-02,1,-1
2322,2016-06,1,-1
2322,2016-10,0,-1
2322,2017-02,1,-1
2322,2017-06,1,-1
2322,2017-10,0,-1
2323,2015-04,0,-1
2323,2015-07,1,-1
2323,2015-10,1,-1
2323,2016-02,1,-1
2323,2016-06,1,-1
2323,2016-10,0,-1
2323,2017-02,1,-1
2323,2017-06,1,-1
2323,2017-10,0,-1
2324,2015-04,0,-1
2324,2015-07,1,-1
2324,2015-10,0,-1
2324,2016-02,0,-1
2324,2016-06,1,-1
2324,2016-10,0,-1
2324,2017-02,1,-1
2324,2017-06,1,-1
2324,2017-10,0,-1
2325,2015-04,0,-1
2325,2015-07,1,-1
2325,2015-10,1,-1
2325,2016-02,1,-1
2325,2016-06,1,-1
2325,2016-10,0,-1
2325,2017-02,1,-1
2325,2017-06,1,-1
2325,2017-10,0,-1
2326,2015-04,0,-1
2326,2015-07,1,-1
2326,2015-10,1,-1
2326,2016-02,1,-1
2326,2016-06,1,-1
2326,2016-10,0,-1
2326,2017-02,1,-1
2326,2017-06,1,-1
2326,2017-10,0,-1
2327,2015-04,0,-1
2327,2015-07,1,-1
2327,2015-10,1,-1
2327,2016-02,1,-1
2327,2016-06,1,-1
2327,2016-10,0,-1
2327,2017-02,1,-1
2327,2017-06,1,-1
2327,2017-10,0,-1
2328,2015-04,0,-1
2328,2015-07,1,-1
2328,2015-10,1,-1
2328,2016-02,1,-1
2328,2016-06,1,-1
2328,2016-10,0,-1
2328,2017-02,1,-1
2328,2017-06,1,-1
2328,2017-10,0,-1
2329,2015-04,0,-1
2329,2015-07,0,-1
2329,2015-10,0,-1
2329,2016-02,0,-1
2329,2016-06,0,-1
2329,2016-10,0,-1
2329,2017-02,0,-1
2329,2017-06,0,-1
2329,2017-10,0,-1
2330,2015-04,0,-1
2330,2015-07,1,-1
2330,2015-10,0,-1
2330,2016-02,0,-1
2330,2016-06,1,-1
2330,2016-10,0,-1
2330,2017-02,1,-1
2330,2017-06,1,-1
2330,2017-10,0,-1
2331,2015-04,0,-1
2331,2015-07,0,-1
2331,2015-10,0,-1
2331,2016-02,0,-1
2331,2016-06,0,-1
2331,2016-10,0,-1
2331,2017-02,0,-1
2331,2017-06,0,-1
2331,2017-10,0,-1
2332,2015-04,0,-1
2332,2015-07,0,-1
2332,2015-10,0,-1
2332,2016-02,0,-1
2332,2016-06,0,-1
2332,2016-10,0,-1
2332,2017-02,0,-1
2332,2017-06,0,-1
2332,2017-10,0,-1
2333,2015-04,0,-1
2333,2015-07,0,-1
2333,2015-10,0,-1
2333,2016-02,0,-1
2333,2016-06,0,-1
2333,2016-10,0,-1
2333,2017-02,0,-1
2333,2017-06,0,-1
2333,2017-10,0,-1
2334,2015-04,0,-1
2334,2015-07,0,-1
2334,2015-10,0,-1
2334,2016-02,0,-1
2334,2016-06,0,-1
2334,2016-10,0,-1
2334,2017-02,0,-1
2334,2017-06,0,-1
2334,2017-10,0,-1
2335,2015-04,0,-1
2335,2015-07,0,-1
2335,2015-10,0,-1
2335,2016-02,0,-1
2335,2016-06,0,-1
2335,2016-10,0,-1
2335,2017-02,0,-1
2335,2017-06,0,-1
2335,2017-10,0,-1
2336,2015-04,0,-1
2336,2015-07,0,-1
2336,2015-10,0,-1
2336,2016-02,0,-1
2336,2016-06,0,-1
2336,2016-10,0,-1
2336,2017-02,1,-1
2336,2017-06,1,-1
2336,2017-10,0,-1
2337,2015-04,0,-1
2337,2015-07,1,-1
2337,2015-10,1,-1
2337,2016-02,0,-1
2337,2016-06,0,-1
2337,2016-10,0,-1
2337,2017-02,0,-1
2337,2017-06,0,-1
2337,2017-10,0,-1
2338,2015-04,0,-1
2338,2015-07,0,-1
2338,2015-10,0,-1
2338,2016-02,0,-1
2338,2016-06,0,-1
2338,2016-10,0,-1
2338,2017-02,0,-1
2338,2017-06,0,-1
2338,2017-10,0,-1
2339,2015-04,0,-1
2339,2015-07,0,-1
2339,2015-10,0,-1
2339,2016-02,0,-1
2339,2016-06,0,-1
2339,2016-10,0,-1
2339,2017-02,0,-1
2339,2017-06,0,-1
2339,2017-10,0,-1
2340,2015-04,0,-1
2340,2015-07,0,-1
2340,2015-10,0,-1
2340,2016-02,0,-1
2340,2016-06,0,-1
2340,2016-10,0,-1
2340,2017-02,0,-1
2340,2017-06,0,-1
2340,2017-10,0,-1
2341,2015-04,0,-1
2341,2015-07,1,-1
2341,2015-10,1,-1
2341,2016-02,0,-1
2341,2016-06,0,-1
2341,2016-10,0,-1
2341,2017-02,0,-1
2341,2017-06,0,-1
2341,2017-10,0,-1
2342,2015-04,0,-1
2342,2015-07,0,-1
2342,2015-10,0,-1
2342,2016-02,0,-1
2342,2016-06,0,-1
2342,2016-10,0,-1
2342,2017-02,0,-1
2342,2017-06,0,-1
2342,2017-10,0,-1
2343,2015-04,0,-1
2343,2015-07,0,-1
2343,2015-10,0,-1
2343,2016-02,0,-1
2343,2016-06,0,-1
2343,2016-10,0,-1
2343,2017-02,0,-1
2343,2017-06,0,-1
2343,2017-10,0,-1
2344,2015-04,0,-1
2344,2015-07,1,-1
2344,2015-10,1,-1
2344,2016-02,0,-1
2344,2016-06,0,-1
2344,2016-10,0,-1
2344,2017-02,1,-1
2344,2017-06,1,-1
2344,2017-10,0,-1
2345,2015-04,0,-1
2345,2015-07,0,-1
2345,2015-10,0,-1
2345,2016-02,0,-1
2345,2016-06,0,-1
2345,2016-10,0,-1
2345,2017-02,0,-1
2345,2017-06,0,-1
2345,2017-10,0,-1
2346,2015-04,0,-1
2346,2015-07,0,-1
2346,2015-10,0,-1
2346,2016-02,0,-1
2346,2016-06,0,-1
2346,2016-10,0,-1
2346,2017-02,0,-1
2346,2017-06,0,-1
2346,2017-10,0,-1
2347,2015-04,0,-1
2347,2015-07,0,-1
2347,2015-10,0,-1
2347,2016-02,0,-1
2347,2016-06,0,-1
2347,2016-10,0,-1
2347,2017-02,0,-1
2347,2017-06,0,-1
2347,2017-10,0,-1
2348,2015-04,0,-1
2348,2015-07,0,-1
2348,2015-10,0,-1
2348,2016-02,0,-1
2348,2016-06,0,-1
2348,2016-10,0,-1
2348,2017-02,0,-1
2348,2017-06,0,-1
2348,2017-10,0,-1
2349,2015-04,0,-1
2349,2015-07,1,-1
2349,2015-10,1,-1
2349,2016-02,0,-1
2349,2016-06,0,-1
2349,2016-10,0,-1
2349,2017-02,0,-1
2349,2017-06,0,-1
2349,2017-10,0,-1
2350,2015-04,0,-1
2350,2015-07,0,-1
2350,2015-10,0,-1
2350,2016-02,0,-1
2350,2016-06,0,-1
2350,2016-10,0,-1
2350,2017-02,0,-1
2350,2017-06,0,-1
2350,2017-10,0,-1
2351,2015-04,0,-1
2351,2015-07,0,-1
2351,2015-10,0,-1
2351,2016-02,0,-1
2351,2016-06,0,-1
2351,2016-10,0,-1
2351,2017-02,1,-1
2351,2017-06,1,-1
2351,2017-10,0,-1
2352,2015-04,0,-1
2352,2015-07,0,-1
2352,2015-10,0,-1
2352,2016-02,0,-1
2352,2016-06,0,-1
2352,2016-10,0,-1
2352,2017-02,0,-1
2352,2017-06,0,-1
2352,2017-10,0,-1
2353,2015-04,0,-1
2353,2015-07,0,-1
2353,2015-10,0,-1
2353,2016-02,0,-1
2353,2016-06,0,-1
2353,2016-10,0,-1
2353,2017-02,1,-1
2353,2017-06,1,-1
2353,2017-10,0,-1
2354,2015-04,0,-1
2354,2015-07,1,-1
2354,2015-10,1,-1
2354,2016-02,0,-1
2354,2016-06,0,-1
2354,2016-10,0,-1
2354,2017-02,0,-1
2354,2017-06,0,-1
2354,2017-10,0,-1
2355,2015-04,0,-1
2355,2015-07,0,-1
2355,2015-10,0,-1
2355,2016-02,0,-1
2355,2016-06,0,-1
2355,2016-10,0,-1
2355,2017-02,0,-1
2355,2017-06,0,-1
2355,2017-10,0,-1
2356,2015-04,0,-1
2356,2015-07,0,-1
2356,2015-10,0,-1
2356,2016-02,0,-1
2356,2016-06,0,-1
2356,2016-10,0,-1
2356,2017-02,0,-1
2356,2017-06,0,-1
2356,2017-10,0,-1
2357,2015-04,0,-1
2357,2015-07,0,-1
2357,2015-10,0,-1
2357,2016-02,0,-1
2357,2016-06,0,-1
2357,2016-10,0,-1
2357,2017-02,0,-1
2357,2017-06,0,-1
2357,2017-10,0,-1
2358,2015-04,0,-1
2358,2015-07,0,-1
2358,2015-10,0,-1
2358,2016-02,0,-1
2358,2016-06,0,-1
2358,2016-10,0,-1
2358,2017-02,0,-1
2358,2017-06,0,-1
2358,2017-10,0,-1
2359,2015-04,0,-1
2359,2015-07,0,-1
2359,2015-10,0,-1
2359,2016-02,0,-1
2359,2016-06,0,-1
2359,2016-10,0,-1
2359,2017-02,0,-1
2359,2017-06,0,-1
2359,2017-10,0,-1
2360,2015-04,0,-1
2360,2015-07,0,-1
2360,2015-10,0,-1
2360,2016-02,0,-1
2360,2016-06,0,-1
2360,2016-10,0,-1
2360,2017-02,0,-1
2360,2017-06,0,-1
2360,2017-10,0,-1
2361,2015-04,0,-1
2361,2015-07,0,-1
2361,2015-10,0,-1
2361,2016-02,0,-1
2361,2016-06,0,-1
2361,2016-10,0,-1
2361,2017-02,0,-1
2361,2017-06,0,-1
2361,2017-10,0,-1
2362,2015-04,0,-1
2362,2015-07,1,-1
2362,2015-10,1,-1
2362,2016-02,0,-1
2362,2016-06,0,-1
2362,2016-10,0,-1
2362,2017-02,0,-1
2362,2017-06,0,-1
2362,2017-10,0,-1
2363,2015-04,0,-1
2363,2015-07,0,-1
2363,2015-10,0,-1
2363,2016-02,0,-1
2363,2016-06,0,-1
2363,2016-10,0,-1
2363,2017-02,0,-1
2363,2017-06,0,-1
2363,2017-10,0,-1
2364,2015-04,0,-1
2364,2015-07,0,-1
2364,2015-10,0,-1
2364,2016-02,0,-1
2364,2016-06,0,-1
2364,2016-10,0,-1
2364,2017-02,0,-1
2364,2017-06,0,-1
2364,2017-10,0,-1
2365,2015-04,0,-1
2365,2015-07,0,-1
2365,2015-10,0,-1
2365,2016-02,0,-1
2365,2016-06,0,-1
2365,2016-10,0,-1
2365,2017-02,0,-1
2365,2017-06,0,-1
2365,2017-10,0,-1
2366,2015-04,0,-1
2366,2015-07,0,-1
2366,2015-10,0,-1
2366,2016-02,0,-1
2366,2016-06,0,-1
2366,2016-10,0,-1
2366,2017-02,1,-1
2366,2017-06,1,-1
2366,2017-10,0,-1
2367,2015-04,0,-1
2367,2015-07,0,-1
2367,2015-10,0,-1
2367,2016-02,0,-1
2367,2016-06,0,-1
2367,2016-10,0,-1
2367,2017-02,0,-1
2367,2017-06,0,-1
2367,2017-10,0,-1
2368,2015-04,0,-1
2368,2015-07,0,-1
2368,2015-10,0,-1
2368,2016-02,0,-1
2368,2016-06,0,-1
2368,2016-10,0,-1
2368,2017-02,0,-1
2368,2017-06,0,-1
2368,2017-10,0,-1
2369,2015-04,0,-1
2369,2015-07,0,-1
2369,2015-10,0,-1
2369,2016-02,0,-1
2369,2016-06,0,-1
2369,2016-10,0,-1
2369,2017-02,0,-1
2369,2017-06,0,-1
2369,2017-10,0,-1
2370,2015-04,0,-1
2370,2015-07,0,-1
2370,2015-10,0,-1
2370,2016-02,0,-1
2370,2016-06,0,-1
2370,2016-10,0,-1
2370,2017-02,0,-1
2370,2017-06,0,-1
2370,2017-10,0,-1
2371,2015-04,0,-1
2371,2015-07,0,-1
2371,2015-10,0,-1
2371,2016-02,0,-1
2371,2016-06,0,-1
2371,2016-10,0,-1
2371,2017-02,0,-1
2371,2017-06,0,-1
2371,2017-10,0,-1
2372,2015-04,0,-1
2372,2015-07,1,-1
2372,2015-10,1,-1
2372,2016-02,0,-1
2372,2016-06,0,-1
2372,2016-10,0,-1
2372,2017-02,1,-1
2372,2017-06,1,-1
2372,2017-10,0,-1
2373,2015-04,0,-1
2373,2015-07,0,-1
2373,2015-10,0,-1
2373,2016-02,0,-1
2373,2016-06,0,-1
2373,2016-10,0,-1
2373,2017-02,0,-1
2373,2017-06,0,-1
2373,2017-10,0,-1
2374,2015-04,0,-1
2374,2015-07,0,-1
2374,2015-10,0,-1
2374,2016-02,0,-1
2374,2016-06,0,-1
2374,2016-10,0,-1
2374,2017-02,0,-1
2374,2017-06,0,-1
2374,2017-10,0,-1
2375,2015-04,0,-1
2375,2015-07,0,-1
2375,2015-10,0,-1
2375,2016-02,0,-1
2375,2016-06,0,-1
2375,2016-10,0,-1
2375,2017-02,0,-1
2375,2017-06,0,-1
2375,2017-10,0,-1
2376,2015-04,0,-1
2376,2015-07,0,-1
2376,2015-10,0,-1
2376,2016-02,0,-1
2376,2016-06,0,-1
2376,2016-10,0,-1
2376,2017-02,0,-1
2376,2017-06,0,-1
2376,2017-10,0,-1
2377,2015-04,0,-1
2377,2015-07,0,-1
2377,2015-10,0,-1
2377,2016-02,0,-1
2377,2016-06,0,-1
2377,2016-10,0,-1
2377,2017-02,0,-1
2377,2017-06,0,-1
2377,2017-10,0,-1
2378,2015-04,0,-1
2378,2015-07,0,-1
2378,2015-10,0,-1
2378,2016-02,0,-1
2378,2016-06,0,-1
2378,2016-10,0,-1
2378,2017-02,0,-1
2378,2017-06,0,-1
2378,2017-10,0,-1
2379,2015-04,0,-1
2379,2015-07,0,-1
2379,2015-10,0,-1
2379,2016-02,0,-1
2379,2016-06,0,-1
2379,2016-10,0,-1
2379,2017-02,0,-1
2379,2017-06,0,-1
2379,2017-10,0,-1
2380,2015-04,0,-1
2380,2015-07,0,-1
2380,2015-10,0,-1
2380,2016-02,0,-1
2380,2016-06,0,-1
2380,2016-10,0,-1
2380,2017-02,0,-1
2380,2017-06,0,-1
2380,2017-10,0,-1
2381,2015-04,0,-1
2381,2015-07,0,-1
2381,2015-10,0,-1
2381,2016-02,0,-1
2381,2016-06,0,-1
2381,2016-10,0,-1
2381,2017-02,0,-1
2381,2017-06,0,-1
2381,2017-10,0,-1
2382,2015-04,0,-1
2382,2015-07,0,-1
2382,2015-10,0,-1
2382,2016-02,0,-1
2382,2016-06,0,-1
2382,2016-10,0,-1
2382,2017-02,0,-1
2382,2017-06,0,-1
2382,2017-10,0,-1
2383,2015-04,0,-1
2383,2015-07,0,-1
2383,2015-10,0,-1
2383,2016-02,0,-1
2383,2016-06,0,-1
2383,2016-10,0,-1
2383,2017-02,0,-1
2383,2017-06,0,-1
2383,2017-10,0,-1
2384,2015-04,0,-1
2384,2015-07,0,-1
2384,2015-10,0,-1
2384,2016-02,0,-1
2384,2016-06,0,-1
2384,2016-10,0,-1
2384,2017-02,0,-1
2384,2017-06,0,-1
2384,2017-10,0,-1
2385,2015-04,0,-1
2385,2015-07,0,-1
2385,2015-10,0,-1
2385,2016-02,0,-1
2385,2016-06,0,-1
2385,2016-10,0,-1
2385,2017-02,0,-1
2385,2017-06,0,-1
2385,2017-10,0,-1
2386,2015-04,0,-1
2386,2015-07,0,-1
2386,2015-10,0,-1
2386,2016-02,0,-1
2386,2016-06,0,-1
2386,2016-10,0,-1
2386,2017-02,0,-1
2386,2017-06,0,-1
2386,2017-10,0,-1
2387,2015-04,0,-1
2387,2015-07,0,-1
2387,2015-10,0,-1
2387,2016-02,0,-1
2387,2016-06,0,-1
2387,2016-10,0,-1
2387,2017-02,0,-1
2387,2017-06,0,-1
2387,2017-10,0,-1
2388,2015-04,0,-1
2388,2015-07,0,-1
2388,2015-10,0,-1
2388,2016-02,0,-1
2388,2016-06,0,-1
2388,2016-10,0,-1
2388,2017-02,0,-1
2388,2017-06,0,-1
2388,2017-10,0,-1
2389,2015-04,0,-1
2389,2015-07,0,-1
2389,2015-10,0,-1
2389,2016-02,0,-1
2389,2016-06,0,-1
2389,2016-10,0,-1
2389,2017-02,0,-1
2389,2017-06,0,-1
2389,2017-10,0,-1
2390,2015-04,0,-1
2390,2015-07,1,-1
2390,2015-10,1,-1
2390,2016-02,0,-1
2390,2016-06,0,-1
2390,2016-10,0,-1
2390,2017-02,0,-1
2390,2017-06,0,-1
2390,2017-10,0,-1
2391,2015-04,0,-1
2391,2015-07,0,-1
2391,2015-10,0,-1
2391,2016-02,0,-1
2391,2016-06,0,-1
2391,2016-10,0,-1
2391,2017-02,0,-1
2391,2017-06,0,-1
2391,2017-10,0,-1
2392,2015-04,0,-1
2392,2015-07,0,-1
2392,2015-10,0,-1
2392,2016-02,0,-1
2392,2016-06,0,-1
2392,2016-10,0,-1
2392,2017-02,0,-1
2392,2017-06,0,-1
2392,2017-10,0,-1
2393,2015-04,0,-1
2393,2015-07,0,-1
2393,2015-10,0,-1
2393,2016-02,0,-1
2393,2016-06,0,-1
2393,2016-10,0,-1
2393,2017-02,0,-1
2393,2017-06,0,-1
2393,2017-10,0,-1
2394,2015-04,0,-1
2394,2015-07,0,-1
2394,2015-10,0,-1
2394,2016-02,0,-1
2394,2016-06,0,-1
2394,2016-10,0,-1
2394,2017-02,0,-1
2394,2017-06,0,-1
2394,2017-10,0,-1
2395,2015-04,0,-1
2395,2015-07,0,-1
2395,2015-10,0,-1
2395,2016-02,0,-1
2395,2016-06,0,-1
2395,2016-10,0,-1
2395,2017-02,0,-1
2395,2017-06,0,-1
2395,2017-10,0,-1
2396,2015-04,0,-1
2396,2015-07,0,-1
2396,2015-10,0,-1
2396,2016-02,0,-1
2396,2016-06,0,-1
2396,2016-10,0,-1
2396,2017-02,0,-1
2396,2017-06,0,-1
2396,2017-10,0,-1
2397,2015-04,0,-1
2397,2015-07,0,-1
2397,2015-10,0,-1
2397,2016-02,0,-1
2397,2016-06,0,-1
2397,2016-10,0,-1
2397,2017-02,0,-1
2397,2017-06,0,-1
2397,2017-10,0,-1
2398,2015-04,0,-1
2398,2015-07,0,-1
2398,2015-10,0,-1
2398,2016-02,0,-1
2398,2016-06,0,-1
2398,2016-10,0,-1
2398,2017-02,0,-1
2398,2017-06,0,-1
2398,2017-10,0,-1
2399,2015-04,0,-1
2399,2015-07,0,-1
2399,2015-10,0,-1
2399,2016-02,0,-1
2399,2016-06,0,-1
2399,2016-10,0,-1
2399,2017-02,0,-1
2399,2017-06,0,-1
2399,2017-10,0,-1
2400,2015-04,0,-1
2400,2015-07,0,-1
2400,2015-10,0,-1
2400,2016-02,0,-1
2400,2016-06,0,-1
2400,2016-10,0,-1
2400,2017-02,0,-1
2400,2017-06,0,-1
2400,2017-10,0,-1
2401,2015-04,0,-1
2401,2015-07,0,-1
2401,2015-10,0,-1
2401,2016-02,0,-1
2401,2016-06,0,-1
2401,2016-10,0,-1
2401,2017-02,0,-1
2401,2017-06,0,-1
2401,2017-10,0,-1
2402,2015-04,0,-1
2402,2015-07,0,-1
2402,2015-10,0,-1
2402,2016-02,0,-1
2402,2016-06,0,-1
2402,2016-10,0,-1
2402,2017-02,0,-1
2402,2017-06,0,-1
2402,2017-10,0,-1
2403,2015-04,0,-1
2403,2015-07,0,-1
2403,2015-10,0,-1
2403,2016-02,0,-1
2403,2016-06,0,-1
2403,2016-10,0,-1
2403,2017-02,0,-1
2403,2017-06,0,-1
2403,2017-10,0,-1
2404,2015-04,0,-1
2404,2015-07,0,-1
2404,2015-10,0,-1
2404,2016-02,0,-1
2404,2016-06,0,-1
2404,2016-10,0,-1
2404,2017-02,0,-1
2404,2017-06,0,-1
2404,2017-10,0,-1
2405,2015-04,0,-1
2405,2015-07,1,-1
2405,2015-10,1,-1
2405,2016-02,1,-1
2405,2016-06,1,-1
2405,2016-10,0,-1
2405,2017-02,1,-1
2405,2017-06,1,-1
2405,2017-10,0,-1
2406,2015-04,0,-1
2406,2015-07,0,-1
2406,2015-10,0,-1
2406,2016-02,0,-1
2406,2016-06,0,-1
2406,2016-10,0,-1
2406,2017-02,0,-1
2406,2017-06,0,-1
2406,2017-10,0,-1
2407,2015-04,0,-1
2407,2015-07,0,-1
2407,2015-10,0,-1
2407,2016-02,0,-1
2407,2016-06,0,-1
2407,2016-10,0,-1
2407,2017-02,0,-1
2407,2017-06,0,-1
2407,2017-10,0,-1
2408,2015-04,0,-1
2408,2015-07,0,-1
2408,2015-10,0,-1
2408,2016-02,0,-1
2408,2016-06,0,-1
2408,2016-10,0,-1
2408,2017-02,0,-1
2408,2017-06,0,-1
2408,2017-10,0,-1
2409,2015-04,0,-1
2409,2015-07,0,-1
2409,2015-10,0,-1
2409,2016-02,0,-1
2409,2016-06,0,-1
2409,2016-10,0,-1
2409,2017-02,0,-1
2409,2017-06,0,-1
2409,2017-10,0,-1
2410,2015-04,0,-1
2410,2015-07,0,-1
2410,2015-10,0,-1
2410,2016-02,0,-1
2410,2016-06,0,-1
2410,2016-10,0,-1
2410,2017-02,0,-1
2410,2017-06,0,-1
2410,2017-10,0,-1
2411,2015-04,0,-1
2411,2015-07,0,-1
2411,2015-10,0,-1
2411,2016-02,0,-1
2411,2016-06,0,-1
2411,2016-10,0,-1
2411,2017-02,0,-1
2411,2017-06,0,-1
2411,2017-10,0,-1
2412,2015-04,0,-1
2412,2015-07,1,-1
2412,2015-10,1,-1
2412,2016-02,1,-1
2412,2016-06,1,-1
2412,2016-10,0,-1
2412,2017-02,1,-1
2412,2017-06,1,-1
2412,2017-10,0,-1
2413,2015-04,0,-1
2413,2015-07,0,-1
2413,2015-10,0,-1
2413,2016-02,0,-1
2413,2016-06,0,-1
2413,2016-10,0,-1
2413,2017-02,0,-1
2413,2017-06,0,-1
2413,2017-10,0,-1
2414,2015-04,0,-1
2414,2015-07,0,-1
2414,2015-10,0,-1
2414,2016-02,0,-1
2414,2016-06,0,-1
2414,2016-10,0,-1
2414,2017-02,1,-1
2414,2017-06,1,-1
2414,2017-10,0,-1
2415,2015-04,0,-1
2415,2015-07,0,-1
2415,2015-10,0,-1
2415,2016-02,0,-1
2415,2016-06,0,-1
2415,2016-10,0,-1
2415,2017-02,1,-1
2415,2017-06,1,-1
2415,2017-10,0,-1
2416,2015-04,0,-1
2416,2015-07,0,-1
2416,2015-10,0,-1
2416,2016-02,0,-1
2416,2016-06,0,-1
2416,2016-10,0,-1
2416,2017-02,0,-1
2416,2017-06,0,-1
2416,2017-10,0,-1
2417,2015-04,0,-1
2417,2015-07,0,-1
2417,2015-10,0,-1
2417,2016-02,0,-1
2417,2016-06,0,-1
2417,2016-10,0,-1
2417,2017-02,0,-1
2417,2017-06,0,-1
2417,2017-10,0,-1
2418,2015-04,0,-1
2418,2015-07,0,-1
2418,2015-10,0,-1
2418,2016-02,0,-1
2418,2016-06,0,-1
2418,2016-10,0,-1
2418,2017-02,0,-1
2418,2017-06,0,-1
2418,2017-10,0,-1
2419,2015-04,0,-1
2419,2015-07,1,-1
2419,2015-10,1,-1
2419,2016-02,0,-1
2419,2016-06,0,-1
2419,2016-10,0,-1
2419,2017-02,0,-1
2419,2017-06,0,-1
2419,2017-10,0,-1
2420,2015-04,0,-1
2420,2015-07,0,-1
2420,2015-10,0,-1
2420,2016-02,0,-1
2420,2016-06,0,-1
2420,2016-10,0,-1
2420,2017-02,0,-1
2420,2017-06,0,-1
2420,2017-10,0,-1
2421,2015-04,0,-1
2421,2015-07,0,-1
2421,2015-10,0,-1
2421,2016-02,0,-1
2421,2016-06,1,-1
2421,2016-10,0,-1
2421,2017-02,1,-1
2421,2017-06,1,-1
2421,2017-10,0,-1
2422,2015-04,0,-1
2422,2015-07,0,-1
2422,2015-10,0,-1
2422,2016-02,0,-1
2422,2016-06,0,-1
2422,2016-10,0,-1
2422,2017-02,0,-1
2422,2017-06,0,-1
2422,2017-10,0,-1
2423,2015-04,0,-1
2423,2015-07,0,-1
2423,2015-10,0,-1
2423,2016-02,0,-1
2423,2016-06,0,-1
2423,2016-10,0,-1
2423,2017-02,0,-1
2423,2017-06,0,-1
2423,2017-10,0,-1
2424,2015-04,0,-1
2424,2015-07,0,-1
2424,2015-10,0,-1
2424,2016-02,0,-1
2424,2016-06,1,-1
2424,2016-10,0,-1
2424,2017-02,0,-1
2424,2017-06,0,-1
2424,2017-10,0,-1
2425,2015-04,0,-1
2425,2015-07,0,-1
2425,2015-10,0,-1
2425,2016-02,0,-1
2425,2016-06,0,-1
2425,2016-10,0,-1
2425,2017-02,0,-1
2425,2017-06,0,-1
2425,2017-10,0,-1
2426,2015-04,0,-1
2426,2015-07,0,-1
2426,2015-10,0,-1
2426,2016-02,0,-1
2426,2016-06,0,-1
2426,2016-10,0,-1
2426,2017-02,1,-1
2426,2017-06,1,-1
2426,2017-10,0,-1
2427,2015-04,0,-1
2427,2015-07,0,-1
2427,2015-10,0,-1
2427,2016-02,0,-1
2427,2016-06,0,-1
2427,2016-10,0,-1
2427,2017-02,0,-1
2427,2017-06,0,-1
2427,2017-10,0,-1
2428,2015-04,0,-1
2428,2015-07,0,-1
2428,2015-10,0,-1
2428,2016-02,0,-1
2428,2016-06,1,-1
2428,2016-10,0,-1
2428,2017-02,1,-1
2428,2017-06,1,-1
2428,2017-10,0,-1
2429,2015-04,0,-1
2429,2015-07,0,-1
2429,2015-10,0,-1
2429,2016-02,1,-1
2429,2016-06,1,-1
2429,2016-10,0,-1
2429,2017-02,1,-1
2429,2017-06,1,-1
2429,2017-10,0,-1
2430,2015-04,0,-1
2430,2015-07,0,-1
2430,2015-10,0,-1
2430,2016-02,0,-1
2430,2016-06,0,-1
2430,2016-10,0,-1
2430,2017-02,0,-1
2430,2017-06,0,-1
2430,2017-10,0,-1
2431,2015-04,0,-1
2431,2015-07,0,-1
2431,2015-10,0,-1
2431,2016-02,0,-1
2431,2016-06,0,-1
2431,2016-10,0,-1
2431,2017-02,0,-1
2431,2017-06,0,-1
2431,2017-10,0,-1
2432,2015-04,0,-1
2432,2015-07,0,-1
2432,2015-10,1,-1
2432,2016-02,1,-1
2432,2016-06,0,-1
2432,2016-10,0,-1
2432,2017-02,0,-1
2432,2017-06,0,-1
2432,2017-10,0,-1
2433,2015-04,0,-1
2433,2015-07,0,-1
2433,2015-10,0,-1
2433,2016-02,0,-1
2433,2016-06,0,-1
2433,2016-10,0,-1
2433,2017-02,0,-1
2433,2017-06,0,-1
2433,2017-10,0,-1
2434,2015-04,0,-1
2434,2015-07,0,-1
2434,2015-10,0,-1
2434,2016-02,0,-1
2434,2016-06,0,-1
2434,2016-10,0,-1
2434,2017-02,0,-1
2434,2017-06,0,-1
2434,2017-10,0,-1
2435,2015-04,0,-1
2435,2015-07,1,-1
2435,2015-10,1,-1
2435,2016-02,0,-1
2435,2016-06,0,-1
2435,2016-10,0,-1
2435,2017-02,0,-1
2435,2017-06,0,-1
2435,2017-10,0,-1
2436,2015-04,0,-1
2436,2015-07,0,-1
2436,2015-10,0,-1
2436,2016-02,0,-1
2436,2016-06,0,-1
2436,2016-10,0,-1
2436,2017-02,0,-1
2436,2017-06,0,-1
2436,2017-10,0,-1
2437,2015-04,0,-1
2437,2015-07,0,-1
2437,2015-10,0,-1
2437,2016-02,0,-1
2437,2016-06,0,-1
2437,2016-10,0,-1
2437,2017-02,1,-1
2437,2017-06,1,-1
2437,2017-10,0,-1
2438,2015-04,0,-1
2438,2015-07,0,-1
2438,2015-10,0,-1
2438,2016-02,0,-1
2438,2016-06,0,-1
2438,2016-10,0,-1
2438,2017-02,0,-1
2438,2017-06,0,-1
2438,2017-10,0,-1
2439,2015-04,0,-1
2439,2015-07,0,-1
2439,2015-10,0,-1
2439,2016-02,0,-1
2439,2016-06,0,-1
2439,2016-10,0,-1
2439,2017-02,0,-1
2439,2017-06,0,-1
2439,2017-10,0,-1
2440,2015-04,0,-1
2440,2015-07,0,-1
2440,2015-10,0,-1
2440,2016-02,0,-1
2440,2016-06,0,-1
2440,2016-10,0,-1
2440,2017-02,0,-1
2440,2017-06,0,-1
2440,2017-10,0,-1
2441,2015-04,0,-1
2441,2015-07,0,-1
2441,2015-10,0,-1
2441,2016-02,0,-1
2441,2016-06,0,-1
2441,2016-10,0,-1
2441,2017-02,1,-1
2441,2017-06,1,-1
2441,2017-10,0,-1
2442,2015-04,0,-1
2442,2015-07,0,-1
2442,2015-10,0,-1
2442,2016-02,0,-1
2442,2016-06,0,-1
2442,2016-10,0,-1
2442,2017-02,0,-1
2442,2017-06,0,-1
2442,2017-10,0,-1
2443,2015-04,0,-1
2443,2015-07,0,-1
2443,2015-10,0,-1
2443,2016-02,0,-1
2443,2016-06,0,-1
2443,2016-10,0,-1
2443,2017-02,1,-1
2443,2017-06,1,-1
2443,2017-10,0,-1
2444,2015-04,0,-1
2444,2015-07,0,-1
2444,2015-10,0,-1
2444,2016-02,0,-1
2444,2016-06,0,-1
2444,2016-10,0,-1
2444,2017-02,0,-1
2444,2017-06,0,-1
2444,2017-10,0,-1
2445,2015-04,0,-1
2445,2015-07,0,-1
2445,2015-10,0,-1
2445,2016-02,0,-1
2445,2016-06,0,-1
2445,2016-10,0,-1
2445,2017-02,0,-1
2445,2017-06,0,-1
2445,2017-10,0,-1
2446,2015-04,0,-1
2446,2015-07,0,-1
2446,2015-10,0,-1
2446,2016-02,0,-1
2446,2016-06,0,-1
2446,2016-10,0,-1
2446,2017-02,0,-1
2446,2017-06,0,-1
2446,2017-10,0,-1
2447,2015-04,0,-1
2447,2015-07,0,-1
2447,2015-10,0,-1
2447,2016-02,1,-1
2447,2016-06,1,-1
2447,2016-10,0,-1
2447,2017-02,1,-1
2447,2017-06,1,-1
2447,2017-10,0,-1
2448,2015-04,0,-1
2448,2015-07,0,-1
2448,2015-10,0,-1
2448,2016-02,0,-1
2448,2016-06,0,-1
2448,2016-10,0,-1
2448,2017-02,0,-1
2448,2017-06,0,-1
2448,2017-10,0,-1
2449,2015-04,0,-1
2449,2015-07,0,-1
2449,2015-10,0,-1
2449,2016-02,0,-1
2449,2016-06,0,-1
2449,2016-10,0,-1
2449,2017-02,0,-1
2449,2017-06,0,-1
2449,2017-10,0,-1
2450,2015-04,0,-1
2450,2015-07,0,-1
2450,2015-10,0,-1
2450,2016-02,0,-1
2450,2016-06,0,-1
2450,2016-10,0,-1
2450,2017-02,1,-1
2450,2017-06,1,-1
2450,2017-10,0,-1
2451,2015-04,0,-1
2451,2015-07,0,-1
2451,2015-10,0,-1
2451,2016-02,0,-1
2451,2016-06,0,-1
2451,2016-10,0,-1
2451,2017-02,0,-1
2451,2017-06,0,-1
2451,2017-10,0,-1
2452,2015-04,0,-1
2452,2015-07,0,-1
2452,2015-10,0,-1
2452,2016-02,0,-1
2452,2016-06,0,-1
2452,2016-10,0,-1
2452,2017-02,0,-1
2452,2017-06,0,-1
2452,2017-10,0,-1
2453,2015-04,0,-1
2453,2015-07,1,-1
2453,2015-10,1,-1
2453,2016-02,1,-1
2453,2016-06,1,-1
2453,2016-10,0,-1
2453,2017-02,1,-1
2453,2017-06,1,-1
2453,2017-10,0,-1
2454,2015-04,0,-1
2454,2015-07,1,-1
2454,2015-10,1,-1
2454,2016-02,1,-1
2454,2016-06,1,-1
2454,2016-10,0,-1
2454,2017-02,1,-1
2454,2017-06,1,-1
2454,2017-10,0,-1
2455,2015-04,0,-1
2455,2015-07,1,-1
2455,2015-10,1,-1
2455,2016-02,1,-1
2455,2016-06,1,-1
2455,2016-10,0,-1
2455,2017-02,0,-1
2455,2017-06,0,-1
2455,2017-10,0,-1
2456,2015-04,0,-1
2456,2015-07,0,-1
2456,2015-10,0,-1
2456,2016-02,0,-1
2456,2016-06,0,-1
2456,2016-10,0,-1
2456,2017-02,1,-1
2456,2017-06,1,-1
2456,2017-10,0,-1
2457,2015-04,1,-1
2457,2015-07,0,-1
2457,2015-10,0,-1
2457,2016-02,0,-1
2457,2016-06,0,-1
2457,2016-10,0,-1
2457,2017-02,1,-1
2457,2017-06,1,-1
2457,2017-10,0,-1
2458,2015-04,0,-1
2458,2015-07,0,-1
2458,2015-10,0,-1
2458,2016-02,0,-1
2458,2016-06,0,-1
2458,2016-10,0,-1
2458,2017-02,0,-1
2458,2017-06,0,-1
2458,2017-10,0,-1
2459,2015-04,0,-1
2459,2015-07,0,-1
2459,2015-10,0,-1
2459,2016-02,0,-1
2459,2016-06,0,-1
2459,2016-10,0,-1
2459,2017-02,0,-1
2459,2017-06,0,-1
2459,2017-10,0,-1
2460,2015-04,0,-1
2460,2015-07,1,-1
2460,2015-10,1,-1
2460,2016-02,1,-1
2460,2016-06,1,-1
2460,2016-10,0,-1
2460,2017-02,0,-1
2460,2017-06,0,-1
2460,2017-10,0,-1
2461,2015-04,0,-1
2461,2015-07,0,-1
2461,2015-10,0,-1
2461,2016-02,0,-1
2461,2016-06,0,-1
2461,2016-10,0,-1
2461,2017-02,0,-1
2461,2017-06,0,-1
2461,2017-10,0,-1
2462,2015-04,0,-1
2462,2015-07,0,-1
2462,2015-10,0,-1
2462,2016-02,0,-1
2462,2016-06,0,-1
2462,2016-10,0,-1
2462,2017-02,1,-1
2462,2017-06,1,-1
2462,2017-10,0,-1
2463,2015-04,0,-1
2463,2015-07,0,-1
2463,2015-10,0,-1
2463,2016-02,0,-1
2463,2016-06,0,-1
2463,2016-10,0,-1
2463,2017-02,0,-1
2463,2017-06,0,-1
2463,2017-10,0,-1
2464,2015-04,0,-1
2464,2015-07,0,-1
2464,2015-10,0,-1
2464,2016-02,0,-1
2464,2016-06,0,-1
2464,2016-10,0,-1
2464,2017-02,0,-1
2464,2017-06,0,-1
2464,2017-10,0,-1
2465,2015-04,0,-1
2465,2015-07,0,-1
2465,2015-10,0,-1
2465,2016-02,0,-1
2465,2016-06,0,-1
2465,2016-10,0,-1
2465,2017-02,0,-1
2465,2017-06,0,-1
2465,2017-10,0,-1
2466,2015-04,0,-1
2466,2015-07,0,-1
2466,2015-10,0,-1
2466,2016-02,0,-1
2466,2016-06,0,-1
2466,2016-10,0,-1
2466,2017-02,0,-1
2466,2017-06,0,-1
2466,2017-10,0,-1
2467,2015-04,0,-1
2467,2015-07,0,-1
2467,2015-10,0,-1
2467,2016-02,0,-1
2467,2016-06,0,-1
2467,2016-10,0,-1
2467,2017-02,0,-1
2467,2017-06,0,-1
2467,2017-10,0,-1
2468,2015-04,0,-1
2468,2015-07,1,-1
2468,2015-10,1,-1
2468,2016-02,1,-1
2468,2016-06,0,-1
2468,2016-10,0,-1
2468,2017-02,1,-1
2468,2017-06,1,-1
2468,2017-10,0,-1
2469,2015-04,0,-1
2469,2015-07,0,-1
2469,2015-10,0,-1
2469,2016-02,0,-1
2469,2016-06,0,-1
2469,2016-10,0,-1
2469,2017-02,0,-1
2469,2017-06,0,-1
2469,2017-10,0,-1
2470,2015-04,0,-1
2470,2015-07,0,-1
2470,2015-10,0,-1
2470,2016-02,0,-1
2470,2016-06,0,-1
2470,2016-10,0,-1
2470,2017-02,0,-1
2470,2017-06,0,-1
2470,2017-10,0,-1
2471,2015-04,0,-1
2471,2015-07,0,-1
2471,2015-10,0,-1
2471,2016-02,0,-1
2471,2016-06,0,-1
2471,2016-10,0,-1
2471,2017-02,0,-1
2471,2017-06,0,-1
2471,2017-10,0,-1
2472,2015-04,0,-1
2472,2015-07,0,-1
2472,2015-10,0,-1
2472,2016-02,0,-1
2472,2016-06,0,-1
2472,2016-10,0,-1
2472,2017-02,1,-1
2472,2017-06,1,-1
2472,2017-10,0,-1
2473,2015-04,0,-1
2473,2015-07,0,-1
2473,2015-10,0,-1
2473,2016-02,0,-1
2473,2016-06,0,-1
2473,2016-10,0,-1
2473,2017-02,0,-1
2473,2017-06,0,-1
2473,2017-10,0,-1
2474,2015-04,0,-1
2474,2015-07,0,-1
2474,2015-10,0,-1
2474,2016-02,0,-1
2474,2016-06,1,-1
2474,2016-10,0,-1
2474,2017-02,1,-1
2474,2017-06,1,-1
2474,2017-10,0,-1
2475,2015-04,0,-1
2475,2015-07,0,-1
2475,2015-10,0,-1
2475,2016-02,0,-1
2475,2016-06,0,-1
2475,2016-10,0,-1
2475,2017-02,0,-1
2475,2017-06,0,-1
2475,2017-10,0,-1
2476,2015-04,0,-1
2476,2015-07,0,-1
2476,2015-10,0,-1
2476,2016-02,0,-1
2476,2016-06,0,-1
2476,2016-10,0,-1
2476,2017-02,1,-1
2476,2017-06,1,-1
2476,2017-10,0,-1
2477,2015-04,1,-1
2477,2015-07,0,-1
2477,2015-10,1,-1
2477,2016-02,1,-1
2477,2016-06,1,-1
2477,2016-10,0,-1
2477,2017-02,1,-1
2477,2017-06,1,-1
2477,2017-10,0,-1
2478,2015-04,0,-1
2478,2015-07,0,-1
2478,2015-10,0,-1
2478,2016-02,0,-1
2478,2016-06,0,-1
2478,2016-10,0,-1
2478,2017-02,0,-1
2478,2017-06,0,-1
2478,2017-10,0,-1
2479,2015-04,0,-1
2479,2015-07,0,-1
2479,2015-10,0,-1
2479,2016-02,0,-1
2479,2016-06,1,-1
2479,2016-10,0,-1
2479,2017-02,1,-1
2479,2017-06,1,-1
2479,2017-10,0,-1
2480,2015-04,0,-1
2480,2015-07,1,-1
2480,2015-10,1,-1
2480,2016-02,1,-1
2480,2016-06,0,-1
2480,2016-10,0,-1
2480,2017-02,0,-1
2480,2017-06,0,-1
2480,2017-10,0,-1
2481,2015-04,0,-1
2481,2015-07,0,-1
2481,2015-10,0,-1
2481,2016-02,0,-1
2481,2016-06,0,-1
2481,2016-10,0,-1
2481,2017-02,0,-1
2481,2017-06,0,-1
2481,2017-10,0,-1
2482,2015-04,0,-1
2482,2015-07,1,-1
2482,2015-10,1,-1
2482,2016-02,1,-1
2482,2016-06,1,-1
2482,2016-10,0,-1
2482,2017-02,0,-1
2482,2017-06,0,-1
2482,2017-10,0,-1
2483,2015-04,0,-1
2483,2015-07,0,-1
2483,2015-10,0,-1
2483,2016-02,0,-1
2483,2016-06,0,-1
2483,2016-10,0,-1
2483,2017-02,0,-1
2483,2017-06,0,-1
2483,2017-10,0,-1
2484,2015-04,0,-1
2484,2015-07,0,-1
2484,2015-10,0,-1
2484,2016-02,0,-1
2484,2016-06,0,-1
2484,2016-10,0,-1
2484,2017-02,0,-1
2484,2017-06,0,-1
2484,2017-10,0,-1
2485,2015-04,0,-1
2485,2015-07,0,-1
2485,2015-10,0,-1
2485,2016-02,0,-1
2485,2016-06,0,-1
2485,2016-10,0,-1
2485,2017-02,0,-1
2485,2017-06,0,-1
2485,2017-10,0,-1
2486,2015-04,0,-1
2486,2015-07,0,-1
2486,2015-10,0,-1
2486,2016-02,0,-1
2486,2016-06,0,-1
2486,2016-10,0,-1
2486,2017-02,0,-1
2486,2017-06,0,-1
2486,2017-10,0,-1
2487,2015-04,0,-1
2487,2015-07,1,-1
2487,2015-10,1,-1
2487,2016-02,1,-1
2487,2016-06,1,-1
2487,2016-10,0,-1
2487,2017-02,1,-1
2487,2017-06,1,-1
2487,2017-10,0,-1
2488,2015-04,0,-1
2488,2015-07,0,-1
2488,2015-10,0,-1
2488,2016-02,0,-1
2488,2016-06,0,-1
2488,2016-10,0,-1
2488,2017-02,0,-1
2488,2017-06,0,-1
2488,2017-10,0,-1
2489,2015-04,0,-1
2489,2015-07,0,-1
2489,2015-10,0,-1
2489,2016-02,1,-1
2489,2016-06,1,-1
2489,2016-10,0,-1
2489,2017-02,1,-1
2489,2017-06,1,-1
2489,2017-10,0,-1
2490,2015-04,0,-1
2490,2015-07,1,-1
2490,2015-10,1,-1
2490,2016-02,1,-1
2490,2016-06,1,-1
2490,2016-10,0,-1
2490,2017-02,0,-1
2490,2017-06,0,-1
2490,2017-10,0,-1
2491,2015-04,0,-1
2491,2015-07,0,-1
2491,2015-10,0,-1
2491,2016-02,0,-1
2491,2016-06,0,-1
2491,2016-10,0,-1
2491,2017-02,0,-1
2491,2017-06,0,-1
2491,2017-10,0,-1
2492,2015-04,0,-1
2492,2015-07,0,-1
2492,2015-10,0,-1
2492,2016-02,0,-1
2492,2016-06,0,-1
2492,2016-10,0,-1
2492,2017-02,0,-1
2492,2017-06,0,-1
2492,2017-10,0,-1
2493,2015-04,0,-1
2493,2015-07,0,-1
2493,2015-10,0,-1
2493,2016-02,0,-1
2493,2016-06,0,-1
2493,2016-10,0,-1
2493,2017-02,0,-1
2493,2017-06,0,-1
2493,2017-10,0,-1
2494,2015-04,0,-1
2494,2015-07,0,-1
2494,2015-10,0,-1
2494,2016-02,0,-1
2494,2016-06,0,-1
2494,2016-10,0,-1
2494,2017-02,0,-1
2494,2017-06,0,-1
2494,2017-10,0,-1
2495,2015-04,0,-1
2495,2015-07,0,-1
2495,2015-10,0,-1
2495,2016-02,0,-1
2495,2016-06,0,-1
2495,2016-10,0,-1
2495,2017-02,0,-1
2495,2017-06,0,-1
2495,2017-10,0,-1
2496,2015-04,0,-1
2496,2015-07,0,-1
2496,2015-10,0,-1
2496,2016-02,0,-1
2496,2016-06,0,-1
2496,2016-10,0,-1
2496,2017-02,0,-1
2496,2017-06,0,-1
2496,2017-10,0,-1
2497,2015-04,0,-1
2497,2015-07,0,-1
2497,2015-10,0,-1
2497,2016-02,0,-1
2497,2016-06,0,-1
2497,2016-10,0,-1
2497,2017-02,1,-1
2497,2017-06,1,-1
2497,2017-10,0,-1
2498,2015-04,0,-1
2498,2015-07,0,-1
2498,2015-10,0,-1
2498,2016-02,0,-1
2498,2016-06,0,-1
2498,2016-10,0,-1
2498,2017-02,0,-1
2498,2017-06,0,-1
2498,2017-10,0,-1
2499,2015-04,0,-1
2499,2015-07,0,-1
2499,2015-10,0,-1
2499,2016-02,0,-1
2499,2016-06,0,-1
2499,2016-10,0,-1
2499,2017-02,0,-1
2499,2017-06,0,-1
2499,2017-10,0,-1
2500,2015-04,0,-1
2500,2015-07,0,-1
2500,2015-10,0,-1
2500,2016-02,0,-1
2500,2016-06,0,-1
2500,2016-10,0,-1
2500,2017-02,1,-1
2500,2017-06,1,-1
2500,2017-10,0,-1
2501,2015-04,0,-1
2501,2015-07,0,-1
2501,2015-10,0,-1
2501,2016-02,0,-1
2501,2016-06,0,-1
2501,2016-10,0,-1
2501,2017-02,1,-1
2501,2017-06,1,-1
2501,2017-10,0,-1
2502,2015-04,0,-1
2502,2015-07,0,-1
2502,2015-10,0,-1
2502,2016-02,0,-1
2502,2016-06,0,-1
2502,2016-10,0,-1
2502,2017-02,0,-1
2502,2017-06,0,-1
2502,2017-10,0,-1
2503,2015-04,0,-1
2503,2015-07,0,-1
2503,2015-10,0,-1
2503,2016-02,0,-1
2503,2016-06,0,-1
2503,2016-10,0,-1
2503,2017-02,0,-1
2503,2017-06,0,-1
2503,2017-10,0,-1
2504,2015-04,0,-1
2504,2015-07,0,-1
2504,2015-10,0,-1
2504,2016-02,0,-1
2504,2016-06,0,-1
2504,2016-10,0,-1
2504,2017-02,0,-1
2504,2017-06,0,-1
2504,2017-10,0,-1
2505,2015-04,0,-1
2505,2015-07,1,-1
2505,2015-10,0,-1
2505,2016-02,1,-1
2505,2016-06,1,-1
2505,2016-10,0,-1
2505,2017-02,0,-1
2505,2017-06,0,-1
2505,2017-10,0,-1
2506,2015-04,0,-1
2506,2015-07,1,-1
2506,2015-10,1,-1
2506,2016-02,1,-1
2506,2016-06,0,-1
2506,2016-10,0,-1
2506,2017-02,0,-1
2506,2017-06,0,-1
2506,2017-10,0,-1
2507,2015-04,0,-1
2507,2015-07,0,-1
2507,2015-10,0,-1
2507,2016-02,0,-1
2507,2016-06,0,-1
2507,2016-10,0,-1
2507,2017-02,0,-1
2507,2017-06,0,-1
2507,2017-10,0,-1
2508,2015-04,0,-1
2508,2015-07,0,-1
2508,2015-10,1,-1
2508,2016-02,1,-1
2508,2016-06,1,-1
2508,2016-10,0,-1
2508,2017-02,0,-1
2508,2017-06,0,-1
2508,2017-10,0,-1
2509,2015-04,0,-1
2509,2015-07,1,-1
2509,2015-10,1,-1
2509,2016-02,1,-1
2509,2016-06,1,-1
2509,2016-10,0,-1
2509,2017-02,0,-1
2509,2017-06,0,-1
2509,2017-10,0,-1
2510,2015-04,0,-1
2510,2015-07,1,-1
2510,2015-10,0,-1
2510,2016-02,1,-1
2510,2016-06,1,-1
2510,2016-10,0,-1
2510,2017-02,0,-1
2510,2017-06,0,-1
2510,2017-10,0,-1
2511,2015-04,0,-1
2511,2015-07,0,-1
2511,2015-10,0,-1
2511,2016-02,0,-1
2511,2016-06,0,-1
2511,2016-10,0,-1
2511,2017-02,0,-1
2511,2017-06,0,-1
2511,2017-10,0,-1
2512,2015-04,0,-1
2512,2015-07,1,-1
2512,2015-10,0,-1
2512,2016-02,1,-1
2512,2016-06,0,-1
2512,2016-10,0,-1
2512,2017-02,0,-1
2512,2017-06,0,-1
2512,2017-10,0,-1
2513,2015-04,0,-1
2513,2015-07,0,-1
2513,2015-10,0,-1
2513,2016-02,0,-1
2513,2016-06,0,-1
2513,2016-10,0,-1
2513,2017-02,0,-1
2513,2017-06,0,-1
2513,2017-10,0,-1
2514,2015-04,0,-1
2514,2015-07,0,-1
2514,2015-10,0,-1
2514,2016-02,0,-1
2514,2016-06,0,-1
2514,2016-10,0,-1
2514,2017-02,0,-1
2514,2017-06,0,-1
2514,2017-10,0,-1
2515,2015-04,0,-1
2515,2015-07,0,-1
2515,2015-10,0,-1
2515,2016-02,0,-1
2515,2016-06,0,-1
2515,2016-10,0,-1
2515,2017-02,0,-1
2515,2017-06,0,-1
2515,2017-10,0,-1
2516,2015-04,0,-1
2516,2015-07,0,-1
2516,2015-10,0,-1
2516,2016-02,0,-1
2516,2016-06,0,-1
2516,2016-10,0,-1
2516,2017-02,0,-1
2516,2017-06,0,-1
2516,2017-10,0,-1
2517,2015-04,0,-1
2517,2015-07,0,-1
2517,2015-10,0,-1
2517,2016-02,0,-1
2517,2016-06,0,-1
2517,2016-10,0,-1
2517,2017-02,0,-1
2517,2017-06,0,-1
2517,2017-10,0,-1
2518,2015-04,0,-1
2518,2015-07,1,-1
2518,2015-10,0,-1
2518,2016-02,1,-1
2518,2016-06,1,-1
2518,2016-10,0,-1
2518,2017-02,0,-1
2518,2017-06,0,-1
2518,2017-10,0,-1
2519,2015-04,0,-1
2519,2015-07,0,-1
2519,2015-10,0,-1
2519,2016-02,0,-1
2519,2016-06,1,-1
2519,2016-10,0,-1
2519,2017-02,0,-1
2519,2017-06,0,-1
2519,2017-10,0,-1
2520,2015-04,0,-1
2520,2015-07,0,-1
2520,2015-10,0,-1
2520,2016-02,0,-1
2520,2016-06,0,-1
2520,2016-10,0,-1
2520,2017-02,0,-1
2520,2017-06,0,-1
2520,2017-10,0,-1
2521,2015-04,0,-1
2521,2015-07,0,-1
2521,2015-10,0,-1
2521,2016-02,0,-1
2521,2016-06,0,-1
2521,2016-10,0,-1
2521,2017-02,0,-1
2521,2017-06,0,-1
2521,2017-10,0,-1
2522,2015-04,0,-1
2522,2015-07,1,-1
2522,2015-10,0,-1
2522,2016-02,0,-1
2522,2016-06,1,-1
2522,2016-10,0,-1
2522,2017-02,0,-1
2522,2017-06,0,-1
2522,2017-10,1,-1
2523,2015-04,0,-1
2523,2015-07,0,-1
2523,2015-10,0,-1
2523,2016-02,0,-1
2523,2016-06,1,-1
2523,2016-10,0,-1
2523,2017-02,0,-1
2523,2017-06,0,-1
2523,2017-10,0,-1
2524,2015-04,0,-1
2524,2015-07,1,-1
2524,2015-10,0,-1
2524,2016-02,1,-1
2524,2016-06,1,-1
2524,2016-10,0,-1
2524,2017-02,0,-1
2524,2017-06,0,-1
2524,2017-10,0,-1
2525,2015-04,0,-1
2525,2015-07,1,-1
2525,2015-10,0,-1
2525,2016-02,0,-1
2525,2016-06,1,-1
2525,2016-10,0,-1
2525,2017-02,0,-1
2525,2017-06,0,-1
2525,2017-10,1,-1
2526,2015-04,0,-1
2526,2015-07,0,-1
2526,2015-10,0,-1
2526,2016-02,0,-1
2526,2016-06,0,-1
2526,2016-10,0,-1
2526,2017-02,0,-1
2526,2017-06,0,-1
2526,2017-10,0,-1
2527,2015-04,0,-1
2527,2015-07,0,-1
2527,2015-10,0,-1
2527,2016-02,0,-1
2527,2016-06,0,-1
2527,2016-10,0,-1
2527,2017-02,0,-1
2527,2017-06,0,-1
2527,2017-10,0,-1
2528,2015-04,0,-1
2528,2015-07,0,-1
2528,2015-10,0,-1
2528,2016-02,0,-1
2528,2016-06,0,-1
2528,2016-10,0,-1
2528,2017-02,0,-1
2528,2017-06,0,-1
2528,2017-10,0,-1
2529,2015-04,0,-1
2529,2015-07,1,-1
2529,2015-10,1,-1
2529,2016-02,1,-1
2529,2016-06,1,-1
2529,2016-10,0,-1
2529,2017-02,0,-1
2529,2017-06,0,-1
2529,2017-10,0,-1
2530,2015-04,0,-1
2530,2015-07,1,-1
2530,2015-10,1,-1
2530,2016-02,1,-1
2530,2016-06,1,-1
2530,2016-10,0,-1
2530,2017-02,0,-1
2530,2017-06,0,-1
2530,2017-10,0,-1
2531,2015-04,0,-1
2531,2015-07,0,-1
2531,2015-10,0,-1
2531,2016-02,0,-1
2531,2016-06,0,-1
2531,2016-10,0,-1
2531,2017-02,0,-1
2531,2017-06,0,-1
2531,2017-10,0,-1
2532,2015-04,0,-1
2532,2015-07,1,-1
2532,2015-10,1,-1
2532,2016-02,1,-1
2532,2016-06,0,-1
2532,2016-10,0,-1
2532,2017-02,0,-1
2532,2017-06,0,-1
2532,2017-10,0,-1
2533,2015-04,0,-1
2533,2015-07,1,-1
2533,2015-10,1,-1
2533,2016-02,1,-1
2533,2016-06,0,-1
2533,2016-10,0,-1
2533,2017-02,0,-1
2533,2017-06,0,-1
2533,2017-10,0,-1
2534,2015-04,0,-1
2534,2015-07,1,-1
2534,2015-10,1,-1
2534,2016-02,1,-1
2534,2016-06,0,-1
2534,2016-10,0,-1
2534,2017-02,0,-1
2534,2017-06,0,-1
2534,2017-10,0,-1
2535,2015-04,0,-1
2535,2015-07,1,-1
2535,2015-10,1,-1
2535,2016-02,1,-1
2535,2016-06,0,-1
2535,2016-10,1,-1
2535,2017-02,0,-1
2535,2017-06,0,-1
2535,2017-10,0,-1
2536,2015-04,0,-1
2536,2015-07,1,-1
2536,2015-10,1,-1
2536,2016-02,1,-1
2536,2016-06,0,-1
2536,2016-10,0,-1
2536,2017-02,0,-1
2536,2017-06,0,-1
2536,2017-10,0,-1
2537,2015-04,0,-1
2537,2015-07,1,-1
2537,2015-10,1,-1
2537,2016-02,1,-1
2537,2016-06,0,-1
2537,2016-10,0,-1
2537,2017-02,0,-1
2537,2017-06,0,-1
2537,2017-10,0,-1
2538,2015-04,0,-1
2538,2015-07,1,-1
2538,2015-10,1,-1
2538,2016-02,1,-1
2538,2016-06,0,-1
2538,2016-10,1,-1
2538,2017-02,0,-1
2538,2017-06,0,-1
2538,2017-10,0,-1
2539,2015-04,0,-1
2539,2015-07,0,-1
2539,2015-10,0,-1
2539,2016-02,0,-1
2539,2016-06,0,-1
2539,2016-10,0,-1
2539,2017-02,0,-1
2539,2017-06,0,-1
2539,2017-10,0,-1
2540,2015-04,0,-1
2540,2015-07,1,-1
2540,2015-10,1,-1
2540,2016-02,1,-1
2540,2016-06,0,-1
2540,2016-10,0,-1
2540,2017-02,0,-1
2540,2017-06,0,-1
2540,2017-10,0,-1
2541,2015-04,0,-1
2541,2015-07,1,-1
2541,2015-10,1,-1
2541,2016-02,1,-1
2541,2016-06,0,-1
2541,2016-10,1,-1
2541,2017-02,0,-1
2541,2017-06,0,-1
2541,2017-10,0,-1
2542,2015-04,0,-1
2542,2015-07,0,-1
2542,2015-10,0,-1
2542,2016-02,0,-1
2542,2016-06,0,-1
2542,2016-10,0,-1
2542,2017-02,0,-1
2542,2017-06,0,-1
2542,2017-10,0,-1
2543,2015-04,0,-1
2543,2015-07,0,-1
2543,2015-10,0,-1
2543,2016-02,0,-1
2543,2016-06,0,-1
2543,2016-10,0,-1
2543,2017-02,0,-1
2543,2017-06,0,-1
2543,2017-10,0,-1
2544,2015-04,0,-1
2544,2015-07,0,-1
2544,2015-10,0,-1
2544,2016-02,0,-1
2544,2016-06,0,-1
2544,2016-10,0,-1
2544,2017-02,0,-1
2544,2017-06,0,-1
2544,2017-10,0,-1
2545,2015-04,0,-1
2545,2015-07,0,-1
2545,2015-10,0,-1
2545,2016-02,0,-1
2545,2016-06,0,-1
2545,2016-10,0,-1
2545,2017-02,0,-1
2545,2017-06,0,-1
2545,2017-10,0,-1
2546,2015-04,0,-1
2546,2015-07,0,-1
2546,2015-10,0,-1
2546,2016-02,0,-1
2546,2016-06,0,-1
2546,2016-10,0,-1
2546,2017-02,0,-1
2546,2017-06,0,-1
2546,2017-10,0,-1
2547,2015-04,0,-1
2547,2015-07,1,-1
2547,2015-10,1,-1
2547,2016-02,1,-1
2547,2016-06,0,-1
2547,2016-10,1,-1
2547,2017-02,0,-1
2547,2017-06,0,-1
2547,2017-10,0,-1
2548,2015-04,0,-1
2548,2015-07,0,-1
2548,2015-10,0,-1
2548,2016-02,0,-1
2548,2016-06,0,-1
2548,2016-10,0,-1
2548,2017-02,0,-1
2548,2017-06,0,-1
2548,2017-10,0,-1
2549,2015-04,0,-1
2549,2015-07,1,-1
2549,2015-10,1,-1
2549,2016-02,1,-1
2549,2016-06,0,-1
2549,2016-10,0,-1
2549,2017-02,0,-1
2549,2017-06,0,-1
2549,2017-10,0,-1
2550,2015-04,0,-1
2550,2015-07,0,-1
2550,2015-10,0,-1
2550,2016-02,0,-1
2550,2016-06,0,-1
2550,2016-10,0,-1
2550,2017-02,0,-1
2550,2017-06,0,-1
2550,2017-10,0,-1
2551,2015-04,0,-1
2551,2015-07,0,-1
2551,2015-10,0,-1
2551,2016-02,0,-1
2551,2016-06,0,-1
2551,2016-10,0,-1
2551,2017-02,0,-1
2551,2017-06,0,-1
2551,2017-10,0,-1
2552,2015-04,0,-1
2552,2015-07,0,-1
2552,2015-10,0,-1
2552,2016-02,0,-1
2552,2016-06,0,-1
2552,2016-10,0,-1
2552,2017-02,0,-1
2552,2017-06,0,-1
2552,2017-10,0,-1
2553,2015-04,0,-1
2553,2015-07,1,-1
2553,2015-10,1,-1
2553,2016-02,1,-1
2553,2016-06,0,-1
2553,2016-10,1,-1
2553,2017-02,0,-1
2553,2017-06,0,-1
2553,2017-10,0,-1
2554,2015-04,0,-1
2554,2015-07,0,-1
2554,2015-10,0,-1
2554,2016-02,0,-1
2554,2016-06,0,-1
2554,2016-10,0,-1
2554,2017-02,0,-1
2554,2017-06,0,-1
2554,2017-10,0,-1
2555,2015-04,0,-1
2555,2015-07,1,-1
2555,2015-10,1,-1
2555,2016-02,1,-1
2555,2016-06,0,-1
2555,2016-10,0,-1
2555,2017-02,0,-1
2555,2017-06,0,-1
2555,2017-10,0,-1
2556,2015-04,0,-1
2556,2015-07,1,-1
2556,2015-10,1,-1
2556,2016-02,1,-1
2556,2016-06,0,-1
2556,2016-10,0,-1
2556,2017-02,0,-1
2556,2017-06,0,-1
2556,2017-10,0,-1
2557,2015-04,0,-1
2557,2015-07,1,-1
2557,2015-10,1,-1
2557,2016-02,1,-1
2557,2016-06,0,-1
2557,2016-10,0,-1
2557,2017-02,0,-1
2557,2017-06,0,-1
2557,2017-10,0,-1
2558,2015-04,0,-1
2558,2015-07,0,-1
2558,2015-10,0,-1
2558,2016-02,0,-1
2558,2016-06,0,-1
2558,2016-10,0,-1
2558,2017-02,0,-1
2558,2017-06,0,-1
2558,2017-10,0,-1
2559,2015-04,0,-1
2559,2015-07,0,-1
2559,2015-10,0,-1
2559,2016-02,0,-1
2559,2016-06,0,-1
2559,2016-10,0,-1
2559,2017-02,0,-1
2559,2017-06,0,-1
2559,2017-10,0,-1
2560,2015-04,0,-1
2560,2015-07,1,-1
2560,2015-10,1,-1
2560,2016-02,1,-1
2560,2016-06,0,-1
2560,2016-10,0,-1
2560,2017-02,0,-1
2560,2017-06,0,-1
2560,2017-10,0,-1
2561,2015-04,0,-1
2561,2015-07,0,-1
2561,2015-10,0,-1
2561,2016-02,0,-1
2561,2016-06,0,-1
2561,2016-10,0,-1
2561,2017-02,0,-1
2561,2017-06,0,-1
2561,2017-10,0,-1
2562,2015-04,0,-1
2562,2015-07,0,-1
2562,2015-10,0,-1
2562,2016-02,0,-1
2562,2016-06,0,-1
2562,2016-10,0,-1
2562,2017-02,0,-1
2562,2017-06,0,-1
2562,2017-10,0,-1
2563,2015-04,0,-1
2563,2015-07,0,-1
2563,2015-10,0,-1
2563,2016-02,0,-1
2563,2016-06,0,-1
2563,2016-10,0,-1
2563,2017-02,0,-1
2563,2017-06,0,-1
2563,2017-10,0,-1
2564,2015-04,0,-1
2564,2015-07,0,-1
2564,2015-10,0,-1
2564,2016-02,0,-1
2564,2016-06,0,-1
2564,2016-10,0,-1
2564,2017-02,0,-1
2564,2017-06,0,-1
2564,2017-10,1,-1
2565,2015-04,0,-1
2565,2015-07,1,-1
2565,2015-10,1,-1
2565,2016-02,1,-1
2565,2016-06,0,-1
2565,2016-10,0,-1
2565,2017-02,0,-1
2565,2017-06,0,-1
2565,2017-10,0,-1
2566,2015-04,0,-1
2566,2015-07,0,-1
2566,2015-10,0,-1
2566,2016-02,0,-1
2566,2016-06,0,-1
2566,2016-10,0,-1
2566,2017-02,0,-1
2566,2017-06,0,-1
2566,2017-10,1,-1
2567,2015-04,0,-1
2567,2015-07,0,-1
2567,2015-10,0,-1
2567,2016-02,0,-1
2567,2016-06,0,-1
2567,2016-10,0,-1
2567,2017-02,0,-1
2567,2017-06,0,-1
2567,2017-10,0,-1
2568,2015-04,0,-1
2568,2015-07,1,-1
2568,2015-10,0,-1
2568,2016-02,1,-1
2568,2016-06,1,-1
2568,2016-10,0,-1
2568,2017-02,0,-1
2568,2017-06,0,-1
2568,2017-10,1,-1
2569,2015-04,0,-1
2569,2015-07,0,-1
2569,2015-10,0,-1
2569,2016-02,0,-1
2569,2016-06,0,-1
2569,2016-10,0,-1
2569,2017-02,0,-1
2569,2017-06,0,-1
2569,2017-10,1,-1
2570,2015-04,0,-1
2570,2015-07,1,-1
2570,2015-10,0,-1
2570,2016-02,1,-1
2570,2016-06,1,-1
2570,2016-10,0,-1
2570,2017-02,0,-1
2570,2017-06,0,-1
2570,2017-10,0,-1
2571,2015-04,0,-1
2571,2015-07,0,-1
2571,2015-10,0,-1
2571,2016-02,0,-1
2571,2016-06,0,-1
2571,2016-10,0,-1
2571,2017-02,0,-1
2571,2017-06,0,-1
2571,2017-10,0,-1
2572,2015-04,0,-1
2572,2015-07,0,-1
2572,2015-10,0,-1
2572,2016-02,0,-1
2572,2016-06,1,-1
2572,2016-10,0,-1
2572,2017-02,0,-1
2572,2017-06,0,-1
2572,2017-10,1,-1
2573,2015-04,0,-1
2573,2015-07,0,-1
2573,2015-10,0,-1
2573,2016-02,0,-1
2573,2016-06,0,-1
2573,2016-10,0,-1
2573,2017-02,0,-1
2573,2017-06,0,-1
2573,2017-10,1,-1
2574,2015-04,0,-1
2574,2015-07,0,-1
2574,2015-10,0,-1
2574,2016-02,0,-1
2574,2016-06,0,-1
2574,2016-10,0,-1
2574,2017-02,0,-1
2574,2017-06,0,-1
2574,2017-10,0,-1
2575,2015-04,0,-1
2575,2015-07,0,-1
2575,2015-10,0,-1
2575,2016-02,0,-1
2575,2016-06,0,-1
2575,2016-10,0,-1
2575,2017-02,0,-1
2575,2017-06,0,-1
2575,2017-10,0,-1
2576,2015-04,0,-1
2576,2015-07,0,-1
2576,2015-10,0,-1
2576,2016-02,0,-1
2576,2016-06,0,-1
2576,2016-10,0,-1
2576,2017-02,0,-1
2576,2017-06,0,-1
2576,2017-10,0,-1
2577,2015-04,0,-1
2577,2015-07,0,-1
2577,2015-10,0,-1
2577,2016-02,0,-1
2577,2016-06,0,-1
2577,2016-10,0,-1
2577,2017-02,0,-1
2577,2017-06,0,-1
2577,2017-10,0,-1
2578,2015-04,0,-1
2578,2015-07,1,-1
2578,2015-10,0,-1
2578,2016-02,1,-1
2578,2016-06,1,-1
2578,2016-10,0,-1
2578,2017-02,0,-1
2578,2017-06,0,-1
2578,2017-10,1,-1
2579,2015-04,0,-1
2579,2015-07,0,-1
2579,2015-10,0,-1
2579,2016-02,0,-1
2579,2016-06,0,-1
2579,2016-10,0,-1
2579,2017-02,0,-1
2579,2017-06,0,-1
2579,2017-10,1,-1
2580,2015-04,0,-1
2580,2015-07,0,-1
2580,2015-10,0,-1
2580,2016-02,0,-1
2580,2016-06,0,-1
2580,2016-10,0,-1
2580,2017-02,0,-1
2580,2017-06,0,-1
2580,2017-10,1,-1
2581,2015-04,0,-1
2581,2015-07,0,-1
2581,2015-10,0,-1
2581,2016-02,0,-1
2581,2016-06,0,-1
2581,2016-10,0,-1
2581,2017-02,0,-1
2581,2017-06,0,-1
2581,2017-10,0,-1
2582,2015-04,0,-1
2582,2015-07,0,-1
2582,2015-10,0,-1
2582,2016-02,0,-1
2582,2016-06,0,-1
2582,2016-10,0,-1
2582,2017-02,0,-1
2582,2017-06,0,-1
2582,2017-10,0,-1
2583,2015-04,0,-1
2583,2015-07,0,-1
2583,2015-10,0,-1
2583,2016-02,0,-1
2583,2016-06,0,-1
2583,2016-10,0,-1
2583,2017-02,0,-1
2583,2017-06,0,-1
2583,2017-10,0,-1
2584,2015-04,0,-1
2584,2015-07,0,-1
2584,2015-10,0,-1
2584,2016-02,0,-1
2584,2016-06,0,-1
2584,2016-10,0,-1
2584,2017-02,0,-1
2584,2017-06,0,-1
2584,2017-10,0,-1
2585,2015-04,0,-1
2585,2015-07,0,-1
2585,2015-10,0,-1
2585,2016-02,0,-1
2585,2016-06,0,-1
2585,2016-10,0,-1
2585,2017-02,0,-1
2585,2017-06,0,-1
2585,2017-10,1,-1
2586,2015-04,0,-1
2586,2015-07,0,-1
2586,2015-10,0,-1
2586,2016-02,0,-1
2586,2016-06,0,-1
2586,2016-10,0,-1
2586,2017-02,0,-1
2586,2017-06,0,-1
2586,2017-10,0,-1
2587,2015-04,0,-1
2587,2015-07,1,-1
2587,2015-10,0,-1
2587,2016-02,1,-1
2587,2016-06,0,-1
2587,2016-10,0,-1
2587,2017-02,0,-1
2587,2017-06,0,-1
2587,2017-10,1,-1
2588,2015-04,0,-1
2588,2015-07,0,-1
2588,2015-10,0,-1
2588,2016-02,0,-1
2588,2016-06,0,-1
2588,2016-10,0,-1
2588,2017-02,0,-1
2588,2017-06,0,-1
2588,2017-10,0,-1
2589,2015-04,0,-1
2589,2015-07,1,-1
2589,2015-10,0,-1
2589,2016-02,1,-1
2589,2016-06,1,-1
2589,2016-10,0,-1
2589,2017-02,0,-1
2589,2017-06,0,-1
2589,2017-10,1,-1
2590,2015-04,0,-1
2590,2015-07,0,-1
2590,2015-10,0,-1
2590,2016-02,0,-1
2590,2016-06,0,-1
2590,2016-10,0,-1
2590,2017-02,0,-1
2590,2017-06,0,-1
2590,2017-10,1,-1
2591,2015-04,0,-1
2591,2015-07,0,-1
2591,2015-10,0,-1
2591,2016-02,0,-1
2591,2016-06,0,-1
2591,2016-10,0,-1
2591,2017-02,0,-1
2591,2017-06,0,-1
2591,2017-10,1,-1
2592,2015-04,0,-1
2592,2015-07,0,-1
2592,2015-10,0,-1
2592,2016-02,0,-1
2592,2016-06,0,-1
2592,2016-10,0,-1
2592,2017-02,0,-1
2592,2017-06,0,-1
2592,2017-10,0,-1
2593,2015-04,0,-1
2593,2015-07,0,-1
2593,2015-10,0,-1
2593,2016-02,0,-1
2593,2016-06,0,-1
2593,2016-10,0,-1
2593,2017-02,0,-1
2593,2017-06,0,-1
2593,2017-10,0,-1
2594,2015-04,0,-1
2594,2015-07,0,-1
2594,2015-10,0,-1
2594,2016-02,0,-1
2594,2016-06,0,-1
2594,2016-10,0,-1
2594,2017-02,0,-1
2594,2017-06,0,-1
2594,2017-10,0,-1
2595,2015-04,0,-1
2595,2015-07,0,-1
2595,2015-10,0,-1
2595,2016-02,0,-1
2595,2016-06,0,-1
2595,2016-10,0,-1
2595,2017-02,0,-1
2595,2017-06,0,-1
2595,2017-10,0,-1
2596,2015-04,0,-1
2596,2015-07,0,-1
2596,2015-10,0,-1
2596,2016-02,0,-1
2596,2016-06,0,-1
2596,2016-10,0,-1
2596,2017-02,0,-1
2596,2017-06,0,-1
2596,2017-10,0,-1
2597,2015-04,0,-1
2597,2015-07,1,-1
2597,2015-10,1,-1
2597,2016-02,1,-1
2597,2016-06,1,-1
2597,2016-10,0,-1
2597,2017-02,1,-1
2597,2017-06,1,-1
2597,2017-10,0,-1
2598,2015-04,0,-1
2598,2015-07,0,-1
2598,2015-10,0,-1
2598,2016-02,0,-1
2598,2016-06,0,-1
2598,2016-10,1,-1
2598,2017-02,1,-1
2598,2017-06,1,-1
2598,2017-10,0,-1
2599,2015-04,0,-1
2599,2015-07,1,-1
2599,2015-10,1,-1
2599,2016-02,1,-1
2599,2016-06,0,-1
2599,2016-10,0,-1
2599,2017-02,0,-1
2599,2017-06,0,-1
2599,2017-10,0,-1
2600,2015-04,0,-1
2600,2015-07,0,-1
2600,2015-10,0,-1
2600,2016-02,1,-1
2600,2016-06,0,-1
2600,2016-10,0,-1
2600,2017-02,0,-1
2600,2017-06,0,-1
2600,2017-10,0,-1
2601,2015-04,0,-1
2601,2015-07,0,-1
2601,2015-10,0,-1
2601,2016-02,0,-1
2601,2016-06,0,-1
2601,2016-10,0,-1
2601,2017-02,0,-1
2601,2017-06,0,-1
2601,2017-10,0,-1
2602,2015-04,0,-1
2602,2015-07,0,-1
2602,2015-10,0,-1
2602,2016-02,0,-1
2602,2016-06,0,-1
2602,2016-10,0,-1
2602,2017-02,0,-1
2602,2017-06,0,-1
2602,2017-10,0,-1
2603,2015-04,0,-1
2603,2015-07,0,-1
2603,2015-10,0,-1
2603,2016-02,0,-1
2603,2016-06,0,-1
2603,2016-10,1,-1
2603,2017-02,0,-1
2603,2017-06,0,-1
2603,2017-10,0,-1
2604,2015-04,0,-1
2604,2015-07,1,-1
2604,2015-10,1,-1
2604,2016-02,1,-1
2604,2016-06,1,-1
2604,2016-10,0,-1
2604,2017-02,1,-1
2604,2017-06,1,-1
2604,2017-10,0,-1
2605,2015-04,0,-1
2605,2015-07,0,-1
2605,2015-10,0,-1
2605,2016-02,0,-1
2605,2016-06,0,-1
2605,2016-10,1,-1
2605,2017-02,0,-1
2605,2017-06,0,-1
2605,2017-10,0,-1
2606,2015-04,0,-1
2606,2015-07,0,-1
2606,2015-10,0,-1
2606,2016-02,0,-1
2606,2016-06,0,-1
2606,2016-10,0,-1
2606,2017-02,0,-1
2606,2017-06,0,-1
2606,2017-10,0,-1
2607,2015-04,0,-1
2607,2015-07,0,-1
2607,2015-10,0,-1
2607,2016-02,0,-1
2607,2016-06,0,-1
2607,2016-10,0,-1
2607,2017-02,0,-1
2607,2017-06,0,-1
2607,2017-10,0,-1
2608,2015-04,0,-1
2608,2015-07,0,-1
2608,2015-10,0,-1
2608,2016-02,0,-1
2608,2016-06,0,-1
2608,2016-10,0,-1
2608,2017-02,0,-1
2608,2017-06,0,-1
2608,2017-10,0,-1
2609,2015-04,0,-1
2609,2015-07,0,-1
2609,2015-10,0,-1
2609,2016-02,0,-1
2609,2016-06,0,-1
2609,2016-10,1,-1
2609,2017-02,1,-1
2609,2017-06,1,-1
2609,2017-10,0,-1
2610,2015-04,0,-1
2610,2015-07,0,-1
2610,2015-10,0,-1
2610,2016-02,0,-1
2610,2016-06,0,-1
2610,2016-10,1,-1
2610,2017-02,0,-1
2610,2017-06,0,-1
2610,2017-10,0,-1
2611,2015-04,0,-1
2611,2015-07,1,-1
2611,2015-10,0,-1
2611,2016-02,1,-1
2611,2016-06,0,-1
2611,2016-10,1,-1
2611,2017-02,1,-1
2611,2017-06,1,-1
2611,2017-10,0,-1
2612,2015-04,0,-1
2612,2015-07,0,-1
2612,2015-10,0,-1
2612,2016-02,0,-1
2612,2016-06,0,-1
2612,2016-10,0,-1
2612,2017-02,0,-1
2612,2017-06,0,-1
2612,2017-10,0,-1
2613,2015-04,0,-1
2613,2015-07,0,-1
2613,2015-10,0,-1
2613,2016-02,0,-1
2613,2016-06,0,-1
2613,2016-10,1,-1
2613,2017-02,1,-1
2613,2017-06,1,-1
2613,2017-10,0,-1
2614,2015-04,0,-1
2614,2015-07,0,-1
2614,2015-10,0,-1
2614,2016-02,1,-1
2614,2016-06,1,-1
2614,2016-10,0,-1
2614,2017-02,0,-1
2614,2017-06,0,-1
2614,2017-10,0,-1
2615,2015-04,0,-1
2615,2015-07,0,-1
2615,2015-10,0,-1
2615,2016-02,0,-1
2615,2016-06,0,-1
2615,2016-10,0,-1
2615,2017-02,0,-1
2615,2017-06,0,-1
2615,2017-10,0,-1
2616,2015-04,0,-1
2616,2015-07,0,-1
2616,2015-10,0,-1
2616,2016-02,0,-1
2616,2016-06,0,-1
2616,2016-10,0,-1
2616,2017-02,0,-1
2616,2017-06,0,-1
2616,2017-10,0,-1
2617,2015-04,0,-1
2617,2015-07,0,-1
2617,2015-10,0,-1
2617,2016-02,0,-1
2617,2016-06,0,-1
2617,2016-10,0,-1
2617,2017-02,0,-1
2617,2017-06,0,-1
2617,2017-10,0,-1
2618,2015-04,0,-1
2618,2015-07,0,-1
2618,2015-10,0,-1
2618,2016-02,0,-1
2618,2016-06,0,-1
2618,2016-10,0,-1
2618,2017-02,0,-1
2618,2017-06,0,-1
2618,2017-10,0,-1
2619,2015-04,0,-1
2619,2015-07,0,-1
2619,2015-10,0,-1
2619,2016-02,0,-1
2619,2016-06,0,-1
2619,2016-10,0,-1
2619,2017-02,0,-1
2619,2017-06,0,-1
2619,2017-10,0,-1
2620,2015-04,0,-1
2620,2015-07,1,-1
2620,2015-10,1,-1
2620,2016-02,1,-1
2620,2016-06,1,-1
2620,2016-10,0,-1
2620,2017-02,1,-1
2620,2017-06,1,-1
2620,2017-10,0,-1
2621,2015-04,0,-1
2621,2015-07,0,-1
2621,2015-10,0,-1
2621,2016-02,0,-1
2621,2016-06,0,-1
2621,2016-10,0,-1
2621,2017-02,0,-1
2621,2017-06,0,-1
2621,2017-10,0,-1
2622,2015-04,0,-1
2622,2015-07,0,-1
2622,2015-10,0,-1
2622,2016-02,0,-1
2622,2016-06,0,-1
2622,2016-10,0,-1
2622,2017-02,0,-1
2622,2017-06,0,-1
2622,2017-10,0,-1
2623,2015-04,0,-1
2623,2015-07,0,-1
2623,2015-10,0,-1
2623,2016-02,0,-1
2623,2016-06,0,-1
2623,2016-10,1,-1
2623,2017-02,0,-1
2623,2017-06,0,-1
2623,2017-10,0,-1
2624,2015-04,0,-1
2624,2015-07,0,-1
2624,2015-10,0,-1
2624,2016-02,1,-1
2624,2016-06,0,-1
2624,2016-10,0,-1
2624,2017-02,0,-1
2624,2017-06,0,-1
2624,2017-10,0,-1
2625,2015-04,0,-1
2625,2015-07,0,-1
2625,2015-10,0,-1
2625,2016-02,0,-1
2625,2016-06,0,-1
2625,2016-10,0,-1
2625,2017-02,0,-1
2625,2017-06,0,-1
2625,2017-10,0,-1
2626,2015-04,0,-1
2626,2015-07,0,-1
2626,2015-10,0,-1
2626,2016-02,0,-1
2626,2016-06,0,-1
2626,2016-10,0,-1
2626,2017-02,0,-1
2626,2017-06,0,-1
2626,2017-10,0,-1
2627,2015-04,0,-1
2627,2015-07,0,-1
2627,2015-10,0,-1
2627,2016-02,0,-1
2627,2016-06,0,-1
2627,2016-10,0,-1
2627,2017-02,0,-1
2627,2017-06,0,-1
2627,2017-10,0,-1
2628,2015-04,0,-1
2628,2015-07,0,-1
2628,2015-10,0,-1
2628,2016-02,0,-1
2628,2016-06,0,-1
2628,2016-10,1,-1
2628,2017-02,0,-1
2628,2017-06,0,-1
2628,2017-10,0,-1
2629,2015-04,0,-1
2629,2015-07,0,-1
2629,2015-10,0,-1
2629,2016-02,0,-1
2629,2016-06,0,-1
2629,2016-10,0,-1
2629,2017-02,1,-1
2629,2017-06,1,-1
2629,2017-10,0,-1
2630,2015-04,0,-1
2630,2015-07,1,-1
2630,2015-10,0,-1
2630,2016-02,0,-1
2630,2016-06,0,-1
2630,2016-10,0,-1
2630,2017-02,0,-1
2630,2017-06,0,-1
2630,2017-10,0,-1
2631,2015-04,0,-1
2631,2015-07,0,-1
2631,2015-10,0,-1
2631,2016-02,0,-1
2631,2016-06,0,-1
2631,2016-10,1,-1
2631,2017-02,1,-1
2631,2017-06,1,-1
2631,2017-10,0,-1
2632,2015-04,0,-1
2632,2015-07,0,-1
2632,2015-10,0,-1
2632,2016-02,0,-1
2632,2016-06,0,-1
2632,2016-10,0,-1
2632,2017-02,0,-1
2632,2017-06,0,-1
2632,2017-10,0,-1
2633,2015-04,0,-1
2633,2015-07,0,-1
2633,2015-10,0,-1
2633,2016-02,0,-1
2633,2016-06,0,-1
2633,2016-10,1,-1
2633,2017-02,1,-1
2633,2017-06,1,-1
2633,2017-10,0,-1
2634,2015-04,0,-1
2634,2015-07,0,-1
2634,2015-10,0,-1
2634,2016-02,0,-1
2634,2016-06,0,-1
2634,2016-10,0,-1
2634,2017-02,0,-1
2634,2017-06,0,-1
2634,2017-10,0,-1
2635,2015-04,0,-1
2635,2015-07,0,-1
2635,2015-10,0,-1
2635,2016-02,0,-1
2635,2016-06,0,-1
2635,2016-10,0,-1
2635,2017-02,0,-1
2635,2017-06,0,-1
2635,2017-10,0,-1
2636,2015-04,0,-1
2636,2015-07,0,-1
2636,2015-10,0,-1
2636,2016-02,0,-1
2636,2016-06,0,-1
2636,2016-10,1,-1
2636,2017-02,0,-1
2636,2017-06,0,-1
2636,2017-10,0,-1
2637,2015-04,0,-1
2637,2015-07,0,-1
2637,2015-10,0,-1
2637,2016-02,0,-1
2637,2016-06,0,-1
2637,2016-10,1,-1
2637,2017-02,0,-1
2637,2017-06,0,-1
2637,2017-10,0,-1
2638,2015-04,0,-1
2638,2015-07,1,-1
2638,2015-10,0,-1
2638,2016-02,1,-1
2638,2016-06,0,-1
2638,2016-10,1,-1
2638,2017-02,1,-1
2638,2017-06,1,-1
2638,2017-10,0,-1
2639,2015-04,0,-1
2639,2015-07,0,-1
2639,2015-10,0,-1
2639,2016-02,0,-1
2639,2016-06,0,-1
2639,2016-10,1,-1
2639,2017-02,1,-1
2639,2017-06,1,-1
2639,2017-10,0,-1
2640,2015-04,0,-1
2640,2015-07,0,-1
2640,2015-10,0,-1
2640,2016-02,0,-1
2640,2016-06,0,-1
2640,2016-10,0,-1
2640,2017-02,0,-1
2640,2017-06,0,-1
2640,2017-10,0,-1
2641,2015-04,0,-1
2641,2015-07,0,-1
2641,2015-10,0,-1
2641,2016-02,0,-1
2641,2016-06,0,-1
2641,2016-10,0,-1
2641,2017-02,0,-1
2641,2017-06,0,-1
2641,2017-10,0,-1
2642,2015-04,0,-1
2642,2015-07,1,-1
2642,2015-10,0,-1
2642,2016-02,0,-1
2642,2016-06,0,-1
2642,2016-10,0,-1
2642,2017-02,1,-1
2642,2017-06,1,-1
2642,2017-10,0,-1
2643,2015-04,0,-1
2643,2015-07,0,-1
2643,2015-10,0,-1
2643,2016-02,0,-1
2643,2016-06,0,-1
2643,2016-10,0,-1
2643,2017-02,0,-1
2643,2017-06,0,-1
2643,2017-10,0,-1
2644,2015-04,0,-1
2644,2015-07,0,-1
2644,2015-10,0,-1
2644,2016-02,0,-1
2644,2016-06,0,-1
2644,2016-10,1,-1
2644,2017-02,0,-1
2644,2017-06,0,-1
2644,2017-10,0,-1
2645,2015-04,0,-1
2645,2015-07,0,-1
2645,2015-10,0,-1
2645,2016-02,0,-1
2645,2016-06,0,-1
2645,2016-10,1,-1
2645,2017-02,0,-1
2645,2017-06,1,-1
2645,2017-10,0,-1
2646,2015-04,0,-1
2646,2015-07,0,-1
2646,2015-10,0,-1
2646,2016-02,0,-1
2646,2016-06,0,-1
2646,2016-10,1,-1
2646,2017-02,1,-1
2646,2017-06,1,-1
2646,2017-10,0,-1
2647,2015-04,0,-1
2647,2015-07,0,-1
2647,2015-10,0,-1
2647,2016-02,0,-1
2647,2016-06,0,-1
2647,2016-10,1,-1
2647,2017-02,1,-1
2647,2017-06,0,-1
2647,2017-10,0,-1
2648,2015-04,0,-1
2648,2015-07,0,-1
2648,2015-10,0,-1
2648,2016-02,0,-1
2648,2016-06,0,-1
2648,2016-10,1,-1
2648,2017-02,0,-1
2648,2017-06,1,-1
2648,2017-10,0,-1
2649,2015-04,0,-1
2649,2015-07,0,-1
2649,2015-10,0,-1
2649,2016-02,0,-1
2649,2016-06,0,-1
2649,2016-10,1,-1
2649,2017-02,0,-1
2649,2017-06,0,-1
2649,2017-10,0,-1
2650,2015-04,0,-1
2650,2015-07,1,-1
2650,2015-10,0,-1
2650,2016-02,0,-1
2650,2016-06,0,-1
2650,2016-10,1,-1
2650,2017-02,1,-1
2650,2017-06,0,-1
2650,2017-10,0,-1
2651,2015-04,0,-1
2651,2015-07,1,-1
2651,2015-10,0,-1
2651,2016-02,0,-1
2651,2016-06,0,-1
2651,2016-10,1,-1
2651,2017-02,1,-1
2651,2017-06,1,-1
2651,2017-10,0,-1
2652,2015-04,0,-1
2652,2015-07,0,-1
2652,2015-10,0,-1
2652,2016-02,1,-1
2652,2016-06,0,-1
2652,2016-10,1,-1
2652,2017-02,1,-1
2652,2017-06,0,-1
2652,2017-10,0,-1
2653,2015-04,0,-1
2653,2015-07,0,-1
2653,2015-10,0,-1
2653,2016-02,0,-1
2653,2016-06,0,-1
2653,2016-10,1,-1
2653,2017-02,1,-1
2653,2017-06,1,-1
2653,2017-10,0,-1
2654,2015-04,0,-1
2654,2015-07,0,-1
2654,2015-10,0,-1
2654,2016-02,0,-1
2654,2016-06,0,-1
2654,2016-10,0,-1
2654,2017-02,0,-1
2654,2017-06,0,-1
2654,2017-10,0,-1
2655,2015-04,0,-1
2655,2015-07,0,-1
2655,2015-10,0,-1
2655,2016-02,0,-1
2655,2016-06,0,-1
2655,2016-10,1,-1
2655,2017-02,1,-1
2655,2017-06,0,-1
2655,2017-10,0,-1
2656,2015-04,0,-1
2656,2015-07,0,-1
2656,2015-10,0,-1
2656,2016-02,0,-1
2656,2016-06,0,-1
2656,2016-10,1,-1
2656,2017-02,0,-1
2656,2017-06,0,-1
2656,2017-10,0,-1
2657,2015-04,0,-1
2657,2015-07,0,-1
2657,2015-10,0,-1
2657,2016-02,0,-1
2657,2016-06,0,-1
2657,2016-10,1,-1
2657,2017-02,0,-1
2657,2017-06,0,-1
2657,2017-10,0,-1
2658,2015-04,0,-1
2658,2015-07,0,-1
2658,2015-10,0,-1
2658,2016-02,0,-1
2658,2016-06,0,-1
2658,2016-10,1,-1
2658,2017-02,0,-1
2658,2017-06,0,-1
2658,2017-10,0,-1
2659,2015-04,0,-1
2659,2015-07,0,-1
2659,2015-10,0,-1
2659,2016-02,0,-1
2659,2016-06,0,-1
2659,2016-10,1,-1
2659,2017-02,1,-1
2659,2017-06,1,-1
2659,2017-10,0,-1
2660,2015-04,0,-1
2660,2015-07,1,-1
2660,2015-10,0,-1
2660,2016-02,0,-1
2660,2016-06,0,-1
2660,2016-10,1,-1
2660,2017-02,1,-1
2660,2017-06,1,-1
2660,2017-10,0,-1
2661,2015-04,0,-1
2661,2015-07,1,-1
2661,2015-10,0,-1
2661,2016-02,1,-1
2661,2016-06,0,-1
2661,2016-10,1,-1
2661,2017-02,1,-1
2661,2017-06,0,-1
2661,2017-10,0,-1
2662,2015-04,0,-1
2662,2015-07,0,-1
2662,2015-10,0,-1
2662,2016-02,0,-1
2662,2016-06,0,-1
2662,2016-10,1,-1
2662,2017-02,1,-1
2662,2017-06,0,-1
2662,2017-10,0,-1
2663,2015-04,0,-1
2663,2015-07,0,-1
2663,2015-10,0,-1
2663,2016-02,0,-1
2663,2016-06,0,-1
2663,2016-10,1,-1
2663,2017-02,1,-1
2663,2017-06,0,-1
2663,2017-10,0,-1
2664,2015-04,0,-1
2664,2015-07,1,-1
2664,2015-10,0,-1
2664,2016-02,0,-1
2664,2016-06,0,-1
2664,2016-10,1,-1
2664,2017-02,1,-1
2664,2017-06,1,-1
2664,2017-10,0,-1
2665,2015-04,0,-1
2665,2015-07,0,-1
2665,2015-10,0,-1
2665,2016-02,0,-1
2665,2016-06,0,-1
2665,2016-10,1,-1
2665,2017-02,1,-1
2665,2017-06,0,-1
2665,2017-10,0,-1
2666,2015-04,0,-1
2666,2015-07,0,-1
2666,2015-10,0,-1
2666,2016-02,0,-1
2666,2016-06,0,-1
2666,2016-10,1,-1
2666,2017-02,1,-1
2666,2017-06,0,-1
2666,2017-10,0,-1
2667,2015-04,0,-1
2667,2015-07,0,-1
2667,2015-10,0,-1
2667,2016-02,0,-1
2667,2016-06,0,-1
2667,2016-10,0,-1
2667,2017-02,0,-1
2667,2017-06,0,-1
2667,2017-10,0,-1
2668,2015-04,0,-1
2668,2015-07,0,-1
2668,2015-10,0,-1
2668,2016-02,0,-1
2668,2016-06,0,-1
2668,2016-10,0,-1
2668,2017-02,0,-1
2668,2017-06,0,-1
2668,2017-10,0,-1
2669,2015-04,0,-1
2669,2015-07,0,-1
2669,2015-10,0,-1
2669,2016-02,0,-1
2669,2016-06,0,-1
2669,2016-10,0,-1
2669,2017-02,0,-1
2669,2017-06,0,-1
2669,2017-10,0,-1
2670,2015-04,0,-1
2670,2015-07,0,-1
2670,2015-10,0,-1
2670,2016-02,0,-1
2670,2016-06,0,-1
2670,2016-10,0,-1
2670,2017-02,0,-1
2670,2017-06,0,-1
2670,2017-10,0,-1
2671,2015-04,0,-1
2671,2015-07,0,-1
2671,2015-10,0,-1
2671,2016-02,0,-1
2671,2016-06,0,-1
2671,2016-10,0,-1
2671,2017-02,0,-1
2671,2017-06,0,-1
2671,2017-10,0,-1
2672,2015-04,0,-1
2672,2015-07,0,-1
2672,2015-10,0,-1
2672,2016-02,0,-1
2672,2016-06,0,-1
2672,2016-10,0,-1
2672,2017-02,0,-1
2672,2017-06,0,-1
2672,2017-10,0,-1
2673,2015-04,0,-1
2673,2015-07,0,-1
2673,2015-10,0,-1
2673,2016-02,0,-1
2673,2016-06,0,-1
2673,2016-10,0,-1
2673,2017-02,0,-1
2673,2017-06,0,-1
2673,2017-10,0,-1
2674,2015-04,0,-1
2674,2015-07,0,-1
2674,2015-10,0,-1
2674,2016-02,0,-1
2674,2016-06,0,-1
2674,2016-10,0,-1
2674,2017-02,0,-1
2674,2017-06,0,-1
2674,2017-10,0,-1
2675,2015-04,0,-1
2675,2015-07,0,-1
2675,2015-10,0,-1
2675,2016-02,0,-1
2675,2016-06,0,-1
2675,2016-10,0,-1
2675,2017-02,0,-1
2675,2017-06,0,-1
2675,2017-10,0,-1
2676,2015-04,0,-1
2676,2015-07,1,-1
2676,2015-10,0,-1
2676,2016-02,1,-1
2676,2016-06,1,-1
2676,2016-10,0,-1
2676,2017-02,0,-1
2676,2017-06,0,-1
2676,2017-10,0,-1
2677,2015-04,0,-1
2677,2015-07,0,-1
2677,2015-10,0,-1
2677,2016-02,0,-1
2677,2016-06,0,-1
2677,2016-10,0,-1
2677,2017-02,0,-1
2677,2017-06,0,-1
2677,2017-10,0,-1
2678,2015-04,0,-1
2678,2015-07,0,-1
2678,2015-10,0,-1
2678,2016-02,0,-1
2678,2016-06,0,-1
2678,2016-10,0,-1
2678,2017-02,0,-1
2678,2017-06,0,-1
2678,2017-10,0,-1
2679,2015-04,0,4
2679,2015-07,0,4
2679,2015-10,0,4
2679,2016-02,0,4
2679,2016-06,0,4
2679,2016-10,0,4
2679,2017-02,0,4
2679,2017-06,0,4
2679,2017-10,0,4
2680,2015-04,0,4
2680,2015-07,0,4
2680,2015-10,0,4
2680,2016-02,0,4
2680,2016-06,0,4
2680,2016-10,0,4
2680,2017-02,0,4
2680,2017-06,0,4
2680,2017-10,0,4
2681,2015-04,0,4
2681,2015-07,0,4
2681,2015-10,0,4
2681,2016-02,0,4
2681,2016-06,0,4
2681,2016-10,0,4
2681,2017-02,0,4
2681,2017-06,0,4
2681,2017-10,0,4
2682,2015-04,0,4
2682,2015-07,0,4
2682,2015-10,0,4
2682,2016-02,0,4
2682,2016-06,0,4
2682,2016-10,0,4
2682,2017-02,0,4
2682,2017-06,0,4
2682,2017-10,0,4
2683,2015-04,0,4
2683,2015-07,0,4
2683,2015-10,0,4
2683,2016-02,0,4
2683,2016-06,0,4
2683,2016-10,0,4
2683,2017-02,0,4
2683,2017-06,0,4
2683,2017-10,0,4
2684,2015-04,0,4
2684,2015-07,0,4
2684,2015-10,0,4
2684,2016-02,0,4
2684,2016-06,0,4
2684,2016-10,0,4
2684,2017-02,0,4
2684,2017-06,0,4
2684,2017-10,0,4
2685,2015-04,0,4
2685,2015-07,0,4
2685,2015-10,0,4
2685,2016-02,0,4
2685,2016-06,0,4
2685,2016-10,0,4
2685,2017-02,0,4
2685,2017-06,0,4
2685,2017-10,0,4
2686,2015-04,0,4
2686,2015-07,0,4
2686,2015-10,0,4
2686,2016-02,0,4
2686,2016-06,0,4
2686,2016-10,0,4
2686,2017-02,0,4
2686,2017-06,0,4
2686,2017-10,0,4
2687,2015-04,0,4
2687,2015-07,0,4
2687,2015-10,0,4
2687,2016-02,0,4
2687,2016-06,0,4
2687,2016-10,0,4
2687,2017-02,0,4
2687,2017-06,0,4
2687,2017-10,0,4
2688,2015-04,0,4
2688,2015-07,0,4
2688,2015-10,0,4
2688,2016-02,0,4
2688,2016-06,0,4
2688,2016-10,0,4
2688,2017-02,0,4
2688,2017-06,0,4
2688,2017-10,0,4
2689,2015-04,0,4
2689,2015-07,0,4
2689,2015-10,0,4
2689,2016-02,0,4
2689,2016-06,0,4
2689,2016-10,0,4
2689,2017-02,0,4
2689,2017-06,0,4
2689,2017-10,0,4
2690,2015-04,0,4
2690,2015-07,0,4
2690,2015-10,0,4
2690,2016-02,0,4
2690,2016-06,0,4
2690,2016-10,0,4
2690,2017-02,0,4
2690,2017-06,0,4
2690,2017-10,0,4
2691,2015-04,0,4
2691,2015-07,0,4
2691,2015-10,0,4
2691,2016-02,0,4
2691,2016-06,0,4
2691,2016-10,0,4
2691,2017-02,0,4
2691,2017-06,0,4
2691,2017-10,0,4
2692,2015-04,0,4
2692,2015-07,0,4
2692,2015-10,0,4
2692,2016-02,0,4
2692,2016-06,0,4
2692,2016-10,0,4
2692,2017-02,0,4
2692,2017-06,0,4
2692,2017-10,0,4
2693,2015-04,0,4
2693,2015-07,0,4
2693,2015-10,0,4
2693,2016-02,0,4
2693,2016-06,0,4
2693,2016-10,0,4
2693,2017-02,0,4
2693,2017-06,0,4
2693,2017-10,0,4
2694,2015-04,0,4
2694,2015-07,0,4
2694,2015-10,0,4
2694,2016-02,0,4
2694,2016-06,0,4
2694,2016-10,0,4
2694,2017-02,0,4
2694,2017-06,0,4
2694,2017-10,0,4
2695,2015-04,0,4
2695,2015-07,0,4
2695,2015-10,0,4
2695,2016-02,0,4
2695,2016-06,0,4
2695,2016-10,0,4
2695,2017-02,0,4
2695,2017-06,0,4
2695,2017-10,0,4
2696,2015-04,0,4
2696,2015-07,0,4
2696,2015-10,0,4
2696,2016-02,0,4
2696,2016-06,0,4
2696,2016-10,0,4
2696,2017-02,0,4
2696,2017-06,0,4
2696,2017-10,0,4
2697,2015-04,0,4
2697,2015-07,0,4
2697,2015-10,0,4
2697,2016-02,0,4
2697,2016-06,0,4
2697,2016-10,0,4
2697,2017-02,0,4
2697,2017-06,0,4
2697,2017-10,0,4
2698,2015-04,0,4
2698,2015-07,0,4
2698,2015-10,0,4
2698,2016-02,0,4
2698,2016-06,0,4
2698,2016-10,0,4
2698,2017-02,0,4
2698,2017-06,0,4
2698,2017-10,0,4
2699,2015-04,0,4
2699,2015-07,0,4
2699,2015-10,0,4
2699,2016-02,0,4
2699,2016-06,0,4
2699,2016-10,0,4
2699,2017-02,0,4
2699,2017-06,0,4
2699,2017-10,0,4
2700,2015-04,0,4
2700,2015-07,0,4
2700,2015-10,0,4
2700,2016-02,0,4
2700,2016-06,0,4
2700,2016-10,0,4
2700,2017-02,0,4
2700,2017-06,0,4
2700,2017-10,0,4
2701,2015-04,0,4
2701,2015-07,0,4
2701,2015-10,0,4
2701,2016-02,0,4
2701,2016-06,0,4
2701,2016-10,0,4
2701,2017-02,0,4
2701,2017-06,0,4
2701,2017-10,0,4
2702,2015-04,0,4
2702,2015-07,0,4
2702,2015-10,0,4
2702,2016-02,0,4
2702,2016-06,0,4
2702,2016-10,0,4
2702,2017-02,0,4
2702,2017-06,0,4
2702,2017-10,0,4
2703,2015-04,0,4
2703,2015-07,0,4
2703,2015-10,0,4
2703,2016-02,0,4
2703,2016-06,0,4
2703,2016-10,0,4
2703,2017-02,0,4
2703,2017-06,0,4
2703,2017-10,0,4
2704,2015-04,0,4
2704,2015-07,0,4
2704,2015-10,0,4
2704,2016-02,0,4
2704,2016-06,0,4
2704,2016-10,0,4
2704,2017-02,0,4
2704,2017-06,0,4
2704,2017-10,0,4
2705,2015-04,0,4
2705,2015-07,0,4
2705,2015-10,0,4
2705,2016-02,0,4
2705,2016-06,0,4
2705,2016-10,0,4
2705,2017-02,0,4
2705,2017-06,0,4
2705,2017-10,0,4
2706,2015-04,0,4
2706,2015-07,0,4
2706,2015-10,0,4
2706,2016-02,0,4
2706,2016-06,0,4
2706,2016-10,0,4
2706,2017-02,0,4
2706,2017-06,0,4
2706,2017-10,0,4
2707,2015-04,0,4
2707,2015-07,0,4
2707,2015-10,0,4
2707,2016-02,0,4
2707,2016-06,0,4
2707,2016-10,0,4
2707,2017-02,0,4
2707,2017-06,0,4
2707,2017-10,0,4
2708,2015-04,0,4
2708,2015-07,0,4
2708,2015-10,0,4
2708,2016-02,0,4
2708,2016-06,0,4
2708,2016-10,0,4
2708,2017-02,0,4
2708,2017-06,0,4
2708,2017-10,0,4
2709,2015-04,0,4
2709,2015-07,0,4
2709,2015-10,0,4
2709,2016-02,0,4
2709,2016-06,0,4
2709,2016-10,0,4
2709,2017-02,0,4
2709,2017-06,0,4
2709,2017-10,0,4
2710,2015-04,0,4
2710,2015-07,0,4
2710,2015-10,0,4
2710,2016-02,0,4
2710,2016-06,0,4
2710,2016-10,0,4
2710,2017-02,0,4
2710,2017-06,0,4
2710,2017-10,0,4
2711,2015-04,0,4
2711,2015-07,0,4
2711,2015-10,0,4
2711,2016-02,0,4
2711,2016-06,0,4
2711,2016-10,0,4
2711,2017-02,0,4
2711,2017-06,0,4
2711,2017-10,0,4
2712,2015-04,0,4
2712,2015-07,0,4
2712,2015-10,0,4
2712,2016-02,0,4
2712,2016-06,0,4
2712,2016-10,0,4
2712,2017-02,0,4
2712,2017-06,0,4
2712,2017-10,0,4
2713,2015-04,0,4
2713,2015-07,0,4
2713,2015-10,0,4
2713,2016-02,0,4
2713,2016-06,0,4
2713,2016-10,0,4
2713,2017-02,0,4
2713,2017-06,0,4
2713,2017-10,0,4
2714,2015-04,0,4
2714,2015-07,0,4
2714,2015-10,0,4
2714,2016-02,0,4
2714,2016-06,0,4
2714,2016-10,0,4
2714,2017-02,0,4
2714,2017-06,0,4
2714,2017-10,0,4
2715,2015-04,0,4
2715,2015-07,0,4
2715,2015-10,0,4
2715,2016-02,0,4
2715,2016-06,0,4
2715,2016-10,0,4
2715,2017-02,0,4
2715,2017-06,0,4
2715,2017-10,0,4
2716,2015-04,0,4
2716,2015-07,0,4
2716,2015-10,0,4
2716,2016-02,0,4
2716,2016-06,0,4
2716,2016-10,0,4
2716,2017-02,0,4
2716,2017-06,0,4
2716,2017-10,0,4
2717,2015-04,0,4
2717,2015-07,0,4
2717,2015-10,0,4
2717,2016-02,0,4
2717,2016-06,0,4
2717,2016-10,0,4
2717,2017-02,0,4
2717,2017-06,0,4
2717,2017-10,0,4
2718,2015-04,0,4
2718,2015-07,0,4
2718,2015-10,0,4
2718,2016-02,0,4
2718,2016-06,0,4
2718,2016-10,0,4
2718,2017-02,0,4
2718,2017-06,0,4
2718,2017-10,0,4
2719,2015-04,0,4
2719,2015-07,0,4
2719,2015-10,0,4
2719,2016-02,0,4
2719,2016-06,0,4
2719,2016-10,0,4
2719,2017-02,0,4
2719,2017-06,0,4
2719,2017-10,0,4
2720,2015-04,0,4
2720,2015-07,0,4
2720,2015-10,0,4
2720,2016-02,0,4
2720,2016-06,0,4
2720,2016-10,0,4
2720,2017-02,0,4
2720,2017-06,0,4
2720,2017-10,0,4
2721,2015-04,0,4
2721,2015-07,0,4
2721,2015-10,0,4
2721,2016-02,0,4
2721,2016-06,0,4
2721,2016-10,0,4
2721,2017-02,0,4
2721,2017-06,0,4
2721,2017-10,0,4
2722,2015-04,0,4
2722,2015-07,0,4
2722,2015-10,0,4
2722,2016-02,0,4
2722,2016-06,0,4
2722,2016-10,0,4
2722,2017-02,0,4
2722,2017-06,0,4
2722,2017-10,0,4
2723,2015-04,0,4
2723,2015-07,0,4
2723,2015-10,0,4
2723,2016-02,0,4
2723,2016-06,0,4
2723,2016-10,0,4
2723,2017-02,0,4
2723,2017-06,0,4
2723,2017-10,0,4
2724,2015-04,0,4
2724,2015-07,0,4
2724,2015-10,0,4
2724,2016-02,0,4
2724,2016-06,0,4
2724,2016-10,0,4
2724,2017-02,0,4
2724,2017-06,0,4
2724,2017-10,0,4
2725,2015-04,0,4
2725,2015-07,0,4
2725,2015-10,0,4
2725,2016-02,0,4
2725,2016-06,0,4
2725,2016-10,0,4
2725,2017-02,0,4
2725,2017-06,0,4
2725,2017-10,0,4
2726,2015-04,0,4
2726,2015-07,0,4
2726,2015-10,0,4
2726,2016-02,0,4
2726,2016-06,0,4
2726,2016-10,0,4
2726,2017-02,0,4
2726,2017-06,0,4
2726,2017-10,0,4
2727,2015-04,0,4
2727,2015-07,0,4
2727,2015-10,0,4
2727,2016-02,0,4
2727,2016-06,0,4
2727,2016-10,0,4
2727,2017-02,0,4
2727,2017-06,0,4
2727,2017-10,0,4
2728,2015-04,0,4
2728,2015-07,0,4
2728,2015-10,0,4
2728,2016-02,0,4
2728,2016-06,0,4
2728,2016-10,0,4
2728,2017-02,0,4
2728,2017-06,0,4
2728,2017-10,0,4
2729,2015-04,0,4
2729,2015-07,0,4
2729,2015-10,0,4
2729,2016-02,0,4
2729,2016-06,0,4
2729,2016-10,0,4
2729,2017-02,0,4
2729,2017-06,0,4
2729,2017-10,0,4
2730,2015-04,0,4
2730,2015-07,0,4
2730,2015-10,0,4
2730,2016-02,0,4
2730,2016-06,0,4
2730,2016-10,0,4
2730,2017-02,0,4
2730,2017-06,0,4
2730,2017-10,0,4
2731,2015-04,0,4
2731,2015-07,0,4
2731,2015-10,0,4
2731,2016-02,0,4
2731,2016-06,0,4
2731,2016-10,0,4
2731,2017-02,0,4
2731,2017-06,0,4
2731,2017-10,0,4
2732,2015-04,0,4
2732,2015-07,0,4
2732,2015-10,0,4
2732,2016-02,0,4
2732,2016-06,0,4
2732,2016-10,0,4
2732,2017-02,0,4
2732,2017-06,0,4
2732,2017-10,0,4
2733,2015-04,0,4
2733,2015-07,0,4
2733,2015-10,0,4
2733,2016-02,0,4
2733,2016-06,0,4
2733,2016-10,0,4
2733,2017-02,0,4
2733,2017-06,0,4
2733,2017-10,0,4
2734,2015-04,0,4
2734,2015-07,0,4
2734,2015-10,0,4
2734,2016-02,0,4
2734,2016-06,0,4
2734,2016-10,0,4
2734,2017-02,0,4
2734,2017-06,0,4
2734,2017-10,0,4
2735,2015-04,0,4
2735,2015-07,0,4
2735,2015-10,0,4
2735,2016-02,0,4
2735,2016-06,0,4
2735,2016-10,0,4
2735,2017-02,0,4
2735,2017-06,0,4
2735,2017-10,0,4
2736,2015-04,0,4
2736,2015-07,0,4
2736,2015-10,0,4
2736,2016-02,0,4
2736,2016-06,0,4
2736,2016-10,0,4
2736,2017-02,0,4
2736,2017-06,0,4
2736,2017-10,0,4
2737,2015-04,0,4
2737,2015-07,0,4
2737,2015-10,0,4
2737,2016-02,0,4
2737,2016-06,0,4
2737,2016-10,0,4
2737,2017-02,0,4
2737,2017-06,0,4
2737,2017-10,0,4
2738,2015-04,0,4
2738,2015-07,0,4
2738,2015-10,0,4
2738,2016-02,0,4
2738,2016-06,0,4
2738,2016-10,0,4
2738,2017-02,0,4
2738,2017-06,0,4
2738,2017-10,0,4
2739,2015-04,0,4
2739,2015-07,0,4
2739,2015-10,0,4
2739,2016-02,0,4
2739,2016-06,0,4
2739,2016-10,0,4
2739,2017-02,0,4
2739,2017-06,0,4
2739,2017-10,0,4
2740,2015-04,0,4
2740,2015-07,0,4
2740,2015-10,0,4
2740,2016-02,0,4
2740,2016-06,0,4
2740,2016-10,0,4
2740,2017-02,0,4
2740,2017-06,0,4
2740,2017-10,0,4
2741,2015-04,0,3
2741,2015-07,0,3
2741,2015-10,0,3
2741,2016-02,0,3
2741,2016-06,0,3
2741,2016-10,0,3
2741,2017-02,0,3
2741,2017-06,0,3
2741,2017-10,0,3
2742,2015-04,0,3
2742,2015-07,0,3
2742,2015-10,0,3
2742,2016-02,0,3
2742,2016-06,0,3
2742,2016-10,0,3
2742,2017-02,0,3
2742,2017-06,0,3
2742,2017-10,0,3
2743,2015-04,0,4
2743,2015-07,0,4
2743,2015-10,0,4
2743,2016-02,0,4
2743,2016-06,0,4
2743,2016-10,0,4
2743,2017-02,0,4
2743,2017-06,0,4
2743,2017-10,0,4
2744,2015-04,0,4
2744,2015-07,0,4
2744,2015-10,0,4
2744,2016-02,0,4
2744,2016-06,0,4
2744,2016-10,0,4
2744,2017-02,1,4
2744,2017-06,1,4
2744,2017-10,0,4
2745,2015-04,0,4
2745,2015-07,0,4
2745,2015-10,0,4
2745,2016-02,0,4
2745,2016-06,0,4
2745,2016-10,0,4
2745,2017-02,1,4
2745,2017-06,1,4
2745,2017-10,0,4
2746,2015-04,0,4
2746,2015-07,0,4
2746,2015-10,0,4
2746,2016-02,0,4
2746,2016-06,0,4
2746,2016-10,0,4
2746,2017-02,0,4
2746,2017-06,0,4
2746,2017-10,0,4
2747,2015-04,0,4
2747,2015-07,0,4
2747,2015-10,0,4
2747,2016-02,0,4
2747,2016-06,0,4
2747,2016-10,0,4
2747,2017-02,0,4
2747,2017-06,0,4
2747,2017-10,1,4
2748,2015-04,0,4
2748,2015-07,0,4
2748,2015-10,0,4
2748,2016-02,0,4
2748,2016-06,0,4
2748,2016-10,0,4
2748,2017-02,1,4
2748,2017-06,0,4
2748,2017-10,0,4
2749,2015-04,0,3
2749,2015-07,0,3
2749,2015-10,0,3
2749,2016-02,0,3
2749,2016-06,0,3
2749,2016-10,0,3
2749,2017-02,0,3
2749,2017-06,0,3
2749,2017-10,0,3
2750,2015-04,0,4
2750,2015-07,0,4
2750,2015-10,0,4
2750,2016-02,0,4
2750,2016-06,0,4
2750,2016-10,0,4
2750,2017-02,0,4
2750,2017-06,1,4
2750,2017-10,0,4
2751,2015-04,0,3
2751,2015-07,0,3
2751,2015-10,0,3
2751,2016-02,0,3
2751,2016-06,0,3
2751,2016-10,0,3
2751,2017-02,0,3
2751,2017-06,0,3
2751,2017-10,0,3
2752,2015-04,0,4
2752,2015-07,0,4
2752,2015-10,0,4
2752,2016-02,0,4
2752,2016-06,0,4
2752,2016-10,0,4
2752,2017-02,0,4
2752,2017-06,0,4
2752,2017-10,0,4
2753,2015-04,0,4
2753,2015-07,0,4
2753,2015-10,0,4
2753,2016-02,0,4
2753,2016-06,0,4
2753,2016-10,0,4
2753,2017-02,0,4
2753,2017-06,0,4
2753,2017-10,0,4
2754,2015-04,0,4
2754,2015-07,0,4
2754,2015-10,0,4
2754,2016-02,0,4
2754,2016-06,0,4
2754,2016-10,0,4
2754,2017-02,0,4
2754,2017-06,0,4
2754,2017-10,0,4
2755,2015-04,0,4
2755,2015-07,0,4
2755,2015-10,0,4
2755,2016-02,0,4
2755,2016-06,0,4
2755,2016-10,0,4
2755,2017-02,0,4
2755,2017-06,0,4
2755,2017-10,0,4
2756,2015-04,0,3
2756,2015-07,0,3
2756,2015-10,0,3
2756,2016-02,0,3
2756,2016-06,0,3
2756,2016-10,0,3
2756,2017-02,0,3
2756,2017-06,0,3
2756,2017-10,0,3
2757,2015-04,0,4
2757,2015-07,0,4
2757,2015-10,0,4
2757,2016-02,0,4
2757,2016-06,0,4
2757,2016-10,0,4
2757,2017-02,0,4
2757,2017-06,0,4
2757,2017-10,0,4
2758,2015-04,0,3
2758,2015-07,0,3
2758,2015-10,0,3
2758,2016-02,0,3
2758,2016-06,0,3
2758,2016-10,0,3
2758,2017-02,0,3
2758,2017-06,1,3
2758,2017-10,0,3
2759,2015-04,0,4
2759,2015-07,0,4
2759,2015-10,0,4
2759,2016-02,0,4
2759,2016-06,0,4
2759,2016-10,0,4
2759,2017-02,0,4
2759,2017-06,0,4
2759,2017-10,0,4
2760,2015-04,0,4
2760,2015-07,0,4
2760,2015-10,0,4
2760,2016-02,0,4
2760,2016-06,0,4
2760,2016-10,0,4
2760,2017-02,0,4
2760,2017-06,0,4
2760,2017-10,0,4
2761,2015-04,0,4
2761,2015-07,0,4
2761,2015-10,0,4
2761,2016-02,0,4
2761,2016-06,0,4
2761,2016-10,0,4
2761,2017-02,0,4
2761,2017-06,0,4
2761,2017-10,0,4
2762,2015-04,0,3
2762,2015-07,0,3
2762,2015-10,0,3
2762,2016-02,0,3
2762,2016-06,0,3
2762,2016-10,0,3
2762,2017-02,0,3
2762,2017-06,0,3
2762,2017-10,0,3
2763,2015-04,0,4
2763,2015-07,0,4
2763,2015-10,0,4
2763,2016-02,0,4
2763,2016-06,0,4
2763,2016-10,0,4
2763,2017-02,0,4
2763,2017-06,0,4
2763,2017-10,0,4
2764,2015-04,0,3
2764,2015-07,0,3
2764,2015-10,0,3
2764,2016-02,0,3
2764,2016-06,0,3
2764,2016-10,0,3
2764,2017-02,0,3
2764,2017-06,0,3
2764,2017-10,0,3
2765,2015-04,0,3
2765,2015-07,0,3
2765,2015-10,0,3
2765,2016-02,0,3
2765,2016-06,0,3
2765,2016-10,0,3
2765,2017-02,0,3
2765,2017-06,0,3
2765,2017-10,0,3
2766,2015-04,0,3
2766,2015-07,0,3
2766,2015-10,0,3
2766,2016-02,0,3
2766,2016-06,0,3
2766,2016-10,0,3
2766,2017-02,0,3
2766,2017-06,0,3
2766,2017-10,0,3
2767,2015-04,0,3
2767,2015-07,0,3
2767,2015-10,0,3
2767,2016-02,0,3
2767,2016-06,0,3
2767,2016-10,0,3
2767,2017-02,1,3
2767,2017-06,1,3
2767,2017-10,0,3
2768,2015-04,0,3
2768,2015-07,0,3
2768,2015-10,0,3
2768,2016-02,0,3
2768,2016-06,0,3
2768,2016-10,0,3
2768,2017-02,0,3
2768,2017-06,0,3
2768,2017-10,0,3
2769,2015-04,0,3
2769,2015-07,0,3
2769,2015-10,0,3
2769,2016-02,0,3
2769,2016-06,0,3
2769,2016-10,0,3
2769,2017-02,1,3
2769,2017-06,0,3
2769,2017-10,0,3
2770,2015-04,0,3
2770,2015-07,0,3
2770,2015-10,0,3
2770,2016-02,0,3
2770,2016-06,0,3
2770,2016-10,0,3
2770,2017-02,1,3
2770,2017-06,1,3
2770,2017-10,0,3
2771,2015-04,0,3
2771,2015-07,0,3
2771,2015-10,0,3
2771,2016-02,0,3
2771,2016-06,0,3
2771,2016-10,0,3
2771,2017-02,0,3
2771,2017-06,0,3
2771,2017-10,0,3
2772,2015-04,0,3
2772,2015-07,0,3
2772,2015-10,0,3
2772,2016-02,0,3
2772,2016-06,0,3
2772,2016-10,0,3
2772,2017-02,0,3
2772,2017-06,0,3
2772,2017-10,0,3
2773,2015-04,0,3
2773,2015-07,0,3
2773,2015-10,0,3
2773,2016-02,0,3
2773,2016-06,0,3
2773,2016-10,0,3
2773,2017-02,0,3
2773,2017-06,0,3
2773,2017-10,0,3
2774,2015-04,0,3
2774,2015-07,0,3
2774,2015-10,0,3
2774,2016-02,0,3
2774,2016-06,0,3
2774,2016-10,0,3
2774,2017-02,0,3
2774,2017-06,0,3
2774,2017-10,0,3
2775,2015-04,0,3
2775,2015-07,0,3
2775,2015-10,0,3
2775,2016-02,0,3
2775,2016-06,0,3
2775,2016-10,0,3
2775,2017-02,0,3
2775,2017-06,0,3
2775,2017-10,0,3
2776,2015-04,0,3
2776,2015-07,0,3
2776,2015-10,0,3
2776,2016-02,0,3
2776,2016-06,0,3
2776,2016-10,0,3
2776,2017-02,0,3
2776,2017-06,0,3
2776,2017-10,0,3
2777,2015-04,0,3
2777,2015-07,0,3
2777,2015-10,0,3
2777,2016-02,0,3
2777,2016-06,0,3
2777,2016-10,0,3
2777,2017-02,0,3
2777,2017-06,0,3
2777,2017-10,0,3
2778,2015-04,0,3
2778,2015-07,0,3
2778,2015-10,0,3
2778,2016-02,0,3
2778,2016-06,0,3
2778,2016-10,0,3
2778,2017-02,1,3
2778,2017-06,1,3
2778,2017-10,0,3
2779,2015-04,0,3
2779,2015-07,0,3
2779,2015-10,0,3
2779,2016-02,0,3
2779,2016-06,0,3
2779,2016-10,0,3
2779,2017-02,0,3
2779,2017-06,0,3
2779,2017-10,0,3
2780,2015-04,0,3
2780,2015-07,0,3
2780,2015-10,0,3
2780,2016-02,0,3
2780,2016-06,0,3
2780,2016-10,0,3
2780,2017-02,0,3
2780,2017-06,0,3
2780,2017-10,0,3
2781,2015-04,0,3
2781,2015-07,0,3
2781,2015-10,0,3
2781,2016-02,0,3
2781,2016-06,0,3
2781,2016-10,0,3
2781,2017-02,0,3
2781,2017-06,0,3
2781,2017-10,0,3
2782,2015-04,0,3
2782,2015-07,0,3
2782,2015-10,0,3
2782,2016-02,0,3
2782,2016-06,0,3
2782,2016-10,0,3
2782,2017-02,0,3
2782,2017-06,0,3
2782,2017-10,0,3
2783,2015-04,0,3
2783,2015-07,0,3
2783,2015-10,0,3
2783,2016-02,0,3
2783,2016-06,0,3
2783,2016-10,0,3
2783,2017-02,0,3
2783,2017-06,0,3
2783,2017-10,0,3
2784,2015-04,0,3
2784,2015-07,0,3
2784,2015-10,0,3
2784,2016-02,0,3
2784,2016-06,0,3
2784,2016-10,0,3
2784,2017-02,0,3
2784,2017-06,0,3
2784,2017-10,0,3
2785,2015-04,0,3
2785,2015-07,0,3
2785,2015-10,0,3
2785,2016-02,0,3
2785,2016-06,0,3
2785,2016-10,0,3
2785,2017-02,0,3
2785,2017-06,0,3
2785,2017-10,0,3
2787,2015-04,0,3
2787,2015-07,0,3
2787,2015-10,0,3
2787,2016-02,0,3
2787,2016-06,0,3
2787,2016-10,0,3
2787,2017-02,0,3
2787,2017-06,0,3
2787,2017-10,0,3
2788,2015-04,0,3
2788,2015-07,0,3
2788,2015-10,0,3
2788,2016-02,0,3
2788,2016-06,0,3
2788,2016-10,0,3
2788,2017-02,0,3
2788,2017-06,0,3
2788,2017-10,0,3
2789,2015-04,0,3
2789,2015-07,0,3
2789,2015-10,0,3
2789,2016-02,0,3
2789,2016-06,0,3
2789,2016-10,0,3
2789,2017-02,0,3
2789,2017-06,1,3
2789,2017-10,0,3
2790,2015-04,1,4
2790,2015-07,0,4
2790,2015-10,0,4
2790,2016-02,0,4
2790,2016-06,0,4
2790,2016-10,1,4
2790,2017-02,1,4
2790,2017-06,1,4
2790,2017-10,1,4
2791,2015-04,1,4
2791,2015-07,0,4
2791,2015-10,0,4
2791,2016-02,0,4
2791,2016-06,0,4
2791,2016-10,0,4
2791,2017-02,1,4
2791,2017-06,1,4
2791,2017-10,1,4
2792,2015-04,1,4
2792,2015-07,0,4
2792,2015-10,0,4
2792,2016-02,0,4
2792,2016-06,0,4
2792,2016-10,0,4
2792,2017-02,0,4
2792,2017-06,0,4
2792,2017-10,0,4
2793,2015-04,1,4
2793,2015-07,0,4
2793,2015-10,0,4
2793,2016-02,0,4
2793,2016-06,0,4
2793,2016-10,0,4
2793,2017-02,1,4
2793,2017-06,1,4
2793,2017-10,1,4
2794,2015-04,1,4
2794,2015-07,0,4
2794,2015-10,0,4
2794,2016-02,0,4
2794,2016-06,0,4
2794,2016-10,0,4
2794,2017-02,1,4
2794,2017-06,1,4
2794,2017-10,1,4
2795,2015-04,1,4
2795,2015-07,0,4
2795,2015-10,0,4
2795,2016-02,0,4
2795,2016-06,0,4
2795,2016-10,0,4
2795,2017-02,1,4
2795,2017-06,1,4
2795,2017-10,1,4
2796,2015-04,1,4
2796,2015-07,0,4
2796,2015-10,0,4
2796,2016-02,0,4
2796,2016-06,0,4
2796,2016-10,0,4
2796,2017-02,1,4
2796,2017-06,1,4
2796,2017-10,1,4
2797,2015-04,1,4
2797,2015-07,0,4
2797,2015-10,0,4
2797,2016-02,0,4
2797,2016-06,0,4
2797,2016-10,0,4
2797,2017-02,1,4
2797,2017-06,1,4
2797,2017-10,1,4
2798,2015-04,1,4
2798,2015-07,0,4
2798,2015-10,0,4
2798,2016-02,0,4
2798,2016-06,0,4
2798,2016-10,1,4
2798,2017-02,1,4
2798,2017-06,1,4
2798,2017-10,0,4
2799,2015-04,1,4
2799,2015-07,0,4
2799,2015-10,0,4
2799,2016-02,0,4
2799,2016-06,0,4
2799,2016-10,0,4
2799,2017-02,1,4
2799,2017-06,1,4
2799,2017-10,1,4
2800,2015-04,1,4
2800,2015-07,0,4
2800,2015-10,0,4
2800,2016-02,0,4
2800,2016-06,0,4
2800,2016-10,0,4
2800,2017-02,1,4
2800,2017-06,1,4
2800,2017-10,0,4
2801,2015-04,1,4
2801,2015-07,0,4
2801,2015-10,0,4
2801,2016-02,0,4
2801,2016-06,0,4
2801,2016-10,0,4
2801,2017-02,1,4
2801,2017-06,1,4
2801,2017-10,1,4
2802,2015-04,1,4
2802,2015-07,0,4
2802,2015-10,0,4
2802,2016-02,0,4
2802,2016-06,0,4
2802,2016-10,0,4
2802,2017-02,1,4
2802,2017-06,1,4
2802,2017-10,0,4
2803,2015-04,1,4
2803,2015-07,0,4
2803,2015-10,0,4
2803,2016-02,0,4
2803,2016-06,0,4
2803,2016-10,0,4
2803,2017-02,1,4
2803,2017-06,1,4
2803,2017-10,1,4
2804,2015-04,1,4
2804,2015-07,0,4
2804,2015-10,0,4
2804,2016-02,0,4
2804,2016-06,0,4
2804,2016-10,1,4
2804,2017-02,0,4
2804,2017-06,0,4
2804,2017-10,0,4
2805,2015-04,1,3
2805,2015-07,0,3
2805,2015-10,0,3
2805,2016-02,0,3
2805,2016-06,0,3
2805,2016-10,0,3
2805,2017-02,0,3
2805,2017-06,0,3
2805,2017-10,0,3
2806,2015-04,1,4
2806,2015-07,0,4
2806,2015-10,0,4
2806,2016-02,0,4
2806,2016-06,0,4
2806,2016-10,0,4
2806,2017-02,0,4
2806,2017-06,1,4
2806,2017-10,1,4
2807,2015-04,1,4
2807,2015-07,0,4
2807,2015-10,0,4
2807,2016-02,0,4
2807,2016-06,0,4
2807,2016-10,0,4
2807,2017-02,1,4
2807,2017-06,1,4
2807,2017-10,1,4
2808,2015-04,1,4
2808,2015-07,0,4
2808,2015-10,0,4
2808,2016-02,0,4
2808,2016-06,0,4
2808,2016-10,0,4
2808,2017-02,1,4
2808,2017-06,1,4
2808,2017-10,1,4
2809,2015-04,1,4
2809,2015-07,0,4
2809,2015-10,0,4
2809,2016-02,0,4
2809,2016-06,0,4
2809,2016-10,0,4
2809,2017-02,1,4
2809,2017-06,1,4
2809,2017-10,1,4
2810,2015-04,1,3
2810,2015-07,0,3
2810,2015-10,0,3
2810,2016-02,0,3
2810,2016-06,0,3
2810,2016-10,0,3
2810,2017-02,0,3
2810,2017-06,0,3
2810,2017-10,0,3
2811,2015-04,1,4
2811,2015-07,0,4
2811,2015-10,0,4
2811,2016-02,0,4
2811,2016-06,0,4
2811,2016-10,0,4
2811,2017-02,1,4
2811,2017-06,1,4
2811,2017-10,0,4
2812,2015-04,1,4
2812,2015-07,0,4
2812,2015-10,0,4
2812,2016-02,0,4
2812,2016-06,0,4
2812,2016-10,0,4
2812,2017-02,0,4
2812,2017-06,0,4
2812,2017-10,0,4
2813,2015-04,1,4
2813,2015-07,0,4
2813,2015-10,0,4
2813,2016-02,0,4
2813,2016-06,0,4
2813,2016-10,0,4
2813,2017-02,0,4
2813,2017-06,0,4
2813,2017-10,0,4
2814,2015-04,1,4
2814,2015-07,0,4
2814,2015-10,0,4
2814,2016-02,0,4
2814,2016-06,0,4
2814,2016-10,0,4
2814,2017-02,0,4
2814,2017-06,0,4
2814,2017-10,1,4
2815,2015-04,1,4
2815,2015-07,0,4
2815,2015-10,0,4
2815,2016-02,0,4
2815,2016-06,0,4
2815,2016-10,0,4
2815,2017-02,1,4
2815,2017-06,1,4
2815,2017-10,1,4
2816,2015-04,1,4
2816,2015-07,0,4
2816,2015-10,0,4
2816,2016-02,0,4
2816,2016-06,0,4
2816,2016-10,0,4
2816,2017-02,1,4
2816,2017-06,1,4
2816,2017-10,1,4
2817,2015-04,1,4
2817,2015-07,0,4
2817,2015-10,0,4
2817,2016-02,0,4
2817,2016-06,0,4
2817,2016-10,1,4
2817,2017-02,1,4
2817,2017-06,1,4
2817,2017-10,0,4
2818,2015-04,1,4
2818,2015-07,0,4
2818,2015-10,0,4
2818,2016-02,0,4
2818,2016-06,0,4
2818,2016-10,0,4
2818,2017-02,1,4
2818,2017-06,1,4
2818,2017-10,1,4
2819,2015-04,1,4
2819,2015-07,0,4
2819,2015-10,0,4
2819,2016-02,0,4
2819,2016-06,0,4
2819,2016-10,0,4
2819,2017-02,1,4
2819,2017-06,1,4
2819,2017-10,1,4
2820,2015-04,1,3
2820,2015-07,0,3
2820,2015-10,0,3
2820,2016-02,0,3
2820,2016-06,0,3
2820,2016-10,0,3
2820,2017-02,0,3
2820,2017-06,0,3
2820,2017-10,0,3
2821,2015-04,1,4
2821,2015-07,0,4
2821,2015-10,0,4
2821,2016-02,0,4
2821,2016-06,0,4
2821,2016-10,0,4
2821,2017-02,1,4
2821,2017-06,1,4
2821,2017-10,1,4
2822,2015-04,1,4
2822,2015-07,0,4
2822,2015-10,0,4
2822,2016-02,0,4
2822,2016-06,0,4
2822,2016-10,0,4
2822,2017-02,1,4
2822,2017-06,1,4
2822,2017-10,0,4
2823,2015-04,1,3
2823,2015-07,0,3
2823,2015-10,0,3
2823,2016-02,0,3
2823,2016-06,0,3
2823,2016-10,0,3
2823,2017-02,1,3
2823,2017-06,1,3
2823,2017-10,1,3
2824,2015-04,1,4
2824,2015-07,0,4
2824,2015-10,0,4
2824,2016-02,0,4
2824,2016-06,0,4
2824,2016-10,0,4
2824,2017-02,1,4
2824,2017-06,1,4
2824,2017-10,0,4
2825,2015-04,1,4
2825,2015-07,0,4
2825,2015-10,0,4
2825,2016-02,0,4
2825,2016-06,0,4
2825,2016-10,0,4
2825,2017-02,0,4
2825,2017-06,0,4
2825,2017-10,0,4
2826,2015-04,1,4
2826,2015-07,0,4
2826,2015-10,0,4
2826,2016-02,0,4
2826,2016-06,0,4
2826,2016-10,0,4
2826,2017-02,0,4
2826,2017-06,1,4
2826,2017-10,1,4
2827,2015-04,1,4
2827,2015-07,0,4
2827,2015-10,0,4
2827,2016-02,0,4
2827,2016-06,0,4
2827,2016-10,0,4
2827,2017-02,0,4
2827,2017-06,0,4
2827,2017-10,0,4
2828,2015-04,0,0
2828,2015-07,0,0
2828,2015-10,0,0
2828,2016-02,0,0
2828,2016-06,0,0
2828,2016-10,0,0
2828,2017-02,1,0
2828,2017-06,1,0
2828,2017-10,1,0
2829,2015-04,0,3
2829,2015-07,0,3
2829,2015-10,0,3
2829,2016-02,0,3
2829,2016-06,0,3
2829,2016-10,0,3
2829,2017-02,1,3
2829,2017-06,1,3
2829,2017-10,0,3
2830,2015-04,0,0
2830,2015-07,0,0
2830,2015-10,0,0
2830,2016-02,0,0
2830,2016-06,0,0
2830,2016-10,0,0
2830,2017-02,0,0
2830,2017-06,1,0
2830,2017-10,0,0
2831,2015-04,0,3
2831,2015-07,0,3
2831,2015-10,0,3
2831,2016-02,0,3
2831,2016-06,0,3
2831,2016-10,0,3
2831,2017-02,0,3
2831,2017-06,0,3
2831,2017-10,0,3
2832,2015-04,0,3
2832,2015-07,0,3
2832,2015-10,0,3
2832,2016-02,0,3
2832,2016-06,0,3
2832,2016-10,0,3
2832,2017-02,0,3
2832,2017-06,0,3
2832,2017-10,0,3
2833,2015-04,0,4
2833,2015-07,0,4
2833,2015-10,0,4
2833,2016-02,0,4
2833,2016-06,0,4
2833,2016-10,0,4
2833,2017-02,1,4
2833,2017-06,1,4
2833,2017-10,1,4
2834,2015-04,0,4
2834,2015-07,0,4
2834,2015-10,0,4
2834,2016-02,0,4
2834,2016-06,0,4
2834,2016-10,0,4
2834,2017-02,1,4
2834,2017-06,1,4
2834,2017-10,0,4
2835,2015-04,0,0
2835,2015-07,0,0
2835,2015-10,0,0
2835,2016-02,0,0
2835,2016-06,0,0
2835,2016-10,0,0
2835,2017-02,1,0
2835,2017-06,1,0
2835,2017-10,1,0
2836,2015-04,0,0
2836,2015-07,0,0
2836,2015-10,0,0
2836,2016-02,0,0
2836,2016-06,0,0
2836,2016-10,0,0
2836,2017-02,1,0
2836,2017-06,1,0
2836,2017-10,1,0
2837,2015-04,0,4
2837,2015-07,0,4
2837,2015-10,0,4
2837,2016-02,0,4
2837,2016-06,0,4
2837,2016-10,0,4
2837,2017-02,0,4
2837,2017-06,1,4
2837,2017-10,1,4
2838,2015-04,0,3
2838,2015-07,0,3
2838,2015-10,0,3
2838,2016-02,0,3
2838,2016-06,0,3
2838,2016-10,0,3
2838,2017-02,0,3
2838,2017-06,0,3
2838,2017-10,0,3
2839,2015-04,0,3
2839,2015-07,0,3
2839,2015-10,0,3
2839,2016-02,0,3
2839,2016-06,0,3
2839,2016-10,0,3
2839,2017-02,0,3
2839,2017-06,0,3
2839,2017-10,0,3
2840,2015-04,0,3
2840,2015-07,0,3
2840,2015-10,0,3
2840,2016-02,0,3
2840,2016-06,0,3
2840,2016-10,0,3
2840,2017-02,0,3
2840,2017-06,0,3
2840,2017-10,0,3
2841,2015-04,0,3
2841,2015-07,0,3
2841,2015-10,0,3
2841,2016-02,0,3
2841,2016-06,0,3
2841,2016-10,0,3
2841,2017-02,0,3
2841,2017-06,0,3
2841,2017-10,0,3
2842,2015-04,0,3
2842,2015-07,0,3
2842,2015-10,0,3
2842,2016-02,0,3
2842,2016-06,0,3
2842,2016-10,0,3
2842,2017-02,0,3
2842,2017-06,0,3
2842,2017-10,0,3
2843,2015-04,0,3
2843,2015-07,0,3
2843,2015-10,0,3
2843,2016-02,0,3
2843,2016-06,0,3
2843,2016-10,0,3
2843,2017-02,0,3
2843,2017-06,0,3
2843,2017-10,0,3
2844,2015-04,0,3
2844,2015-07,0,3
2844,2015-10,0,3
2844,2016-02,0,3
2844,2016-06,0,3
2844,2016-10,0,3
2844,2017-02,0,3
2844,2017-06,0,3
2844,2017-10,0,3
2845,2015-04,0,3
2845,2015-07,0,3
2845,2015-10,0,3
2845,2016-02,0,3
2845,2016-06,0,3
2845,2016-10,0,3
2845,2017-02,0,3
2845,2017-06,0,3
2845,2017-10,0,3
2846,2015-04,0,3
2846,2015-07,0,3
2846,2015-10,0,3
2846,2016-02,0,3
2846,2016-06,0,3
2846,2016-10,0,3
2846,2017-02,0,3
2846,2017-06,0,3
2846,2017-10,0,3
2847,2015-04,0,3
2847,2015-07,0,3
2847,2015-10,0,3
2847,2016-02,0,3
2847,2016-06,0,3
2847,2016-10,0,3
2847,2017-02,0,3
2847,2017-06,0,3
2847,2017-10,0,3
2848,2015-04,0,3
2848,2015-07,0,3
2848,2015-10,0,3
2848,2016-02,0,3
2848,2016-06,0,3
2848,2016-10,0,3
2848,2017-02,0,3
2848,2017-06,0,3
2848,2017-10,0,3
2849,2015-04,0,3
2849,2015-07,0,3
2849,2015-10,0,3
2849,2016-02,0,3
2849,2016-06,0,3
2849,2016-10,0,3
2849,2017-02,0,3
2849,2017-06,0,3
2849,2017-10,0,3
2850,2015-04,0,3
2850,2015-07,0,3
2850,2015-10,0,3
2850,2016-02,0,3
2850,2016-06,0,3
2850,2016-10,0,3
2850,2017-02,0,3
2850,2017-06,0,3
2850,2017-10,0,3
2851,2015-04,0,3
2851,2015-07,0,3
2851,2015-10,0,3
2851,2016-02,0,3
2851,2016-06,0,3
2851,2016-10,0,3
2851,2017-02,0,3
2851,2017-06,0,3
2851,2017-10,0,3
2852,2015-04,0,3
2852,2015-07,0,3
2852,2015-10,0,3
2852,2016-02,0,3
2852,2016-06,0,3
2852,2016-10,0,3
2852,2017-02,0,3
2852,2017-06,0,3
2852,2017-10,0,3
2853,2015-04,0,3
2853,2015-07,0,3
2853,2015-10,0,3
2853,2016-02,0,3
2853,2016-06,0,3
2853,2016-10,0,3
2853,2017-02,0,3
2853,2017-06,0,3
2853,2017-10,0,3
2854,2015-04,0,3
2854,2015-07,0,3
2854,2015-10,0,3
2854,2016-02,0,3
2854,2016-06,0,3
2854,2016-10,0,3
2854,2017-02,1,3
2854,2017-06,1,3
2854,2017-10,1,3
2855,2015-04,0,4
2855,2015-07,0,4
2855,2015-10,0,4
2855,2016-02,0,4
2855,2016-06,0,4
2855,2016-10,0,4
2855,2017-02,1,4
2855,2017-06,1,4
2855,2017-10,1,4
2856,2015-04,0,4
2856,2015-07,0,4
2856,2015-10,0,4
2856,2016-02,0,4
2856,2016-06,0,4
2856,2016-10,0,4
2856,2017-02,1,4
2856,2017-06,1,4
2856,2017-10,1,4
2857,2015-04,0,4
2857,2015-07,0,4
2857,2015-10,0,4
2857,2016-02,0,4
2857,2016-06,0,4
2857,2016-10,0,4
2857,2017-02,1,4
2857,2017-06,1,4
2857,2017-10,1,4
2858,2015-04,0,4
2858,2015-07,0,4
2858,2015-10,0,4
2858,2016-02,0,4
2858,2016-06,0,4
2858,2016-10,0,4
2858,2017-02,1,4
2858,2017-06,1,4
2858,2017-10,1,4
2859,2015-04,0,4
2859,2015-07,0,4
2859,2015-10,0,4
2859,2016-02,0,4
2859,2016-06,0,4
2859,2016-10,0,4
2859,2017-02,1,4
2859,2017-06,1,4
2859,2017-10,1,4
2860,2015-04,0,4
2860,2015-07,0,4
2860,2015-10,0,4
2860,2016-02,0,4
2860,2016-06,0,4
2860,2016-10,0,4
2860,2017-02,1,4
2860,2017-06,1,4
2860,2017-10,1,4
2861,2015-04,0,3
2861,2015-07,0,3
2861,2015-10,0,3
2861,2016-02,0,3
2861,2016-06,0,3
2861,2016-10,0,3
2861,2017-02,1,3
2861,2017-06,1,3
2861,2017-10,1,3
2862,2015-04,0,4
2862,2015-07,0,4
2862,2015-10,0,4
2862,2016-02,0,4
2862,2016-06,0,4
2862,2016-10,0,4
2862,2017-02,0,4
2862,2017-06,0,4
2862,2017-10,0,4
2863,2015-04,0,4
2863,2015-07,0,4
2863,2015-10,0,4
2863,2016-02,0,4
2863,2016-06,0,4
2863,2016-10,0,4
2863,2017-02,0,4
2863,2017-06,0,4
2863,2017-10,0,4
2864,2015-04,0,4
2864,2015-07,0,4
2864,2015-10,0,4
2864,2016-02,0,4
2864,2016-06,0,4
2864,2016-10,0,4
2864,2017-02,0,4
2864,2017-06,0,4
2864,2017-10,0,4
2865,2015-04,0,4
2865,2015-07,0,4
2865,2015-10,0,4
2865,2016-02,0,4
2865,2016-06,0,4
2865,2016-10,0,4
2865,2017-02,0,4
2865,2017-06,0,4
2865,2017-10,0,4
2866,2015-04,0,4
2866,2015-07,0,4
2866,2015-10,0,4
2866,2016-02,0,4
2866,2016-06,0,4
2866,2016-10,0,4
2866,2017-02,0,4
2866,2017-06,0,4
2866,2017-10,0,4
2867,2015-04,0,4
2867,2015-07,0,4
2867,2015-10,0,4
2867,2016-02,0,4
2867,2016-06,0,4
2867,2016-10,0,4
2867,2017-02,0,4
2867,2017-06,0,4
2867,2017-10,0,4
2868,2015-04,0,4
2868,2015-07,0,4
2868,2015-10,0,4
2868,2016-02,0,4
2868,2016-06,0,4
2868,2016-10,0,4
2868,2017-02,0,4
2868,2017-06,0,4
2868,2017-10,0,4
2869,2015-04,0,4
2869,2015-07,0,4
2869,2015-10,0,4
2869,2016-02,0,4
2869,2016-06,0,4
2869,2016-10,0,4
2869,2017-02,0,4
2869,2017-06,0,4
2869,2017-10,0,4
2870,2015-04,0,4
2870,2015-07,0,4
2870,2015-10,0,4
2870,2016-02,0,4
2870,2016-06,0,4
2870,2016-10,0,4
2870,2017-02,0,4
2870,2017-06,0,4
2870,2017-10,0,4
2871,2015-04,0,4
2871,2015-07,0,4
2871,2015-10,0,4
2871,2016-02,0,4
2871,2016-06,0,4
2871,2016-10,0,4
2871,2017-02,0,4
2871,2017-06,0,4
2871,2017-10,0,4
2872,2015-04,0,4
2872,2015-07,0,4
2872,2015-10,0,4
2872,2016-02,0,4
2872,2016-06,0,4
2872,2016-10,0,4
2872,2017-02,0,4
2872,2017-06,0,4
2872,2017-10,0,4
2873,2015-04,0,4
2873,2015-07,0,4
2873,2015-10,0,4
2873,2016-02,0,4
2873,2016-06,0,4
2873,2016-10,0,4
2873,2017-02,0,4
2873,2017-06,0,4
2873,2017-10,0,4
2874,2015-04,0,4
2874,2015-07,0,4
2874,2015-10,0,4
2874,2016-02,0,4
2874,2016-06,0,4
2874,2016-10,0,4
2874,2017-02,0,4
2874,2017-06,0,4
2874,2017-10,0,4
2875,2015-04,0,4
2875,2015-07,0,4
2875,2015-10,0,4
2875,2016-02,0,4
2875,2016-06,0,4
2875,2016-10,0,4
2875,2017-02,0,4
2875,2017-06,0,4
2875,2017-10,0,4
2876,2015-04,0,4
2876,2015-07,0,4
2876,2015-10,0,4
2876,2016-02,0,4
2876,2016-06,0,4
2876,2016-10,0,4
2876,2017-02,0,4
2876,2017-06,0,4
2876,2017-10,0,4
2877,2015-04,0,4
2877,2015-07,0,4
2877,2015-10,0,4
2877,2016-02,0,4
2877,2016-06,0,4
2877,2016-10,0,4
2877,2017-02,0,4
2877,2017-06,0,4
2877,2017-10,0,4
2878,2015-04,0,4
2878,2015-07,0,4
2878,2015-10,0,4
2878,2016-02,0,4
2878,2016-06,0,4
2878,2016-10,0,4
2878,2017-02,0,4
2878,2017-06,0,4
2878,2017-10,0,4
2879,2015-04,0,4
2879,2015-07,0,4
2879,2015-10,0,4
2879,2016-02,0,4
2879,2016-06,0,4
2879,2016-10,0,4
2879,2017-02,0,4
2879,2017-06,0,4
2879,2017-10,0,4
2880,2015-04,0,4
2880,2015-07,0,4
2880,2015-10,0,4
2880,2016-02,0,4
2880,2016-06,0,4
2880,2016-10,0,4
2880,2017-02,0,4
2880,2017-06,0,4
2880,2017-10,0,4
2881,2015-04,0,4
2881,2015-07,0,4
2881,2015-10,0,4
2881,2016-02,0,4
2881,2016-06,0,4
2881,2016-10,0,4
2881,2017-02,0,4
2881,2017-06,0,4
2881,2017-10,0,4
2882,2015-04,1,4
2882,2015-07,0,4
2882,2015-10,0,4
2882,2016-02,0,4
2882,2016-06,0,4
2882,2016-10,0,4
2882,2017-02,1,4
2882,2017-06,1,4
2882,2017-10,0,4
2883,2015-04,0,4
2883,2015-07,0,4
2883,2015-10,0,4
2883,2016-02,0,4
2883,2016-06,0,4
2883,2016-10,0,4
2883,2017-02,0,4
2883,2017-06,0,4
2883,2017-10,0,4
2884,2015-04,1,4
2884,2015-07,0,4
2884,2015-10,0,4
2884,2016-02,0,4
2884,2016-06,0,4
2884,2016-10,0,4
2884,2017-02,1,4
2884,2017-06,1,4
2884,2017-10,1,4
2885,2015-04,0,4
2885,2015-07,0,4
2885,2015-10,0,4
2885,2016-02,0,4
2885,2016-06,0,4
2885,2016-10,0,4
2885,2017-02,1,4
2885,2017-06,1,4
2885,2017-10,1,4
2886,2015-04,0,4
2886,2015-07,0,4
2886,2015-10,0,4
2886,2016-02,0,4
2886,2016-06,0,4
2886,2016-10,0,4
2886,2017-02,1,4
2886,2017-06,1,4
2886,2017-10,1,4
2887,2015-04,0,4
2887,2015-07,0,4
2887,2015-10,0,4
2887,2016-02,0,4
2887,2016-06,0,4
2887,2016-10,0,4
2887,2017-02,1,4
2887,2017-06,1,4
2887,2017-10,1,4
2888,2015-04,1,4
2888,2015-07,0,4
2888,2015-10,0,4
2888,2016-02,0,4
2888,2016-06,0,4
2888,2016-10,0,4
2888,2017-02,0,4
2888,2017-06,0,4
2888,2017-10,0,4
2889,2015-04,1,4
2889,2015-07,0,4
2889,2015-10,0,4
2889,2016-02,0,4
2889,2016-06,0,4
2889,2016-10,0,4
2889,2017-02,1,4
2889,2017-06,1,4
2889,2017-10,1,4
2890,2015-04,0,4
2890,2015-07,0,4
2890,2015-10,0,4
2890,2016-02,0,4
2890,2016-06,0,4
2890,2016-10,0,4
2890,2017-02,1,4
2890,2017-06,1,4
2890,2017-10,1,4
2891,2015-04,0,4
2891,2015-07,0,4
2891,2015-10,0,4
2891,2016-02,0,4
2891,2016-06,0,4
2891,2016-10,0,4
2891,2017-02,1,4
2891,2017-06,0,4
2891,2017-10,1,4
2892,2015-04,0,4
2892,2015-07,0,4
2892,2015-10,0,4
2892,2016-02,0,4
2892,2016-06,0,4
2892,2016-10,0,4
2892,2017-02,0,4
2892,2017-06,0,4
2892,2017-10,0,4
2893,2015-04,1,4
2893,2015-07,0,4
2893,2015-10,0,4
2893,2016-02,0,4
2893,2016-06,0,4
2893,2016-10,0,4
2893,2017-02,0,4
2893,2017-06,0,4
2893,2017-10,0,4
2894,2015-04,1,4
2894,2015-07,0,4
2894,2015-10,0,4
2894,2016-02,0,4
2894,2016-06,0,4
2894,2016-10,0,4
2894,2017-02,0,4
2894,2017-06,0,4
2894,2017-10,0,4
2895,2015-04,0,4
2895,2015-07,0,4
2895,2015-10,0,4
2895,2016-02,0,4
2895,2016-06,0,4
2895,2016-10,0,4
2895,2017-02,1,4
2895,2017-06,1,4
2895,2017-10,1,4
2896,2015-04,1,4
2896,2015-07,0,4
2896,2015-10,0,4
2896,2016-02,0,4
2896,2016-06,0,4
2896,2016-10,0,4
2896,2017-02,1,4
2896,2017-06,1,4
2896,2017-10,1,4
2897,2015-04,1,4
2897,2015-07,0,4
2897,2015-10,1,4
2897,2016-02,0,4
2897,2016-06,0,4
2897,2016-10,0,4
2897,2017-02,0,4
2897,2017-06,1,4
2897,2017-10,1,4
2898,2015-04,1,4
2898,2015-07,0,4
2898,2015-10,1,4
2898,2016-02,0,4
2898,2016-06,0,4
2898,2016-10,0,4
2898,2017-02,0,4
2898,2017-06,1,4
2898,2017-10,1,4
2899,2015-04,1,4
2899,2015-07,0,4
2899,2015-10,0,4
2899,2016-02,0,4
2899,2016-06,0,4
2899,2016-10,0,4
2899,2017-02,0,4
2899,2017-06,0,4
2899,2017-10,0,4
2900,2015-04,1,4
2900,2015-07,0,4
2900,2015-10,0,4
2900,2016-02,0,4
2900,2016-06,0,4
2900,2016-10,0,4
2900,2017-02,0,4
2900,2017-06,0,4
2900,2017-10,0,4
2901,2015-04,0,4
2901,2015-07,0,4
2901,2015-10,0,4
2901,2016-02,0,4
2901,2016-06,0,4
2901,2016-10,0,4
2901,2017-02,0,4
2901,2017-06,0,4
2901,2017-10,0,4
2902,2015-04,1,4
2902,2015-07,0,4
2902,2015-10,0,4
2902,2016-02,0,4
2902,2016-06,0,4
2902,2016-10,0,4
2902,2017-02,0,4
2902,2017-06,0,4
2902,2017-10,0,4
2903,2015-04,1,4
2903,2015-07,0,4
2903,2015-10,0,4
2903,2016-02,0,4
2903,2016-06,0,4
2903,2016-10,0,4
2903,2017-02,0,4
2903,2017-06,0,4
2903,2017-10,0,4
2904,2015-04,1,4
2904,2015-07,0,4
2904,2015-10,0,4
2904,2016-02,0,4
2904,2016-06,0,4
2904,2016-10,0,4
2904,2017-02,0,4
2904,2017-06,0,4
2904,2017-10,0,4
2905,2015-04,0,4
2905,2015-07,0,4
2905,2015-10,0,4
2905,2016-02,0,4
2905,2016-06,0,4
2905,2016-10,0,4
2905,2017-02,1,4
2905,2017-06,0,4
2905,2017-10,1,4
2906,2015-04,0,4
2906,2015-07,0,4
2906,2015-10,0,4
2906,2016-02,0,4
2906,2016-06,0,4
2906,2016-10,0,4
2906,2017-02,1,4
2906,2017-06,0,4
2906,2017-10,1,4
2907,2015-04,0,4
2907,2015-07,0,4
2907,2015-10,0,4
2907,2016-02,0,4
2907,2016-06,0,4
2907,2016-10,0,4
2907,2017-02,1,4
2907,2017-06,1,4
2907,2017-10,1,4
2908,2015-04,1,4
2908,2015-07,0,4
2908,2015-10,0,4
2908,2016-02,0,4
2908,2016-06,0,4
2908,2016-10,0,4
2908,2017-02,1,4
2908,2017-06,1,4
2908,2017-10,1,4
2909,2015-04,1,4
2909,2015-07,0,4
2909,2015-10,1,4
2909,2016-02,0,4
2909,2016-06,0,4
2909,2016-10,0,4
2909,2017-02,0,4
2909,2017-06,1,4
2909,2017-10,1,4
2910,2015-04,0,4
2910,2015-07,0,4
2910,2015-10,0,4
2910,2016-02,0,4
2910,2016-06,0,4
2910,2016-10,0,4
2910,2017-02,0,4
2910,2017-06,0,4
2910,2017-10,0,4
2911,2015-04,0,4
2911,2015-07,0,4
2911,2015-10,0,4
2911,2016-02,0,4
2911,2016-06,0,4
2911,2016-10,0,4
2911,2017-02,0,4
2911,2017-06,0,4
2911,2017-10,0,4
2912,2015-04,0,4
2912,2015-07,0,4
2912,2015-10,0,4
2912,2016-02,0,4
2912,2016-06,0,4
2912,2016-10,0,4
2912,2017-02,1,4
2912,2017-06,1,4
2912,2017-10,1,4
2913,2015-04,1,4
2913,2015-07,0,4
2913,2015-10,0,4
2913,2016-02,0,4
2913,2016-06,0,4
2913,2016-10,0,4
2913,2017-02,1,4
2913,2017-06,1,4
2913,2017-10,1,4
2914,2015-04,1,4
2914,2015-07,0,4
2914,2015-10,0,4
2914,2016-02,0,4
2914,2016-06,0,4
2914,2016-10,0,4
2914,2017-02,1,4
2914,2017-06,1,4
2914,2017-10,1,4
2915,2015-04,0,4
2915,2015-07,0,4
2915,2015-10,0,4
2915,2016-02,0,4
2915,2016-06,0,4
2915,2016-10,0,4
2915,2017-02,1,4
2915,2017-06,1,4
2915,2017-10,1,4
2916,2015-04,1,4
2916,2015-07,0,4
2916,2015-10,0,4
2916,2016-02,0,4
2916,2016-06,0,4
2916,2016-10,0,4
2916,2017-02,0,4
2916,2017-06,0,4
2916,2017-10,0,4
2917,2015-04,0,4
2917,2015-07,0,4
2917,2015-10,0,4
2917,2016-02,0,4
2917,2016-06,0,4
2917,2016-10,0,4
2917,2017-02,0,4
2917,2017-06,0,4
2917,2017-10,0,4
2918,2015-04,1,3
2918,2015-07,0,3
2918,2015-10,1,3
2918,2016-02,0,3
2918,2016-06,0,3
2918,2016-10,0,3
2918,2017-02,0,3
2918,2017-06,0,3
2918,2017-10,1,3
2919,2015-04,1,4
2919,2015-07,0,4
2919,2015-10,0,4
2919,2016-02,0,4
2919,2016-06,0,4
2919,2016-10,0,4
2919,2017-02,0,4
2919,2017-06,0,4
2919,2017-10,0,4
2920,2015-04,0,4
2920,2015-07,0,4
2920,2015-10,0,4
2920,2016-02,0,4
2920,2016-06,0,4
2920,2016-10,0,4
2920,2017-02,1,4
2920,2017-06,0,4
2920,2017-10,1,4
2921,2015-04,0,4
2921,2015-07,0,4
2921,2015-10,0,4
2921,2016-02,0,4
2921,2016-06,0,4
2921,2016-10,0,4
2921,2017-02,1,4
2921,2017-06,1,4
2921,2017-10,1,4
2922,2015-04,1,4
2922,2015-07,0,4
2922,2015-10,0,4
2922,2016-02,0,4
2922,2016-06,0,4
2922,2016-10,0,4
2922,2017-02,1,4
2922,2017-06,1,4
2922,2017-10,1,4
2923,2015-04,0,4
2923,2015-07,0,4
2923,2015-10,0,4
2923,2016-02,0,4
2923,2016-06,0,4
2923,2016-10,0,4
2923,2017-02,0,4
2923,2017-06,0,4
2923,2017-10,0,4
2924,2015-04,1,4
2924,2015-07,0,4
2924,2015-10,0,4
2924,2016-02,0,4
2924,2016-06,0,4
2924,2016-10,0,4
2924,2017-02,0,4
2924,2017-06,0,4
2924,2017-10,0,4
2925,2015-04,1,4
2925,2015-07,0,4
2925,2015-10,0,4
2925,2016-02,0,4
2925,2016-06,0,4
2925,2016-10,0,4
2925,2017-02,1,4
2925,2017-06,1,4
2925,2017-10,1,4
2926,2015-04,0,4
2926,2015-07,0,4
2926,2015-10,0,4
2926,2016-02,0,4
2926,2016-06,0,4
2926,2016-10,0,4
2926,2017-02,1,4
2926,2017-06,1,4
2926,2017-10,1,4
2927,2015-04,0,4
2927,2015-07,0,4
2927,2015-10,0,4
2927,2016-02,0,4
2927,2016-06,0,4
2927,2016-10,0,4
2927,2017-02,0,4
2927,2017-06,0,4
2927,2017-10,0,4
2928,2015-04,0,4
2928,2015-07,0,4
2928,2015-10,0,4
2928,2016-02,0,4
2928,2016-06,0,4
2928,2016-10,0,4
2928,2017-02,1,4
2928,2017-06,1,4
2928,2017-10,1,4
2929,2015-04,0,4
2929,2015-07,0,4
2929,2015-10,0,4
2929,2016-02,0,4
2929,2016-06,0,4
2929,2016-10,0,4
2929,2017-02,0,4
2929,2017-06,1,4
2929,2017-10,0,4
2930,2015-04,0,4
2930,2015-07,0,4
2930,2015-10,0,4
2930,2016-02,0,4
2930,2016-06,0,4
2930,2016-10,0,4
2930,2017-02,1,4
2930,2017-06,1,4
2930,2017-10,1,4
2931,2015-04,0,4
2931,2015-07,0,4
2931,2015-10,0,4
2931,2016-02,0,4
2931,2016-06,0,4
2931,2016-10,0,4
2931,2017-02,1,4
2931,2017-06,1,4
2931,2017-10,1,4
2932,2015-04,1,4
2932,2015-07,0,4
2932,2015-10,0,4
2932,2016-02,0,4
2932,2016-06,0,4
2932,2016-10,0,4
2932,2017-02,0,4
2932,2017-06,0,4
2932,2017-10,0,4
2933,2015-04,1,4
2933,2015-07,0,4
2933,2015-10,1,4
2933,2016-02,0,4
2933,2016-06,0,4
2933,2016-10,0,4
2933,2017-02,0,4
2933,2017-06,1,4
2933,2017-10,1,4
2934,2015-04,0,4
2934,2015-07,0,4
2934,2015-10,0,4
2934,2016-02,0,4
2934,2016-06,0,4
2934,2016-10,0,4
2934,2017-02,1,4
2934,2017-06,0,4
2934,2017-10,0,4
2935,2015-04,0,4
2935,2015-07,0,4
2935,2015-10,0,4
2935,2016-02,0,4
2935,2016-06,0,4
2935,2016-10,0,4
2935,2017-02,0,4
2935,2017-06,0,4
2935,2017-10,0,4
2936,2015-04,0,3
2936,2015-07,0,3
2936,2015-10,0,3
2936,2016-02,0,3
2936,2016-06,0,3
2936,2016-10,0,3
2936,2017-02,0,3
2936,2017-06,0,3
2936,2017-10,0,3
2937,2015-04,1,4
2937,2015-07,0,4
2937,2015-10,0,4
2937,2016-02,0,4
2937,2016-06,0,4
2937,2016-10,0,4
2937,2017-02,0,4
2937,2017-06,0,4
2937,2017-10,0,4
2938,2015-04,1,4
2938,2015-07,0,4
2938,2015-10,0,4
2938,2016-02,0,4
2938,2016-06,0,4
2938,2016-10,0,4
2938,2017-02,0,4
2938,2017-06,0,4
2938,2017-10,0,4
2939,2015-04,1,4
2939,2015-07,0,4
2939,2015-10,0,4
2939,2016-02,0,4
2939,2016-06,0,4
2939,2016-10,0,4
2939,2017-02,0,4
2939,2017-06,0,4
2939,2017-10,0,4
2940,2015-04,0,4
2940,2015-07,0,4
2940,2015-10,0,4
2940,2016-02,0,4
2940,2016-06,0,4
2940,2016-10,0,4
2940,2017-02,1,4
2940,2017-06,1,4
2940,2017-10,1,4
2941,2015-04,0,4
2941,2015-07,0,4
2941,2015-10,0,4
2941,2016-02,0,4
2941,2016-06,0,4
2941,2016-10,0,4
2941,2017-02,1,4
2941,2017-06,0,4
2941,2017-10,0,4
2942,2015-04,1,4
2942,2015-07,0,4
2942,2015-10,0,4
2942,2016-02,0,4
2942,2016-06,0,4
2942,2016-10,0,4
2942,2017-02,0,4
2942,2017-06,0,4
2942,2017-10,0,4
2943,2015-04,0,3
2943,2015-07,0,3
2943,2015-10,0,3
2943,2016-02,0,3
2943,2016-06,0,3
2943,2016-10,0,3
2943,2017-02,1,3
2943,2017-06,0,3
2943,2017-10,1,3
2944,2015-04,0,3
2944,2015-07,1,3
2944,2015-10,0,3
2944,2016-02,0,3
2944,2016-06,0,3
2944,2016-10,0,3
2944,2017-02,0,3
2944,2017-06,1,3
2944,2017-10,1,3
2945,2015-04,0,4
2945,2015-07,0,4
2945,2015-10,0,4
2945,2016-02,0,4
2945,2016-06,0,4
2945,2016-10,0,4
2945,2017-02,0,4
2945,2017-06,0,4
2945,2017-10,0,4
2946,2015-04,0,4
2946,2015-07,1,4
2946,2015-10,0,4
2946,2016-02,0,4
2946,2016-06,0,4
2946,2016-10,0,4
2946,2017-02,0,4
2946,2017-06,1,4
2946,2017-10,1,4
2947,2015-04,0,4
2947,2015-07,1,4
2947,2015-10,0,4
2947,2016-02,0,4
2947,2016-06,0,4
2947,2016-10,0,4
2947,2017-02,0,4
2947,2017-06,1,4
2947,2017-10,1,4
2948,2015-04,0,0
2948,2015-07,0,0
2948,2015-10,0,0
2948,2016-02,0,0
2948,2016-06,0,0
2948,2016-10,0,0
2948,2017-02,1,0
2948,2017-06,1,0
2948,2017-10,0,0
2949,2015-04,0,3
2949,2015-07,0,3
2949,2015-10,0,3
2949,2016-02,0,3
2949,2016-06,0,3
2949,2016-10,0,3
2949,2017-02,1,3
2949,2017-06,0,3
2949,2017-10,1,3
2950,2015-04,0,4
2950,2015-07,0,4
2950,2015-10,0,4
2950,2016-02,0,4
2950,2016-06,0,4
2950,2016-10,0,4
2950,2017-02,0,4
2950,2017-06,0,4
2950,2017-10,0,4
2951,2015-04,0,0
2951,2015-07,0,0
2951,2015-10,0,0
2951,2016-02,0,0
2951,2016-06,0,0
2951,2016-10,0,0
2951,2017-02,1,0
2951,2017-06,1,0
2951,2017-10,1,0
2952,2015-04,0,4
2952,2015-07,0,4
2952,2015-10,0,4
2952,2016-02,0,4
2952,2016-06,0,4
2952,2016-10,0,4
2952,2017-02,0,4
2952,2017-06,0,4
2952,2017-10,0,4
2953,2015-04,0,4
2953,2015-07,0,4
2953,2015-10,0,4
2953,2016-02,0,4
2953,2016-06,0,4
2953,2016-10,0,4
2953,2017-02,1,4
2953,2017-06,1,4
2953,2017-10,0,4
2954,2015-04,0,3
2954,2015-07,1,3
2954,2015-10,0,3
2954,2016-02,0,3
2954,2016-06,0,3
2954,2016-10,0,3
2954,2017-02,0,3
2954,2017-06,0,3
2954,2017-10,1,3
2955,2015-04,0,4
2955,2015-07,0,4
2955,2015-10,0,4
2955,2016-02,0,4
2955,2016-06,0,4
2955,2016-10,0,4
2955,2017-02,1,4
2955,2017-06,1,4
2955,2017-10,0,4
2956,2015-04,0,4
2956,2015-07,0,4
2956,2015-10,0,4
2956,2016-02,0,4
2956,2016-06,0,4
2956,2016-10,1,4
2956,2017-02,1,4
2956,2017-06,1,4
2956,2017-10,1,4
2957,2015-04,0,4
2957,2015-07,0,4
2957,2015-10,0,4
2957,2016-02,0,4
2957,2016-06,0,4
2957,2016-10,0,4
2957,2017-02,1,4
2957,2017-06,1,4
2957,2017-10,0,4
2958,2015-04,0,4
2958,2015-07,0,4
2958,2015-10,0,4
2958,2016-02,0,4
2958,2016-06,0,4
2958,2016-10,0,4
2958,2017-02,1,4
2958,2017-06,1,4
2958,2017-10,1,4
2959,2015-04,0,4
2959,2015-07,0,4
2959,2015-10,0,4
2959,2016-02,0,4
2959,2016-06,0,4
2959,2016-10,0,4
2959,2017-02,0,4
2959,2017-06,1,4
2959,2017-10,1,4
2960,2015-04,0,4
2960,2015-07,0,4
2960,2015-10,0,4
2960,2016-02,0,4
2960,2016-06,0,4
2960,2016-10,0,4
2960,2017-02,0,4
2960,2017-06,0,4
2960,2017-10,0,4
2961,2015-04,0,3
2961,2015-07,0,3
2961,2015-10,0,3
2961,2016-02,0,3
2961,2016-06,0,3
2961,2016-10,0,3
2961,2017-02,1,3
2961,2017-06,0,3
2961,2017-10,1,3
2962,2015-04,0,3
2962,2015-07,0,3
2962,2015-10,0,3
2962,2016-02,0,3
2962,2016-06,0,3
2962,2016-10,0,3
2962,2017-02,1,3
2962,2017-06,1,3
2962,2017-10,1,3
2963,2015-04,0,3
2963,2015-07,1,3
2963,2015-10,0,3
2963,2016-02,0,3
2963,2016-06,0,3
2963,2016-10,0,3
2963,2017-02,0,3
2963,2017-06,0,3
2963,2017-10,0,3
2964,2015-04,0,0
2964,2015-07,0,0
2964,2015-10,0,0
2964,2016-02,0,0
2964,2016-06,0,0
2964,2016-10,0,0
2964,2017-02,1,0
2964,2017-06,1,0
2964,2017-10,1,0
2965,2015-04,0,3
2965,2015-07,0,3
2965,2015-10,0,3
2965,2016-02,0,3
2965,2016-06,0,3
2965,2016-10,0,3
2965,2017-02,1,3
2965,2017-06,1,3
2965,2017-10,1,3
2966,2015-04,0,4
2966,2015-07,0,4
2966,2015-10,0,4
2966,2016-02,0,4
2966,2016-06,0,4
2966,2016-10,0,4
2966,2017-02,0,4
2966,2017-06,0,4
2966,2017-10,0,4
2967,2015-04,0,3
2967,2015-07,0,3
2967,2015-10,0,3
2967,2016-02,0,3
2967,2016-06,0,3
2967,2016-10,0,3
2967,2017-02,0,3
2967,2017-06,1,3
2967,2017-10,1,3
2968,2015-04,0,4
2968,2015-07,0,4
2968,2015-10,0,4
2968,2016-02,0,4
2968,2016-06,0,4
2968,2016-10,0,4
2968,2017-02,0,4
2968,2017-06,0,4
2968,2017-10,0,4
2969,2015-04,0,4
2969,2015-07,0,4
2969,2015-10,0,4
2969,2016-02,0,4
2969,2016-06,0,4
2969,2016-10,0,4
2969,2017-02,0,4
2969,2017-06,0,4
2969,2017-10,0,4
2970,2015-04,0,3
2970,2015-07,0,3
2970,2015-10,0,3
2970,2016-02,0,3
2970,2016-06,0,3
2970,2016-10,0,3
2970,2017-02,0,3
2970,2017-06,0,3
2970,2017-10,0,3
2971,2015-04,0,4
2971,2015-07,0,4
2971,2015-10,0,4
2971,2016-02,0,4
2971,2016-06,0,4
2971,2016-10,0,4
2971,2017-02,0,4
2971,2017-06,1,4
2971,2017-10,1,4
2972,2015-04,0,4
2972,2015-07,0,4
2972,2015-10,0,4
2972,2016-02,0,4
2972,2016-06,0,4
2972,2016-10,0,4
2972,2017-02,1,4
2972,2017-06,0,4
2972,2017-10,0,4
2973,2015-04,0,3
2973,2015-07,0,3
2973,2015-10,0,3
2973,2016-02,0,3
2973,2016-06,0,3
2973,2016-10,0,3
2973,2017-02,0,3
2973,2017-06,0,3
2973,2017-10,0,3
2974,2015-04,0,3
2974,2015-07,0,3
2974,2015-10,0,3
2974,2016-02,0,3
2974,2016-06,0,3
2974,2016-10,0,3
2974,2017-02,0,3
2974,2017-06,1,3
2974,2017-10,1,3
2975,2015-04,0,3
2975,2015-07,0,3
2975,2015-10,0,3
2975,2016-02,0,3
2975,2016-06,0,3
2975,2016-10,0,3
2975,2017-02,0,3
2975,2017-06,1,3
2975,2017-10,1,3
2976,2015-04,0,3
2976,2015-07,0,3
2976,2015-10,0,3
2976,2016-02,0,3
2976,2016-06,0,3
2976,2016-10,0,3
2976,2017-02,1,3
2976,2017-06,1,3
2976,2017-10,1,3
2977,2015-04,0,4
2977,2015-07,0,4
2977,2015-10,0,4
2977,2016-02,0,4
2977,2016-06,0,4
2977,2016-10,0,4
2977,2017-02,0,4
2977,2017-06,0,4
2977,2017-10,0,4
2978,2015-04,0,4
2978,2015-07,0,4
2978,2015-10,0,4
2978,2016-02,0,4
2978,2016-06,0,4
2978,2016-10,0,4
2978,2017-02,1,4
2978,2017-06,1,4
2978,2017-10,0,4
2979,2015-04,0,4
2979,2015-07,0,4
2979,2015-10,0,4
2979,2016-02,0,4
2979,2016-06,0,4
2979,2016-10,0,4
2979,2017-02,0,4
2979,2017-06,0,4
2979,2017-10,0,4
2980,2015-04,0,4
2980,2015-07,0,4
2980,2015-10,0,4
2980,2016-02,0,4
2980,2016-06,0,4
2980,2016-10,0,4
2980,2017-02,0,4
2980,2017-06,0,4
2980,2017-10,0,4
2981,2015-04,0,3
2981,2015-07,0,3
2981,2015-10,0,3
2981,2016-02,0,3
2981,2016-06,0,3
2981,2016-10,0,3
2981,2017-02,1,3
2981,2017-06,1,3
2981,2017-10,1,3
2982,2015-04,0,3
2982,2015-07,0,3
2982,2015-10,0,3
2982,2016-02,0,3
2982,2016-06,0,3
2982,2016-10,0,3
2982,2017-02,1,3
2982,2017-06,1,3
2982,2017-10,0,3
2983,2015-04,0,3
2983,2015-07,0,3
2983,2015-10,0,3
2983,2016-02,0,3
2983,2016-06,0,3
2983,2016-10,0,3
2983,2017-02,1,3
2983,2017-06,1,3
2983,2017-10,0,3
2984,2015-04,0,9
2984,2015-07,0,9
2984,2015-10,0,9
2984,2016-02,0,9
2984,2016-06,0,9
2984,2016-10,0,9
2984,2017-02,1,9
2984,2017-06,1,9
2984,2017-10,0,9
2985,2015-04,0,3
2985,2015-07,0,3
2985,2015-10,0,3
2985,2016-02,0,3
2985,2016-06,0,3
2985,2016-10,0,3
2985,2017-02,0,3
2985,2017-06,0,3
2985,2017-10,0,3
2986,2015-04,0,9
2986,2015-07,0,9
2986,2015-10,0,9
2986,2016-02,0,9
2986,2016-06,0,9
2986,2016-10,0,9
2986,2017-02,1,9
2986,2017-06,1,9
2986,2017-10,0,9
2987,2015-04,0,3
2987,2015-07,0,3
2987,2015-10,0,3
2987,2016-02,0,3
2987,2016-06,0,3
2987,2016-10,0,3
2987,2017-02,1,3
2987,2017-06,1,3
2987,2017-10,0,3
2988,2015-04,0,3
2988,2015-07,0,3
2988,2015-10,0,3
2988,2016-02,0,3
2988,2016-06,0,3
2988,2016-10,0,3
2988,2017-02,0,3
2988,2017-06,1,3
2988,2017-10,0,3
2989,2015-04,0,3
2989,2015-07,0,3
2989,2015-10,0,3
2989,2016-02,0,3
2989,2016-06,0,3
2989,2016-10,0,3
2989,2017-02,0,3
2989,2017-06,1,3
2989,2017-10,0,3
2990,2015-04,0,4
2990,2015-07,0,4
2990,2015-10,0,4
2990,2016-02,0,4
2990,2016-06,0,4
2990,2016-10,0,4
2990,2017-02,1,4
2990,2017-06,1,4
2990,2017-10,0,4
2991,2015-04,0,3
2991,2015-07,0,3
2991,2015-10,0,3
2991,2016-02,0,3
2991,2016-06,0,3
2991,2016-10,0,3
2991,2017-02,1,3
2991,2017-06,1,3
2991,2017-10,0,3
2992,2015-04,0,4
2992,2015-07,0,4
2992,2015-10,0,4
2992,2016-02,0,4
2992,2016-06,0,4
2992,2016-10,0,4
2992,2017-02,0,4
2992,2017-06,0,4
2992,2017-10,0,4
2993,2015-04,0,0
2993,2015-07,0,0
2993,2015-10,0,0
2993,2016-02,0,0
2993,2016-06,0,0
2993,2016-10,0,0
2993,2017-02,0,0
2993,2017-06,0,0
2993,2017-10,0,0
2994,2015-04,0,4
2994,2015-07,0,4
2994,2015-10,0,4
2994,2016-02,0,4
2994,2016-06,0,4
2994,2016-10,0,4
2994,2017-02,0,4
2994,2017-06,0,4
2994,2017-10,0,4
2995,2015-04,0,3
2995,2015-07,0,3
2995,2015-10,0,3
2995,2016-02,0,3
2995,2016-06,0,3
2995,2016-10,0,3
2995,2017-02,0,3
2995,2017-06,0,3
2995,2017-10,0,3
2996,2015-04,0,3
2996,2015-07,0,3
2996,2015-10,0,3
2996,2016-02,0,3
2996,2016-06,1,3
2996,2016-10,0,3
2996,2017-02,1,3
2996,2017-06,1,3
2996,2017-10,1,3
2997,2015-04,0,4
2997,2015-07,0,4
2997,2015-10,0,4
2997,2016-02,0,4
2997,2016-06,0,4
2997,2016-10,0,4
2997,2017-02,0,4
2997,2017-06,1,4
2997,2017-10,0,4
2998,2015-04,0,4
2998,2015-07,0,4
2998,2015-10,0,4
2998,2016-02,0,4
2998,2016-06,0,4
2998,2016-10,0,4
2998,2017-02,1,4
2998,2017-06,1,4
2998,2017-10,1,4
2999,2015-04,0,3
2999,2015-07,0,3
2999,2015-10,0,3
2999,2016-02,0,3
2999,2016-06,1,3
2999,2016-10,0,3
2999,2017-02,1,3
2999,2017-06,1,3
2999,2017-10,1,3
3000,2015-04,0,9
3000,2015-07,0,9
3000,2015-10,0,9
3000,2016-02,0,9
3000,2016-06,0,9
3000,2016-10,0,9
3000,2017-02,0,9
3000,2017-06,0,9
3000,2017-10,0,9
3001,2015-04,0,4
3001,2015-07,0,4
3001,2015-10,0,4
3001,2016-02,0,4
3001,2016-06,0,4
3001,2016-10,0,4
3001,2017-02,0,4
3001,2017-06,0,4
3001,2017-10,0,4
3002,2015-04,0,3
3002,2015-07,0,3
3002,2015-10,0,3
3002,2016-02,0,3
3002,2016-06,0,3
3002,2016-10,0,3
3002,2017-02,0,3
3002,2017-06,0,3
3002,2017-10,0,3
3003,2015-04,0,9
3003,2015-07,0,9
3003,2015-10,0,9
3003,2016-02,0,9
3003,2016-06,0,9
3003,2016-10,0,9
3003,2017-02,0,9
3003,2017-06,0,9
3003,2017-10,0,9
3004,2015-04,0,3
3004,2015-07,0,3
3004,2015-10,0,3
3004,2016-02,0,3
3004,2016-06,0,3
3004,2016-10,0,3
3004,2017-02,0,3
3004,2017-06,0,3
3004,2017-10,0,3
3005,2015-04,0,3
3005,2015-07,0,3
3005,2015-10,0,3
3005,2016-02,0,3
3005,2016-06,0,3
3005,2016-10,0,3
3005,2017-02,0,3
3005,2017-06,0,3
3005,2017-10,0,3
3006,2015-04,0,4
3006,2015-07,0,4
3006,2015-10,0,4
3006,2016-02,0,4
3006,2016-06,0,4
3006,2016-10,0,4
3006,2017-02,0,4
3006,2017-06,0,4
3006,2017-10,0,4
3007,2015-04,0,4
3007,2015-07,0,4
3007,2015-10,0,4
3007,2016-02,0,4
3007,2016-06,0,4
3007,2016-10,0,4
3007,2017-02,0,4
3007,2017-06,0,4
3007,2017-10,0,4
3008,2015-04,0,9
3008,2015-07,0,9
3008,2015-10,0,9
3008,2016-02,0,9
3008,2016-06,0,9
3008,2016-10,0,9
3008,2017-02,1,9
3008,2017-06,1,9
3008,2017-10,0,9
3009,2015-04,0,4
3009,2015-07,0,4
3009,2015-10,0,4
3009,2016-02,0,4
3009,2016-06,0,4
3009,2016-10,0,4
3009,2017-02,1,4
3009,2017-06,0,4
3009,2017-10,1,4
3010,2015-04,0,3
3010,2015-07,0,3
3010,2015-10,0,3
3010,2016-02,0,3
3010,2016-06,0,3
3010,2016-10,0,3
3010,2017-02,1,3
3010,2017-06,1,3
3010,2017-10,0,3
3011,2015-04,0,3
3011,2015-07,0,3
3011,2015-10,0,3
3011,2016-02,0,3
3011,2016-06,0,3
3011,2016-10,0,3
3011,2017-02,0,3
3011,2017-06,0,3
3011,2017-10,0,3
3012,2015-04,0,0
3012,2015-07,0,0
3012,2015-10,0,0
3012,2016-02,0,0
3012,2016-06,0,0
3012,2016-10,0,0
3012,2017-02,0,0
3012,2017-06,1,0
3012,2017-10,1,0
3013,2015-04,0,3
3013,2015-07,0,3
3013,2015-10,0,3
3013,2016-02,0,3
3013,2016-06,0,3
3013,2016-10,0,3
3013,2017-02,0,3
3013,2017-06,0,3
3013,2017-10,0,3
3014,2015-04,0,3
3014,2015-07,0,3
3014,2015-10,0,3
3014,2016-02,0,3
3014,2016-06,0,3
3014,2016-10,0,3
3014,2017-02,1,3
3014,2017-06,1,3
3014,2017-10,0,3
3015,2015-04,0,3
3015,2015-07,0,3
3015,2015-10,0,3
3015,2016-02,0,3
3015,2016-06,0,3
3015,2016-10,0,3
3015,2017-02,1,3
3015,2017-06,1,3
3015,2017-10,0,3
3016,2015-04,0,3
3016,2015-07,0,3
3016,2015-10,0,3
3016,2016-02,0,3
3016,2016-06,0,3
3016,2016-10,0,3
3016,2017-02,0,3
3016,2017-06,0,3
3016,2017-10,0,3
3017,2015-04,0,3
3017,2015-07,0,3
3017,2015-10,0,3
3017,2016-02,0,3
3017,2016-06,0,3
3017,2016-10,0,3
3017,2017-02,0,3
3017,2017-06,0,3
3017,2017-10,0,3
3018,2015-04,0,3
3018,2015-07,0,3
3018,2015-10,0,3
3018,2016-02,0,3
3018,2016-06,0,3
3018,2016-10,0,3
3018,2017-02,0,3
3018,2017-06,0,3
3018,2017-10,0,3
3019,2015-04,0,4
3019,2015-07,0,4
3019,2015-10,0,4
3019,2016-02,0,4
3019,2016-06,0,4
3019,2016-10,0,4
3019,2017-02,0,4
3019,2017-06,1,4
3019,2017-10,1,4
3020,2015-04,0,3
3020,2015-07,0,3
3020,2015-10,0,3
3020,2016-02,0,3
3020,2016-06,0,3
3020,2016-10,0,3
3020,2017-02,0,3
3020,2017-06,0,3
3020,2017-10,0,3
3021,2015-04,0,3
3021,2015-07,0,3
3021,2015-10,0,3
3021,2016-02,0,3
3021,2016-06,0,3
3021,2016-10,0,3
3021,2017-02,0,3
3021,2017-06,0,3
3021,2017-10,0,3
3022,2015-04,0,3
3022,2015-07,0,3
3022,2015-10,0,3
3022,2016-02,0,3
3022,2016-06,0,3
3022,2016-10,0,3
3022,2017-02,0,3
3022,2017-06,0,3
3022,2017-10,0,3
3023,2015-04,0,3
3023,2015-07,0,3
3023,2015-10,0,3
3023,2016-02,0,3
3023,2016-06,0,3
3023,2016-10,0,3
3023,2017-02,0,3
3023,2017-06,0,3
3023,2017-10,0,3
3024,2015-04,0,3
3024,2015-07,0,3
3024,2015-10,0,3
3024,2016-02,0,3
3024,2016-06,0,3
3024,2016-10,0,3
3024,2017-02,0,3
3024,2017-06,0,3
3024,2017-10,0,3
3025,2015-04,0,3
3025,2015-07,0,3
3025,2015-10,0,3
3025,2016-02,0,3
3025,2016-06,0,3
3025,2016-10,0,3
3025,2017-02,0,3
3025,2017-06,0,3
3025,2017-10,0,3
3026,2015-04,0,3
3026,2015-07,0,3
3026,2015-10,0,3
3026,2016-02,0,3
3026,2016-06,0,3
3026,2016-10,0,3
3026,2017-02,0,3
3026,2017-06,0,3
3026,2017-10,0,3
3027,2015-04,0,4
3027,2015-07,0,4
3027,2015-10,0,4
3027,2016-02,0,4
3027,2016-06,0,4
3027,2016-10,0,4
3027,2017-02,0,4
3027,2017-06,0,4
3027,2017-10,0,4
3028,2015-04,0,3
3028,2015-07,0,3
3028,2015-10,0,3
3028,2016-02,0,3
3028,2016-06,0,3
3028,2016-10,0,3
3028,2017-02,0,3
3028,2017-06,0,3
3028,2017-10,0,3
3029,2015-04,0,3
3029,2015-07,0,3
3029,2015-10,0,3
3029,2016-02,0,3
3029,2016-06,0,3
3029,2016-10,0,3
3029,2017-02,0,3
3029,2017-06,0,3
3029,2017-10,0,3
3030,2015-04,0,3
3030,2015-07,0,3
3030,2015-10,0,3
3030,2016-02,0,3
3030,2016-06,0,3
3030,2016-10,0,3
3030,2017-02,0,3
3030,2017-06,0,3
3030,2017-10,0,3
3031,2015-04,0,3
3031,2015-07,0,3
3031,2015-10,0,3
3031,2016-02,0,3
3031,2016-06,0,3
3031,2016-10,0,3
3031,2017-02,0,3
3031,2017-06,0,3
3031,2017-10,0,3
3032,2015-04,0,3
3032,2015-07,0,3
3032,2015-10,0,3
3032,2016-02,0,3
3032,2016-06,0,3
3032,2016-10,0,3
3032,2017-02,0,3
3032,2017-06,0,3
3032,2017-10,0,3
3033,2015-04,0,3
3033,2015-07,0,3
3033,2015-10,0,3
3033,2016-02,0,3
3033,2016-06,0,3
3033,2016-10,0,3
3033,2017-02,0,3
3033,2017-06,0,3
3033,2017-10,0,3
3034,2015-04,0,3
3034,2015-07,0,3
3034,2015-10,0,3
3034,2016-02,0,3
3034,2016-06,0,3
3034,2016-10,0,3
3034,2017-02,0,3
3034,2017-06,0,3
3034,2017-10,0,3
3035,2015-04,0,3
3035,2015-07,0,3
3035,2015-10,0,3
3035,2016-02,0,3
3035,2016-06,0,3
3035,2016-10,0,3
3035,2017-02,0,3
3035,2017-06,0,3
3035,2017-10,0,3
3036,2015-04,0,3
3036,2015-07,0,3
3036,2015-10,0,3
3036,2016-02,0,3
3036,2016-06,0,3
3036,2016-10,0,3
3036,2017-02,0,3
3036,2017-06,0,3
3036,2017-10,0,3
3037,2015-04,0,3
3037,2015-07,0,3
3037,2015-10,0,3
3037,2016-02,0,3
3037,2016-06,0,3
3037,2016-10,0,3
3037,2017-02,0,3
3037,2017-06,0,3
3037,2017-10,0,3
3038,2015-04,0,3
3038,2015-07,0,3
3038,2015-10,0,3
3038,2016-02,0,3
3038,2016-06,0,3
3038,2016-10,0,3
3038,2017-02,0,3
3038,2017-06,0,3
3038,2017-10,0,3
3039,2015-04,0,3
3039,2015-07,0,3
3039,2015-10,0,3
3039,2016-02,0,3
3039,2016-06,0,3
3039,2016-10,0,3
3039,2017-02,0,3
3039,2017-06,0,3
3039,2017-10,0,3
3040,2015-04,0,3
3040,2015-07,0,3
3040,2015-10,0,3
3040,2016-02,0,3
3040,2016-06,0,3
3040,2016-10,0,3
3040,2017-02,0,3
3040,2017-06,0,3
3040,2017-10,0,3
3041,2015-04,0,3
3041,2015-07,0,3
3041,2015-10,0,3
3041,2016-02,0,3
3041,2016-06,0,3
3041,2016-10,0,3
3041,2017-02,0,3
3041,2017-06,1,3
3041,2017-10,0,3
3042,2015-04,0,3
3042,2015-07,0,3
3042,2015-10,0,3
3042,2016-02,0,3
3042,2016-06,0,3
3042,2016-10,0,3
3042,2017-02,0,3
3042,2017-06,1,3
3042,2017-10,0,3
3043,2015-04,0,3
3043,2015-07,0,3
3043,2015-10,0,3
3043,2016-02,0,3
3043,2016-06,0,3
3043,2016-10,0,3
3043,2017-02,0,3
3043,2017-06,0,3
3043,2017-10,0,3
3044,2015-04,0,3
3044,2015-07,0,3
3044,2015-10,0,3
3044,2016-02,0,3
3044,2016-06,0,3
3044,2016-10,0,3
3044,2017-02,0,3
3044,2017-06,0,3
3044,2017-10,0,3
3045,2015-04,0,3
3045,2015-07,0,3
3045,2015-10,0,3
3045,2016-02,0,3
3045,2016-06,0,3
3045,2016-10,0,3
3045,2017-02,0,3
3045,2017-06,0,3
3045,2017-10,0,3
3046,2015-04,0,3
3046,2015-07,0,3
3046,2015-10,0,3
3046,2016-02,0,3
3046,2016-06,0,3
3046,2016-10,0,3
3046,2017-02,0,3
3046,2017-06,0,3
3046,2017-10,0,3
3047,2015-04,0,3
3047,2015-07,0,3
3047,2015-10,0,3
3047,2016-02,0,3
3047,2016-06,0,3
3047,2016-10,0,3
3047,2017-02,0,3
3047,2017-06,0,3
3047,2017-10,0,3
3048,2015-04,0,3
3048,2015-07,0,3
3048,2015-10,0,3
3048,2016-02,0,3
3048,2016-06,0,3
3048,2016-10,0,3
3048,2017-02,0,3
3048,2017-06,0,3
3048,2017-10,0,3
3049,2015-04,0,3
3049,2015-07,0,3
3049,2015-10,0,3
3049,2016-02,0,3
3049,2016-06,0,3
3049,2016-10,0,3
3049,2017-02,0,3
3049,2017-06,0,3
3049,2017-10,0,3
3050,2015-04,0,3
3050,2015-07,0,3
3050,2015-10,0,3
3050,2016-02,0,3
3050,2016-06,0,3
3050,2016-10,0,3
3050,2017-02,0,3
3050,2017-06,0,3
3050,2017-10,0,3
3051,2015-04,0,3
3051,2015-07,0,3
3051,2015-10,0,3
3051,2016-02,0,3
3051,2016-06,0,3
3051,2016-10,0,3
3051,2017-02,0,3
3051,2017-06,0,3
3051,2017-10,0,3
3052,2015-04,0,3
3052,2015-07,0,3
3052,2015-10,0,3
3052,2016-02,0,3
3052,2016-06,0,3
3052,2016-10,0,3
3052,2017-02,0,3
3052,2017-06,0,3
3052,2017-10,0,3
3053,2015-04,0,3
3053,2015-07,0,3
3053,2015-10,0,3
3053,2016-02,0,3
3053,2016-06,0,3
3053,2016-10,0,3
3053,2017-02,0,3
3053,2017-06,0,3
3053,2017-10,0,3
3054,2015-04,0,3
3054,2015-07,0,3
3054,2015-10,0,3
3054,2016-02,0,3
3054,2016-06,0,3
3054,2016-10,0,3
3054,2017-02,0,3
3054,2017-06,0,3
3054,2017-10,0,3
3055,2015-04,0,3
3055,2015-07,0,3
3055,2015-10,0,3
3055,2016-02,0,3
3055,2016-06,0,3
3055,2016-10,0,3
3055,2017-02,0,3
3055,2017-06,0,3
3055,2017-10,0,3
3056,2015-04,0,3
3056,2015-07,0,3
3056,2015-10,0,3
3056,2016-02,0,3
3056,2016-06,0,3
3056,2016-10,0,3
3056,2017-02,0,3
3056,2017-06,0,3
3056,2017-10,0,3
3057,2015-04,0,3
3057,2015-07,0,3
3057,2015-10,0,3
3057,2016-02,0,3
3057,2016-06,0,3
3057,2016-10,0,3
3057,2017-02,0,3
3057,2017-06,0,3
3057,2017-10,0,3
3058,2015-04,0,3
3058,2015-07,0,3
3058,2015-10,0,3
3058,2016-02,0,3
3058,2016-06,0,3
3058,2016-10,0,3
3058,2017-02,0,3
3058,2017-06,0,3
3058,2017-10,0,3
3059,2015-04,0,3
3059,2015-07,0,3
3059,2015-10,0,3
3059,2016-02,0,3
3059,2016-06,0,3
3059,2016-10,0,3
3059,2017-02,0,3
3059,2017-06,0,3
3059,2017-10,0,3
3060,2015-04,0,3
3060,2015-07,0,3
3060,2015-10,0,3
3060,2016-02,0,3
3060,2016-06,0,3
3060,2016-10,0,3
3060,2017-02,0,3
3060,2017-06,0,3
3060,2017-10,0,3
3061,2015-04,0,3
3061,2015-07,0,3
3061,2015-10,0,3
3061,2016-02,0,3
3061,2016-06,0,3
3061,2016-10,0,3
3061,2017-02,0,3
3061,2017-06,0,3
3061,2017-10,0,3
3062,2015-04,0,3
3062,2015-07,0,3
3062,2015-10,0,3
3062,2016-02,0,3
3062,2016-06,0,3
3062,2016-10,0,3
3062,2017-02,1,3
3062,2017-06,1,3
3062,2017-10,0,3
3063,2015-04,0,4
3063,2015-07,0,4
3063,2015-10,0,4
3063,2016-02,0,4
3063,2016-06,0,4
3063,2016-10,1,4
3063,2017-02,1,4
3063,2017-06,1,4
3063,2017-10,1,4
3064,2015-04,0,3
3064,2015-07,0,3
3064,2015-10,0,3
3064,2016-02,0,3
3064,2016-06,0,3
3064,2016-10,0,3
3064,2017-02,0,3
3064,2017-06,0,3
3064,2017-10,0,3
3065,2015-04,0,4
3065,2015-07,0,4
3065,2015-10,0,4
3065,2016-02,0,4
3065,2016-06,0,4
3065,2016-10,0,4
3065,2017-02,1,4
3065,2017-06,1,4
3065,2017-10,1,4
3066,2015-04,0,4
3066,2015-07,0,4
3066,2015-10,0,4
3066,2016-02,0,4
3066,2016-06,0,4
3066,2016-10,0,4
3066,2017-02,1,4
3066,2017-06,1,4
3066,2017-10,1,4
3067,2015-04,0,3
3067,2015-07,0,3
3067,2015-10,0,3
3067,2016-02,0,3
3067,2016-06,0,3
3067,2016-10,0,3
3067,2017-02,0,3
3067,2017-06,0,3
3067,2017-10,0,3
3068,2015-04,0,3
3068,2015-07,0,3
3068,2015-10,0,3
3068,2016-02,0,3
3068,2016-06,0,3
3068,2016-10,1,3
3068,2017-02,0,3
3068,2017-06,0,3
3068,2017-10,0,3
3069,2015-04,0,3
3069,2015-07,0,3
3069,2015-10,0,3
3069,2016-02,0,3
3069,2016-06,0,3
3069,2016-10,0,3
3069,2017-02,0,3
3069,2017-06,0,3
3069,2017-10,0,3
3070,2015-04,0,4
3070,2015-07,0,4
3070,2015-10,0,4
3070,2016-02,0,4
3070,2016-06,0,4
3070,2016-10,0,4
3070,2017-02,0,4
3070,2017-06,0,4
3070,2017-10,0,4
3071,2015-04,0,3
3071,2015-07,0,3
3071,2015-10,0,3
3071,2016-02,0,3
3071,2016-06,0,3
3071,2016-10,0,3
3071,2017-02,0,3
3071,2017-06,0,3
3071,2017-10,0,3
3072,2015-04,0,4
3072,2015-07,0,4
3072,2015-10,0,4
3072,2016-02,0,4
3072,2016-06,0,4
3072,2016-10,0,4
3072,2017-02,0,4
3072,2017-06,0,4
3072,2017-10,1,4
3073,2015-04,0,3
3073,2015-07,0,3
3073,2015-10,0,3
3073,2016-02,0,3
3073,2016-06,0,3
3073,2016-10,0,3
3073,2017-02,0,3
3073,2017-06,0,3
3073,2017-10,1,3
3074,2015-04,0,3
3074,2015-07,0,3
3074,2015-10,0,3
3074,2016-02,0,3
3074,2016-06,0,3
3074,2016-10,0,3
3074,2017-02,1,3
3074,2017-06,0,3
3074,2017-10,0,3
3075,2015-04,0,4
3075,2015-07,0,4
3075,2015-10,0,4
3075,2016-02,0,4
3075,2016-06,0,4
3075,2016-10,1,4
3075,2017-02,1,4
3075,2017-06,1,4
3075,2017-10,1,4
3076,2015-04,0,3
3076,2015-07,0,3
3076,2015-10,0,3
3076,2016-02,0,3
3076,2016-06,0,3
3076,2016-10,0,3
3076,2017-02,1,3
3076,2017-06,1,3
3076,2017-10,1,3
3077,2015-04,0,3
3077,2015-07,0,3
3077,2015-10,0,3
3077,2016-02,0,3
3077,2016-06,0,3
3077,2016-10,0,3
3077,2017-02,0,3
3077,2017-06,1,3
3077,2017-10,0,3
3078,2015-04,0,3
3078,2015-07,0,3
3078,2015-10,0,3
3078,2016-02,0,3
3078,2016-06,0,3
3078,2016-10,0,3
3078,2017-02,0,3
3078,2017-06,0,3
3078,2017-10,0,3
3079,2015-04,0,4
3079,2015-07,0,4
3079,2015-10,0,4
3079,2016-02,0,4
3079,2016-06,0,4
3079,2016-10,0,4
3079,2017-02,0,4
3079,2017-06,1,4
3079,2017-10,1,4
3080,2015-04,0,3
3080,2015-07,0,3
3080,2015-10,0,3
3080,2016-02,0,3
3080,2016-06,0,3
3080,2016-10,0,3
3080,2017-02,0,3
3080,2017-06,0,3
3080,2017-10,0,3
3081,2015-04,0,3
3081,2015-07,0,3
3081,2015-10,0,3
3081,2016-02,0,3
3081,2016-06,0,3
3081,2016-10,0,3
3081,2017-02,0,3
3081,2017-06,0,3
3081,2017-10,0,3
3082,2015-04,0,3
3082,2015-07,0,3
3082,2015-10,0,3
3082,2016-02,0,3
3082,2016-06,0,3
3082,2016-10,0,3
3082,2017-02,1,3
3082,2017-06,1,3
3082,2017-10,0,3
3083,2015-04,0,3
3083,2015-07,0,3
3083,2015-10,0,3
3083,2016-02,0,3
3083,2016-06,0,3
3083,2016-10,0,3
3083,2017-02,1,3
3083,2017-06,1,3
3083,2017-10,0,3
3084,2015-04,0,3
3084,2015-07,0,3
3084,2015-10,0,3
3084,2016-02,0,3
3084,2016-06,0,3
3084,2016-10,0,3
3084,2017-02,1,3
3084,2017-06,1,3
3084,2017-10,0,3
3085,2015-04,0,3
3085,2015-07,0,3
3085,2015-10,0,3
3085,2016-02,0,3
3085,2016-06,0,3
3085,2016-10,0,3
3085,2017-02,0,3
3085,2017-06,1,3
3085,2017-10,1,3
3086,2015-04,0,3
3086,2015-07,0,3
3086,2015-10,0,3
3086,2016-02,0,3
3086,2016-06,0,3
3086,2016-10,0,3
3086,2017-02,1,3
3086,2017-06,0,3
3086,2017-10,0,3
3087,2015-04,0,3
3087,2015-07,0,3
3087,2015-10,0,3
3087,2016-02,0,3
3087,2016-06,0,3
3087,2016-10,0,3
3087,2017-02,0,3
3087,2017-06,0,3
3087,2017-10,0,3
3088,2015-04,0,4
3088,2015-07,0,4
3088,2015-10,0,4
3088,2016-02,0,4
3088,2016-06,0,4
3088,2016-10,0,4
3088,2017-02,1,4
3088,2017-06,1,4
3088,2017-10,1,4
3089,2015-04,0,3
3089,2015-07,0,3
3089,2015-10,0,3
3089,2016-02,0,3
3089,2016-06,0,3
3089,2016-10,0,3
3089,2017-02,1,3
3089,2017-06,1,3
3089,2017-10,0,3
3090,2015-04,0,4
3090,2015-07,0,4
3090,2015-10,0,4
3090,2016-02,0,4
3090,2016-06,0,4
3090,2016-10,0,4
3090,2017-02,1,4
3090,2017-06,1,4
3090,2017-10,1,4
3091,2015-04,0,3
3091,2015-07,0,3
3091,2015-10,0,3
3091,2016-02,0,3
3091,2016-06,0,3
3091,2016-10,0,3
3091,2017-02,1,3
3091,2017-06,1,3
3091,2017-10,0,3
3092,2015-04,0,3
3092,2015-07,0,3
3092,2015-10,0,3
3092,2016-02,0,3
3092,2016-06,0,3
3092,2016-10,0,3
3092,2017-02,0,3
3092,2017-06,0,3
3092,2017-10,0,3
3093,2015-04,0,3
3093,2015-07,0,3
3093,2015-10,0,3
3093,2016-02,0,3
3093,2016-06,0,3
3093,2016-10,0,3
3093,2017-02,0,3
3093,2017-06,0,3
3093,2017-10,0,3
3094,2015-04,0,3
3094,2015-07,0,3
3094,2015-10,0,3
3094,2016-02,0,3
3094,2016-06,0,3
3094,2016-10,0,3
3094,2017-02,0,3
3094,2017-06,0,3
3094,2017-10,0,3
3095,2015-04,0,3
3095,2015-07,0,3
3095,2015-10,0,3
3095,2016-02,0,3
3095,2016-06,0,3
3095,2016-10,0,3
3095,2017-02,0,3
3095,2017-06,0,3
3095,2017-10,0,3
3096,2015-04,0,3
3096,2015-07,0,3
3096,2015-10,0,3
3096,2016-02,0,3
3096,2016-06,0,3
3096,2016-10,0,3
3096,2017-02,0,3
3096,2017-06,0,3
3096,2017-10,0,3
3097,2015-04,0,3
3097,2015-07,0,3
3097,2015-10,0,3
3097,2016-02,0,3
3097,2016-06,0,3
3097,2016-10,0,3
3097,2017-02,0,3
3097,2017-06,0,3
3097,2017-10,0,3
3098,2015-04,0,3
3098,2015-07,0,3
3098,2015-10,0,3
3098,2016-02,0,3
3098,2016-06,0,3
3098,2016-10,0,3
3098,2017-02,0,3
3098,2017-06,0,3
3098,2017-10,0,3
3099,2015-04,0,3
3099,2015-07,0,3
3099,2015-10,0,3
3099,2016-02,0,3
3099,2016-06,0,3
3099,2016-10,0,3
3099,2017-02,0,3
3099,2017-06,0,3
3099,2017-10,0,3
3100,2015-04,0,3
3100,2015-07,0,3
3100,2015-10,0,3
3100,2016-02,0,3
3100,2016-06,0,3
3100,2016-10,0,3
3100,2017-02,0,3
3100,2017-06,0,3
3100,2017-10,0,3
3101,2015-04,0,3
3101,2015-07,0,3
3101,2015-10,0,3
3101,2016-02,0,3
3101,2016-06,0,3
3101,2016-10,0,3
3101,2017-02,0,3
3101,2017-06,0,3
3101,2017-10,0,3
3102,2015-04,0,3
3102,2015-07,0,3
3102,2015-10,0,3
3102,2016-02,0,3
3102,2016-06,0,3
3102,2016-10,0,3
3102,2017-02,0,3
3102,2017-06,0,3
3102,2017-10,0,3
3103,2015-04,0,3
3103,2015-07,0,3
3103,2015-10,0,3
3103,2016-02,0,3
3103,2016-06,0,3
3103,2016-10,0,3
3103,2017-02,0,3
3103,2017-06,0,3
3103,2017-10,0,3
3104,2015-04,0,3
3104,2015-07,0,3
3104,2015-10,0,3
3104,2016-02,0,3
3104,2016-06,0,3
3104,2016-10,0,3
3104,2017-02,0,3
3104,2017-06,0,3
3104,2017-10,0,3
3105,2015-04,0,3
3105,2015-07,0,3
3105,2015-10,0,3
3105,2016-02,0,3
3105,2016-06,0,3
3105,2016-10,0,3
3105,2017-02,0,3
3105,2017-06,0,3
3105,2017-10,0,3
3106,2015-04,0,3
3106,2015-07,0,3
3106,2015-10,0,3
3106,2016-02,0,3
3106,2016-06,0,3
3106,2016-10,0,3
3106,2017-02,0,3
3106,2017-06,0,3
3106,2017-10,0,3
3107,2015-04,0,3
3107,2015-07,0,3
3107,2015-10,0,3
3107,2016-02,0,3
3107,2016-06,0,3
3107,2016-10,0,3
3107,2017-02,0,3
3107,2017-06,0,3
3107,2017-10,0,3
3108,2015-04,0,3
3108,2015-07,0,3
3108,2015-10,0,3
3108,2016-02,0,3
3108,2016-06,0,3
3108,2016-10,0,3
3108,2017-02,0,3
3108,2017-06,0,3
3108,2017-10,0,3
3109,2015-04,0,3
3109,2015-07,0,3
3109,2015-10,0,3
3109,2016-02,0,3
3109,2016-06,0,3
3109,2016-10,0,3
3109,2017-02,0,3
3109,2017-06,0,3
3109,2017-10,0,3
3110,2015-04,0,3
3110,2015-07,0,3
3110,2015-10,0,3
3110,2016-02,0,3
3110,2016-06,0,3
3110,2016-10,0,3
3110,2017-02,0,3
3110,2017-06,0,3
3110,2017-10,0,3
3111,2015-04,0,3
3111,2015-07,0,3
3111,2015-10,0,3
3111,2016-02,0,3
3111,2016-06,0,3
3111,2016-10,0,3
3111,2017-02,0,3
3111,2017-06,0,3
3111,2017-10,0,3
3112,2015-04,0,3
3112,2015-07,0,3
3112,2015-10,0,3
3112,2016-02,0,3
3112,2016-06,0,3
3112,2016-10,0,3
3112,2017-02,0,3
3112,2017-06,0,3
3112,2017-10,0,3
3113,2015-04,0,3
3113,2015-07,0,3
3113,2015-10,0,3
3113,2016-02,0,3
3113,2016-06,0,3
3113,2016-10,0,3
3113,2017-02,0,3
3113,2017-06,0,3
3113,2017-10,0,3
3114,2015-04,0,3
3114,2015-07,0,3
3114,2015-10,0,3
3114,2016-02,0,3
3114,2016-06,0,3
3114,2016-10,0,3
3114,2017-02,0,3
3114,2017-06,0,3
3114,2017-10,0,3
3115,2015-04,0,3
3115,2015-07,0,3
3115,2015-10,0,3
3115,2016-02,0,3
3115,2016-06,0,3
3115,2016-10,0,3
3115,2017-02,0,3
3115,2017-06,0,3
3115,2017-10,0,3
3116,2015-04,0,3
3116,2015-07,0,3
3116,2015-10,0,3
3116,2016-02,0,3
3116,2016-06,0,3
3116,2016-10,0,3
3116,2017-02,0,3
3116,2017-06,0,3
3116,2017-10,0,3
3117,2015-04,0,3
3117,2015-07,0,3
3117,2015-10,0,3
3117,2016-02,0,3
3117,2016-06,0,3
3117,2016-10,0,3
3117,2017-02,0,3
3117,2017-06,0,3
3117,2017-10,0,3
3118,2015-04,0,3
3118,2015-07,0,3
3118,2015-10,0,3
3118,2016-02,0,3
3118,2016-06,0,3
3118,2016-10,0,3
3118,2017-02,0,3
3118,2017-06,0,3
3118,2017-10,0,3
3119,2015-04,0,3
3119,2015-07,0,3
3119,2015-10,0,3
3119,2016-02,0,3
3119,2016-06,0,3
3119,2016-10,0,3
3119,2017-02,0,3
3119,2017-06,0,3
3119,2017-10,0,3
3120,2015-04,0,3
3120,2015-07,0,3
3120,2015-10,0,3
3120,2016-02,0,3
3120,2016-06,0,3
3120,2016-10,0,3
3120,2017-02,0,3
3120,2017-06,0,3
3120,2017-10,0,3
3121,2015-04,0,3
3121,2015-07,0,3
3121,2015-10,0,3
3121,2016-02,0,3
3121,2016-06,0,3
3121,2016-10,0,3
3121,2017-02,0,3
3121,2017-06,0,3
3121,2017-10,0,3
3122,2015-04,0,3
3122,2015-07,0,3
3122,2015-10,0,3
3122,2016-02,0,3
3122,2016-06,0,3
3122,2016-10,0,3
3122,2017-02,0,3
3122,2017-06,0,3
3122,2017-10,0,3
3123,2015-04,0,4
3123,2015-07,0,4
3123,2015-10,0,4
3123,2016-02,0,4
3123,2016-06,0,4
3123,2016-10,0,4
3123,2017-02,0,4
3123,2017-06,0,4
3123,2017-10,0,4
3124,2015-04,0,4
3124,2015-07,0,4
3124,2015-10,0,4
3124,2016-02,0,4
3124,2016-06,0,4
3124,2016-10,0,4
3124,2017-02,0,4
3124,2017-06,0,4
3124,2017-10,0,4
3125,2015-04,0,4
3125,2015-07,0,4
3125,2015-10,0,4
3125,2016-02,0,4
3125,2016-06,0,4
3125,2016-10,0,4
3125,2017-02,0,4
3125,2017-06,0,4
3125,2017-10,0,4
3126,2015-04,0,4
3126,2015-07,0,4
3126,2015-10,0,4
3126,2016-02,0,4
3126,2016-06,0,4
3126,2016-10,0,4
3126,2017-02,0,4
3126,2017-06,1,4
3126,2017-10,1,4
3127,2015-04,0,3
3127,2015-07,0,3
3127,2015-10,0,3
3127,2016-02,0,3
3127,2016-06,0,3
3127,2016-10,0,3
3127,2017-02,0,3
3127,2017-06,0,3
3127,2017-10,0,3
3128,2015-04,0,3
3128,2015-07,0,3
3128,2015-10,0,3
3128,2016-02,0,3
3128,2016-06,0,3
3128,2016-10,0,3
3128,2017-02,0,3
3128,2017-06,0,3
3128,2017-10,0,3
3129,2015-04,0,3
3129,2015-07,0,3
3129,2015-10,0,3
3129,2016-02,0,3
3129,2016-06,0,3
3129,2016-10,0,3
3129,2017-02,0,3
3129,2017-06,0,3
3129,2017-10,0,3
3130,2015-04,0,3
3130,2015-07,0,3
3130,2015-10,0,3
3130,2016-02,0,3
3130,2016-06,0,3
3130,2016-10,0,3
3130,2017-02,0,3
3130,2017-06,0,3
3130,2017-10,0,3
3131,2015-04,0,4
3131,2015-07,0,4
3131,2015-10,0,4
3131,2016-02,0,4
3131,2016-06,0,4
3131,2016-10,0,4
3131,2017-02,0,4
3131,2017-06,0,4
3131,2017-10,0,4
3132,2015-04,0,3
3132,2015-07,0,3
3132,2015-10,0,3
3132,2016-02,0,3
3132,2016-06,0,3
3132,2016-10,0,3
3132,2017-02,0,3
3132,2017-06,0,3
3132,2017-10,0,3
3133,2015-04,0,3
3133,2015-07,0,3
3133,2015-10,0,3
3133,2016-02,0,3
3133,2016-06,0,3
3133,2016-10,0,3
3133,2017-02,0,3
3133,2017-06,0,3
3133,2017-10,0,3
3134,2015-04,0,3
3134,2015-07,0,3
3134,2015-10,0,3
3134,2016-02,0,3
3134,2016-06,0,3
3134,2016-10,0,3
3134,2017-02,0,3
3134,2017-06,0,3
3134,2017-10,0,3
3135,2015-04,0,3
3135,2015-07,0,3
3135,2015-10,0,3
3135,2016-02,0,3
3135,2016-06,0,3
3135,2016-10,0,3
3135,2017-02,1,3
3135,2017-06,1,3
3135,2017-10,0,3
3136,2015-04,0,4
3136,2015-07,0,4
3136,2015-10,0,4
3136,2016-02,0,4
3136,2016-06,0,4
3136,2016-10,0,4
3136,2017-02,0,4
3136,2017-06,1,4
3136,2017-10,0,4
3137,2015-04,0,4
3137,2015-07,0,4
3137,2015-10,0,4
3137,2016-02,0,4
3137,2016-06,0,4
3137,2016-10,0,4
3137,2017-02,0,4
3137,2017-06,1,4
3137,2017-10,0,4
3138,2015-04,0,4
3138,2015-07,0,4
3138,2015-10,0,4
3138,2016-02,0,4
3138,2016-06,0,4
3138,2016-10,0,4
3138,2017-02,0,4
3138,2017-06,0,4
3138,2017-10,0,4
3139,2015-04,0,4
3139,2015-07,0,4
3139,2015-10,0,4
3139,2016-02,0,4
3139,2016-06,0,4
3139,2016-10,0,4
3139,2017-02,0,4
3139,2017-06,1,4
3139,2017-10,0,4
3140,2015-04,0,4
3140,2015-07,0,4
3140,2015-10,0,4
3140,2016-02,0,4
3140,2016-06,0,4
3140,2016-10,0,4
3140,2017-02,0,4
3140,2017-06,0,4
3140,2017-10,0,4
3141,2015-04,0,4
3141,2015-07,0,4
3141,2015-10,0,4
3141,2016-02,0,4
3141,2016-06,0,4
3141,2016-10,0,4
3141,2017-02,0,4
3141,2017-06,0,4
3141,2017-10,0,4
3142,2015-04,0,3
3142,2015-07,0,3
3142,2015-10,0,3
3142,2016-02,0,3
3142,2016-06,0,3
3142,2016-10,0,3
3142,2017-02,0,3
3142,2017-06,0,3
3142,2017-10,0,3
3143,2015-04,0,3
3143,2015-07,0,3
3143,2015-10,0,3
3143,2016-02,0,3
3143,2016-06,0,3
3143,2016-10,0,3
3143,2017-02,0,3
3143,2017-06,0,3
3143,2017-10,0,3
3144,2015-04,0,3
3144,2015-07,0,3
3144,2015-10,0,3
3144,2016-02,0,3
3144,2016-06,0,3
3144,2016-10,0,3
3144,2017-02,0,3
3144,2017-06,0,3
3144,2017-10,0,3
3145,2015-04,0,3
3145,2015-07,0,3
3145,2015-10,0,3
3145,2016-02,0,3
3145,2016-06,0,3
3145,2016-10,0,3
3145,2017-02,0,3
3145,2017-06,1,3
3145,2017-10,0,3
3146,2015-04,0,3
3146,2015-07,0,3
3146,2015-10,0,3
3146,2016-02,0,3
3146,2016-06,0,3
3146,2016-10,0,3
3146,2017-02,0,3
3146,2017-06,0,3
3146,2017-10,0,3
3147,2015-04,0,3
3147,2015-07,0,3
3147,2015-10,0,3
3147,2016-02,0,3
3147,2016-06,0,3
3147,2016-10,0,3
3147,2017-02,0,3
3147,2017-06,0,3
3147,2017-10,1,3
3148,2015-04,0,3
3148,2015-07,0,3
3148,2015-10,0,3
3148,2016-02,0,3
3148,2016-06,0,3
3148,2016-10,0,3
3148,2017-02,1,3
3148,2017-06,1,3
3148,2017-10,0,3
3149,2015-04,0,3
3149,2015-07,0,3
3149,2015-10,0,3
3149,2016-02,0,3
3149,2016-06,0,3
3149,2016-10,0,3
3149,2017-02,1,3
3149,2017-06,1,3
3149,2017-10,0,3
3150,2015-04,0,3
3150,2015-07,0,3
3150,2015-10,0,3
3150,2016-02,0,3
3150,2016-06,0,3
3150,2016-10,0,3
3150,2017-02,0,3
3150,2017-06,0,3
3150,2017-10,0,3
3151,2015-04,0,3
3151,2015-07,0,3
3151,2015-10,0,3
3151,2016-02,0,3
3151,2016-06,0,3
3151,2016-10,0,3
3151,2017-02,0,3
3151,2017-06,0,3
3151,2017-10,0,3
3152,2015-04,0,4
3152,2015-07,0,4
3152,2015-10,0,4
3152,2016-02,0,4
3152,2016-06,0,4
3152,2016-10,0,4
3152,2017-02,0,4
3152,2017-06,0,4
3152,2017-10,0,4
3153,2015-04,0,3
3153,2015-07,0,3
3153,2015-10,0,3
3153,2016-02,0,3
3153,2016-06,0,3
3153,2016-10,0,3
3153,2017-02,0,3
3153,2017-06,1,3
3153,2017-10,1,3
3154,2015-04,0,3
3154,2015-07,0,3
3154,2015-10,0,3
3154,2016-02,0,3
3154,2016-06,0,3
3154,2016-10,0,3
3154,2017-02,0,3
3154,2017-06,0,3
3154,2017-10,0,3
3155,2015-04,0,3
3155,2015-07,0,3
3155,2015-10,0,3
3155,2016-02,0,3
3155,2016-06,0,3
3155,2016-10,0,3
3155,2017-02,0,3
3155,2017-06,0,3
3155,2017-10,0,3
3156,2015-04,0,3
3156,2015-07,0,3
3156,2015-10,0,3
3156,2016-02,0,3
3156,2016-06,0,3
3156,2016-10,0,3
3156,2017-02,0,3
3156,2017-06,0,3
3156,2017-10,0,3
3157,2015-04,0,3
3157,2015-07,0,3
3157,2015-10,0,3
3157,2016-02,0,3
3157,2016-06,0,3
3157,2016-10,0,3
3157,2017-02,0,3
3157,2017-06,0,3
3157,2017-10,0,3
3158,2015-04,0,3
3158,2015-07,0,3
3158,2015-10,0,3
3158,2016-02,0,3
3158,2016-06,0,3
3158,2016-10,0,3
3158,2017-02,0,3
3158,2017-06,0,3
3158,2017-10,0,3
3159,2015-04,0,3
3159,2015-07,0,3
3159,2015-10,0,3
3159,2016-02,0,3
3159,2016-06,0,3
3159,2016-10,0,3
3159,2017-02,0,3
3159,2017-06,0,3
3159,2017-10,0,3
3160,2015-04,0,3
3160,2015-07,0,3
3160,2015-10,0,3
3160,2016-02,0,3
3160,2016-06,0,3
3160,2016-10,0,3
3160,2017-02,0,3
3160,2017-06,0,3
3160,2017-10,1,3
3161,2015-04,0,3
3161,2015-07,0,3
3161,2015-10,0,3
3161,2016-02,0,3
3161,2016-06,0,3
3161,2016-10,0,3
3161,2017-02,0,3
3161,2017-06,1,3
3161,2017-10,1,3
3162,2015-04,0,3
3162,2015-07,0,3
3162,2015-10,0,3
3162,2016-02,0,3
3162,2016-06,0,3
3162,2016-10,0,3
3162,2017-02,0,3
3162,2017-06,0,3
3162,2017-10,0,3
3163,2015-04,0,3
3163,2015-07,0,3
3163,2015-10,0,3
3163,2016-02,0,3
3163,2016-06,0,3
3163,2016-10,0,3
3163,2017-02,0,3
3163,2017-06,0,3
3163,2017-10,0,3
3164,2015-04,0,3
3164,2015-07,0,3
3164,2015-10,0,3
3164,2016-02,0,3
3164,2016-06,0,3
3164,2016-10,0,3
3164,2017-02,0,3
3164,2017-06,0,3
3164,2017-10,0,3
3165,2015-04,0,3
3165,2015-07,0,3
3165,2015-10,0,3
3165,2016-02,0,3
3165,2016-06,0,3
3165,2016-10,0,3
3165,2017-02,0,3
3165,2017-06,0,3
3165,2017-10,0,3
3166,2015-04,0,3
3166,2015-07,0,3
3166,2015-10,0,3
3166,2016-02,0,3
3166,2016-06,0,3
3166,2016-10,0,3
3166,2017-02,1,3
3166,2017-06,1,3
3166,2017-10,0,3
3167,2015-04,0,3
3167,2015-07,0,3
3167,2015-10,0,3
3167,2016-02,0,3
3167,2016-06,0,3
3167,2016-10,0,3
3167,2017-02,0,3
3167,2017-06,0,3
3167,2017-10,0,3
3168,2015-04,0,3
3168,2015-07,0,3
3168,2015-10,0,3
3168,2016-02,0,3
3168,2016-06,0,3
3168,2016-10,0,3
3168,2017-02,0,3
3168,2017-06,1,3
3168,2017-10,1,3
3169,2015-04,0,3
3169,2015-07,0,3
3169,2015-10,0,3
3169,2016-02,0,3
3169,2016-06,0,3
3169,2016-10,0,3
3169,2017-02,0,3
3169,2017-06,1,3
3169,2017-10,1,3
3170,2015-04,0,3
3170,2015-07,0,3
3170,2015-10,0,3
3170,2016-02,0,3
3170,2016-06,0,3
3170,2016-10,0,3
3170,2017-02,1,3
3170,2017-06,1,3
3170,2017-10,1,3
3171,2015-04,0,3
3171,2015-07,0,3
3171,2015-10,0,3
3171,2016-02,0,3
3171,2016-06,0,3
3171,2016-10,0,3
3171,2017-02,0,3
3171,2017-06,0,3
3171,2017-10,0,3
3172,2015-04,0,3
3172,2015-07,0,3
3172,2015-10,0,3
3172,2016-02,0,3
3172,2016-06,0,3
3172,2016-10,0,3
3172,2017-02,0,3
3172,2017-06,0,3
3172,2017-10,0,3
3173,2015-04,0,3
3173,2015-07,0,3
3173,2015-10,0,3
3173,2016-02,0,3
3173,2016-06,0,3
3173,2016-10,0,3
3173,2017-02,0,3
3173,2017-06,0,3
3173,2017-10,0,3
3174,2015-04,0,3
3174,2015-07,0,3
3174,2015-10,0,3
3174,2016-02,0,3
3174,2016-06,0,3
3174,2016-10,0,3
3174,2017-02,0,3
3174,2017-06,0,3
3174,2017-10,0,3
3175,2015-04,0,3
3175,2015-07,0,3
3175,2015-10,0,3
3175,2016-02,0,3
3175,2016-06,0,3
3175,2016-10,0,3
3175,2017-02,0,3
3175,2017-06,0,3
3175,2017-10,0,3
3176,2015-04,0,3
3176,2015-07,0,3
3176,2015-10,0,3
3176,2016-02,0,3
3176,2016-06,0,3
3176,2016-10,0,3
3176,2017-02,0,3
3176,2017-06,0,3
3176,2017-10,0,3
3177,2015-04,0,3
3177,2015-07,0,3
3177,2015-10,0,3
3177,2016-02,0,3
3177,2016-06,0,3
3177,2016-10,0,3
3177,2017-02,0,3
3177,2017-06,0,3
3177,2017-10,0,3
3178,2015-04,0,3
3178,2015-07,0,3
3178,2015-10,0,3
3178,2016-02,0,3
3178,2016-06,0,3
3178,2016-10,0,3
3178,2017-02,0,3
3178,2017-06,0,3
3178,2017-10,0,3
3179,2015-04,0,3
3179,2015-07,0,3
3179,2015-10,0,3
3179,2016-02,0,3
3179,2016-06,0,3
3179,2016-10,0,3
3179,2017-02,0,3
3179,2017-06,0,3
3179,2017-10,0,3
3180,2015-04,0,3
3180,2015-07,0,3
3180,2015-10,0,3
3180,2016-02,0,3
3180,2016-06,0,3
3180,2016-10,0,3
3180,2017-02,0,3
3180,2017-06,0,3
3180,2017-10,0,3
3181,2015-04,0,3
3181,2015-07,0,3
3181,2015-10,0,3
3181,2016-02,0,3
3181,2016-06,0,3
3181,2016-10,0,3
3181,2017-02,0,3
3181,2017-06,0,3
3181,2017-10,0,3
3182,2015-04,0,3
3182,2015-07,0,3
3182,2015-10,0,3
3182,2016-02,0,3
3182,2016-06,0,3
3182,2016-10,0,3
3182,2017-02,0,3
3182,2017-06,0,3
3182,2017-10,0,3
3183,2015-04,0,3
3183,2015-07,0,3
3183,2015-10,0,3
3183,2016-02,0,3
3183,2016-06,0,3
3183,2016-10,0,3
3183,2017-02,0,3
3183,2017-06,0,3
3183,2017-10,0,3
3184,2015-04,0,3
3184,2015-07,0,3
3184,2015-10,0,3
3184,2016-02,0,3
3184,2016-06,0,3
3184,2016-10,0,3
3184,2017-02,0,3
3184,2017-06,0,3
3184,2017-10,0,3
3185,2015-04,0,3
3185,2015-07,0,3
3185,2015-10,0,3
3185,2016-02,0,3
3185,2016-06,0,3
3185,2016-10,0,3
3185,2017-02,0,3
3185,2017-06,0,3
3185,2017-10,0,3
3186,2015-04,0,3
3186,2015-07,0,3
3186,2015-10,0,3
3186,2016-02,0,3
3186,2016-06,0,3
3186,2016-10,0,3
3186,2017-02,0,3
3186,2017-06,0,3
3186,2017-10,0,3
3187,2015-04,0,3
3187,2015-07,0,3
3187,2015-10,0,3
3187,2016-02,0,3
3187,2016-06,0,3
3187,2016-10,0,3
3187,2017-02,0,3
3187,2017-06,0,3
3187,2017-10,0,3
3188,2015-04,0,3
3188,2015-07,0,3
3188,2015-10,0,3
3188,2016-02,0,3
3188,2016-06,0,3
3188,2016-10,0,3
3188,2017-02,0,3
3188,2017-06,0,3
3188,2017-10,0,3
3189,2015-04,0,3
3189,2015-07,0,3
3189,2015-10,0,3
3189,2016-02,0,3
3189,2016-06,0,3
3189,2016-10,0,3
3189,2017-02,0,3
3189,2017-06,0,3
3189,2017-10,0,3
3190,2015-04,0,3
3190,2015-07,0,3
3190,2015-10,0,3
3190,2016-02,0,3
3190,2016-06,0,3
3190,2016-10,0,3
3190,2017-02,0,3
3190,2017-06,0,3
3190,2017-10,0,3
3191,2015-04,0,3
3191,2015-07,0,3
3191,2015-10,0,3
3191,2016-02,0,3
3191,2016-06,0,3
3191,2016-10,0,3
3191,2017-02,0,3
3191,2017-06,0,3
3191,2017-10,0,3
3192,2015-04,0,3
3192,2015-07,0,3
3192,2015-10,0,3
3192,2016-02,0,3
3192,2016-06,0,3
3192,2016-10,0,3
3192,2017-02,0,3
3192,2017-06,0,3
3192,2017-10,0,3
3193,2015-04,0,3
3193,2015-07,0,3
3193,2015-10,0,3
3193,2016-02,0,3
3193,2016-06,0,3
3193,2016-10,0,3
3193,2017-02,0,3
3193,2017-06,0,3
3193,2017-10,0,3
3194,2015-04,0,3
3194,2015-07,0,3
3194,2015-10,0,3
3194,2016-02,0,3
3194,2016-06,0,3
3194,2016-10,0,3
3194,2017-02,0,3
3194,2017-06,0,3
3194,2017-10,0,3
3195,2015-04,0,3
3195,2015-07,0,3
3195,2015-10,0,3
3195,2016-02,0,3
3195,2016-06,0,3
3195,2016-10,0,3
3195,2017-02,0,3
3195,2017-06,0,3
3195,2017-10,0,3
3196,2015-04,0,3
3196,2015-07,0,3
3196,2015-10,0,3
3196,2016-02,0,3
3196,2016-06,0,3
3196,2016-10,0,3
3196,2017-02,0,3
3196,2017-06,0,3
3196,2017-10,0,3
3197,2015-04,0,3
3197,2015-07,0,3
3197,2015-10,0,3
3197,2016-02,0,3
3197,2016-06,0,3
3197,2016-10,0,3
3197,2017-02,0,3
3197,2017-06,0,3
3197,2017-10,0,3
3198,2015-04,0,3
3198,2015-07,0,3
3198,2015-10,0,3
3198,2016-02,0,3
3198,2016-06,0,3
3198,2016-10,0,3
3198,2017-02,0,3
3198,2017-06,0,3
3198,2017-10,0,3
3199,2015-04,0,3
3199,2015-07,0,3
3199,2015-10,0,3
3199,2016-02,0,3
3199,2016-06,0,3
3199,2016-10,0,3
3199,2017-02,0,3
3199,2017-06,0,3
3199,2017-10,0,3
3200,2015-04,0,3
3200,2015-07,0,3
3200,2015-10,0,3
3200,2016-02,0,3
3200,2016-06,0,3
3200,2016-10,0,3
3200,2017-02,0,3
3200,2017-06,0,3
3200,2017-10,0,3
3201,2015-04,0,3
3201,2015-07,0,3
3201,2015-10,0,3
3201,2016-02,0,3
3201,2016-06,0,3
3201,2016-10,0,3
3201,2017-02,0,3
3201,2017-06,0,3
3201,2017-10,0,3
3202,2015-04,0,3
3202,2015-07,0,3
3202,2015-10,0,3
3202,2016-02,0,3
3202,2016-06,0,3
3202,2016-10,0,3
3202,2017-02,0,3
3202,2017-06,0,3
3202,2017-10,0,3
3203,2015-04,0,3
3203,2015-07,0,3
3203,2015-10,0,3
3203,2016-02,0,3
3203,2016-06,0,3
3203,2016-10,0,3
3203,2017-02,0,3
3203,2017-06,0,3
3203,2017-10,0,3
3204,2015-04,0,3
3204,2015-07,0,3
3204,2015-10,0,3
3204,2016-02,0,3
3204,2016-06,0,3
3204,2016-10,0,3
3204,2017-02,0,3
3204,2017-06,0,3
3204,2017-10,0,3
3205,2015-04,0,3
3205,2015-07,0,3
3205,2015-10,0,3
3205,2016-02,0,3
3205,2016-06,0,3
3205,2016-10,0,3
3205,2017-02,0,3
3205,2017-06,0,3
3205,2017-10,0,3
3206,2015-04,0,3
3206,2015-07,0,3
3206,2015-10,0,3
3206,2016-02,0,3
3206,2016-06,0,3
3206,2016-10,0,3
3206,2017-02,0,3
3206,2017-06,0,3
3206,2017-10,0,3
3207,2015-04,0,3
3207,2015-07,0,3
3207,2015-10,0,3
3207,2016-02,0,3
3207,2016-06,0,3
3207,2016-10,0,3
3207,2017-02,0,3
3207,2017-06,0,3
3207,2017-10,0,3
3208,2015-04,0,3
3208,2015-07,0,3
3208,2015-10,0,3
3208,2016-02,0,3
3208,2016-06,0,3
3208,2016-10,0,3
3208,2017-02,0,3
3208,2017-06,0,3
3208,2017-10,0,3
3209,2015-04,0,3
3209,2015-07,0,3
3209,2015-10,0,3
3209,2016-02,0,3
3209,2016-06,0,3
3209,2016-10,0,3
3209,2017-02,0,3
3209,2017-06,0,3
3209,2017-10,0,3
3210,2015-04,0,3
3210,2015-07,0,3
3210,2015-10,0,3
3210,2016-02,0,3
3210,2016-06,0,3
3210,2016-10,0,3
3210,2017-02,0,3
3210,2017-06,0,3
3210,2017-10,0,3
3211,2015-04,0,3
3211,2015-07,0,3
3211,2015-10,0,3
3211,2016-02,0,3
3211,2016-06,0,3
3211,2016-10,0,3
3211,2017-02,0,3
3211,2017-06,0,3
3211,2017-10,0,3
3212,2015-04,0,3
3212,2015-07,0,3
3212,2015-10,0,3
3212,2016-02,0,3
3212,2016-06,0,3
3212,2016-10,0,3
3212,2017-02,0,3
3212,2017-06,0,3
3212,2017-10,0,3
3213,2015-04,0,3
3213,2015-07,0,3
3213,2015-10,0,3
3213,2016-02,0,3
3213,2016-06,0,3
3213,2016-10,0,3
3213,2017-02,0,3
3213,2017-06,0,3
3213,2017-10,0,3
3214,2015-04,0,3
3214,2015-07,0,3
3214,2015-10,0,3
3214,2016-02,0,3
3214,2016-06,0,3
3214,2016-10,0,3
3214,2017-02,0,3
3214,2017-06,0,3
3214,2017-10,0,3
3215,2015-04,0,3
3215,2015-07,0,3
3215,2015-10,0,3
3215,2016-02,0,3
3215,2016-06,0,3
3215,2016-10,0,3
3215,2017-02,0,3
3215,2017-06,0,3
3215,2017-10,0,3
3216,2015-04,0,3
3216,2015-07,0,3
3216,2015-10,0,3
3216,2016-02,0,3
3216,2016-06,0,3
3216,2016-10,0,3
3216,2017-02,0,3
3216,2017-06,0,3
3216,2017-10,0,3
3217,2015-04,0,3
3217,2015-07,0,3
3217,2015-10,0,3
3217,2016-02,0,3
3217,2016-06,0,3
3217,2016-10,0,3
3217,2017-02,0,3
3217,2017-06,0,3
3217,2017-10,0,3
3218,2015-04,0,3
3218,2015-07,0,3
3218,2015-10,0,3
3218,2016-02,0,3
3218,2016-06,0,3
3218,2016-10,0,3
3218,2017-02,0,3
3218,2017-06,0,3
3218,2017-10,0,3
3219,2015-04,0,3
3219,2015-07,0,3
3219,2015-10,0,3
3219,2016-02,0,3
3219,2016-06,0,3
3219,2016-10,0,3
3219,2017-02,0,3
3219,2017-06,0,3
3219,2017-10,0,3
3220,2015-04,0,3
3220,2015-07,0,3
3220,2015-10,0,3
3220,2016-02,0,3
3220,2016-06,0,3
3220,2016-10,0,3
3220,2017-02,0,3
3220,2017-06,0,3
3220,2017-10,0,3
3221,2015-04,0,3
3221,2015-07,0,3
3221,2015-10,0,3
3221,2016-02,0,3
3221,2016-06,0,3
3221,2016-10,0,3
3221,2017-02,0,3
3221,2017-06,0,3
3221,2017-10,0,3
3222,2015-04,0,3
3222,2015-07,0,3
3222,2015-10,0,3
3222,2016-02,0,3
3222,2016-06,0,3
3222,2016-10,0,3
3222,2017-02,0,3
3222,2017-06,0,3
3222,2017-10,0,3
3223,2015-04,0,3
3223,2015-07,0,3
3223,2015-10,0,3
3223,2016-02,0,3
3223,2016-06,0,3
3223,2016-10,0,3
3223,2017-02,0,3
3223,2017-06,0,3
3223,2017-10,0,3
3224,2015-04,0,3
3224,2015-07,0,3
3224,2015-10,0,3
3224,2016-02,0,3
3224,2016-06,0,3
3224,2016-10,0,3
3224,2017-02,0,3
3224,2017-06,0,3
3224,2017-10,0,3
3225,2015-04,0,3
3225,2015-07,0,3
3225,2015-10,0,3
3225,2016-02,0,3
3225,2016-06,0,3
3225,2016-10,0,3
3225,2017-02,0,3
3225,2017-06,0,3
3225,2017-10,0,3
3226,2015-04,0,3
3226,2015-07,0,3
3226,2015-10,0,3
3226,2016-02,0,3
3226,2016-06,0,3
3226,2016-10,0,3
3226,2017-02,0,3
3226,2017-06,0,3
3226,2017-10,0,3
3227,2015-04,0,3
3227,2015-07,0,3
3227,2015-10,0,3
3227,2016-02,0,3
3227,2016-06,0,3
3227,2016-10,0,3
3227,2017-02,0,3
3227,2017-06,0,3
3227,2017-10,0,3
3228,2015-04,0,3
3228,2015-07,0,3
3228,2015-10,0,3
3228,2016-02,0,3
3228,2016-06,0,3
3228,2016-10,0,3
3228,2017-02,0,3
3228,2017-06,0,3
3228,2017-10,0,3
3229,2015-04,0,3
3229,2015-07,0,3
3229,2015-10,0,3
3229,2016-02,0,3
3229,2016-06,0,3
3229,2016-10,0,3
3229,2017-02,0,3
3229,2017-06,0,3
3229,2017-10,0,3
3230,2015-04,0,3
3230,2015-07,0,3
3230,2015-10,0,3
3230,2016-02,0,3
3230,2016-06,0,3
3230,2016-10,0,3
3230,2017-02,0,3
3230,2017-06,0,3
3230,2017-10,0,3
3231,2015-04,0,3
3231,2015-07,0,3
3231,2015-10,0,3
3231,2016-02,0,3
3231,2016-06,0,3
3231,2016-10,0,3
3231,2017-02,0,3
3231,2017-06,0,3
3231,2017-10,0,3
3232,2015-04,0,3
3232,2015-07,0,3
3232,2015-10,0,3
3232,2016-02,0,3
3232,2016-06,0,3
3232,2016-10,0,3
3232,2017-02,0,3
3232,2017-06,0,3
3232,2017-10,0,3
3233,2015-04,0,3
3233,2015-07,0,3
3233,2015-10,0,3
3233,2016-02,0,3
3233,2016-06,0,3
3233,2016-10,0,3
3233,2017-02,0,3
3233,2017-06,0,3
3233,2017-10,0,3
3234,2015-04,0,3
3234,2015-07,0,3
3234,2015-10,0,3
3234,2016-02,0,3
3234,2016-06,0,3
3234,2016-10,0,3
3234,2017-02,0,3
3234,2017-06,0,3
3234,2017-10,0,3
3235,2015-04,0,3
3235,2015-07,0,3
3235,2015-10,0,3
3235,2016-02,0,3
3235,2016-06,0,3
3235,2016-10,0,3
3235,2017-02,0,3
3235,2017-06,0,3
3235,2017-10,0,3
3236,2015-04,0,3
3236,2015-07,0,3
3236,2015-10,0,3
3236,2016-02,0,3
3236,2016-06,0,3
3236,2016-10,0,3
3236,2017-02,0,3
3236,2017-06,0,3
3236,2017-10,0,3
3237,2015-04,0,3
3237,2015-07,0,3
3237,2015-10,0,3
3237,2016-02,0,3
3237,2016-06,0,3
3237,2016-10,0,3
3237,2017-02,0,3
3237,2017-06,0,3
3237,2017-10,0,3
3238,2015-04,0,3
3238,2015-07,0,3
3238,2015-10,0,3
3238,2016-02,0,3
3238,2016-06,0,3
3238,2016-10,0,3
3238,2017-02,0,3
3238,2017-06,0,3
3238,2017-10,0,3
3239,2015-04,0,3
3239,2015-07,0,3
3239,2015-10,0,3
3239,2016-02,0,3
3239,2016-06,0,3
3239,2016-10,0,3
3239,2017-02,0,3
3239,2017-06,0,3
3239,2017-10,0,3
3240,2015-04,0,3
3240,2015-07,0,3
3240,2015-10,0,3
3240,2016-02,0,3
3240,2016-06,0,3
3240,2016-10,0,3
3240,2017-02,0,3
3240,2017-06,0,3
3240,2017-10,0,3
3241,2015-04,0,3
3241,2015-07,0,3
3241,2015-10,0,3
3241,2016-02,0,3
3241,2016-06,0,3
3241,2016-10,0,3
3241,2017-02,0,3
3241,2017-06,0,3
3241,2017-10,0,3
3242,2015-04,0,3
3242,2015-07,0,3
3242,2015-10,0,3
3242,2016-02,0,3
3242,2016-06,0,3
3242,2016-10,0,3
3242,2017-02,0,3
3242,2017-06,0,3
3242,2017-10,0,3
3243,2015-04,0,3
3243,2015-07,0,3
3243,2015-10,0,3
3243,2016-02,0,3
3243,2016-06,0,3
3243,2016-10,0,3
3243,2017-02,0,3
3243,2017-06,0,3
3243,2017-10,0,3
3244,2015-04,0,3
3244,2015-07,0,3
3244,2015-10,0,3
3244,2016-02,0,3
3244,2016-06,0,3
3244,2016-10,0,3
3244,2017-02,0,3
3244,2017-06,0,3
3244,2017-10,0,3
3245,2015-04,0,3
3245,2015-07,0,3
3245,2015-10,0,3
3245,2016-02,0,3
3245,2016-06,0,3
3245,2016-10,0,3
3245,2017-02,0,3
3245,2017-06,0,3
3245,2017-10,0,3
3246,2015-04,0,3
3246,2015-07,0,3
3246,2015-10,0,3
3246,2016-02,0,3
3246,2016-06,0,3
3246,2016-10,0,3
3246,2017-02,0,3
3246,2017-06,0,3
3246,2017-10,0,3
3247,2015-04,0,3
3247,2015-07,0,3
3247,2015-10,0,3
3247,2016-02,0,3
3247,2016-06,0,3
3247,2016-10,0,3
3247,2017-02,0,3
3247,2017-06,0,3
3247,2017-10,0,3
3248,2015-04,0,3
3248,2015-07,0,3
3248,2015-10,0,3
3248,2016-02,0,3
3248,2016-06,0,3
3248,2016-10,0,3
3248,2017-02,0,3
3248,2017-06,0,3
3248,2017-10,0,3
3249,2015-04,0,3
3249,2015-07,0,3
3249,2015-10,0,3
3249,2016-02,0,3
3249,2016-06,0,3
3249,2016-10,0,3
3249,2017-02,0,3
3249,2017-06,0,3
3249,2017-10,0,3
3250,2015-04,0,3
3250,2015-07,0,3
3250,2015-10,0,3
3250,2016-02,0,3
3250,2016-06,0,3
3250,2016-10,0,3
3250,2017-02,0,3
3250,2017-06,0,3
3250,2017-10,0,3
3251,2015-04,0,3
3251,2015-07,0,3
3251,2015-10,0,3
3251,2016-02,0,3
3251,2016-06,0,3
3251,2016-10,0,3
3251,2017-02,0,3
3251,2017-06,0,3
3251,2017-10,0,3
3252,2015-04,0,3
3252,2015-07,0,3
3252,2015-10,0,3
3252,2016-02,0,3
3252,2016-06,0,3
3252,2016-10,0,3
3252,2017-02,0,3
3252,2017-06,0,3
3252,2017-10,0,3
3253,2015-04,0,3
3253,2015-07,0,3
3253,2015-10,0,3
3253,2016-02,0,3
3253,2016-06,0,3
3253,2016-10,0,3
3253,2017-02,0,3
3253,2017-06,0,3
3253,2017-10,0,3
3254,2015-04,0,3
3254,2015-07,0,3
3254,2015-10,0,3
3254,2016-02,0,3
3254,2016-06,0,3
3254,2016-10,0,3
3254,2017-02,0,3
3254,2017-06,0,3
3254,2017-10,0,3
3255,2015-04,0,3
3255,2015-07,0,3
3255,2015-10,0,3
3255,2016-02,0,3
3255,2016-06,0,3
3255,2016-10,0,3
3255,2017-02,0,3
3255,2017-06,0,3
3255,2017-10,0,3
3256,2015-04,0,3
3256,2015-07,0,3
3256,2015-10,0,3
3256,2016-02,0,3
3256,2016-06,0,3
3256,2016-10,0,3
3256,2017-02,0,3
3256,2017-06,0,3
3256,2017-10,0,3
3257,2015-04,0,3
3257,2015-07,0,3
3257,2015-10,0,3
3257,2016-02,0,3
3257,2016-06,0,3
3257,2016-10,0,3
3257,2017-02,0,3
3257,2017-06,0,3
3257,2017-10,0,3
3258,2015-04,0,3
3258,2015-07,0,3
3258,2015-10,0,3
3258,2016-02,0,3
3258,2016-06,0,3
3258,2016-10,0,3
3258,2017-02,0,3
3258,2017-06,0,3
3258,2017-10,0,3
3259,2015-04,0,3
3259,2015-07,0,3
3259,2015-10,0,3
3259,2016-02,0,3
3259,2016-06,0,3
3259,2016-10,0,3
3259,2017-02,0,3
3259,2017-06,0,3
3259,2017-10,0,3
3260,2015-04,0,3
3260,2015-07,0,3
3260,2015-10,0,3
3260,2016-02,0,3
3260,2016-06,0,3
3260,2016-10,0,3
3260,2017-02,0,3
3260,2017-06,0,3
3260,2017-10,0,3
3261,2015-04,0,3
3261,2015-07,0,3
3261,2015-10,0,3
3261,2016-02,0,3
3261,2016-06,0,3
3261,2016-10,0,3
3261,2017-02,0,3
3261,2017-06,0,3
3261,2017-10,0,3
3262,2015-04,0,3
3262,2015-07,0,3
3262,2015-10,0,3
3262,2016-02,0,3
3262,2016-06,0,3
3262,2016-10,0,3
3262,2017-02,0,3
3262,2017-06,0,3
3262,2017-10,0,3
3263,2015-04,0,3
3263,2015-07,0,3
3263,2015-10,0,3
3263,2016-02,0,3
3263,2016-06,0,3
3263,2016-10,0,3
3263,2017-02,0,3
3263,2017-06,0,3
3263,2017-10,0,3
3264,2015-04,0,3
3264,2015-07,0,3
3264,2015-10,0,3
3264,2016-02,0,3
3264,2016-06,0,3
3264,2016-10,0,3
3264,2017-02,0,3
3264,2017-06,0,3
3264,2017-10,0,3
3265,2015-04,0,3
3265,2015-07,0,3
3265,2015-10,0,3
3265,2016-02,0,3
3265,2016-06,0,3
3265,2016-10,0,3
3265,2017-02,0,3
3265,2017-06,0,3
3265,2017-10,0,3
3266,2015-04,0,3
3266,2015-07,0,3
3266,2015-10,0,3
3266,2016-02,0,3
3266,2016-06,0,3
3266,2016-10,0,3
3266,2017-02,0,3
3266,2017-06,0,3
3266,2017-10,0,3
3267,2015-04,0,3
3267,2015-07,0,3
3267,2015-10,0,3
3267,2016-02,0,3
3267,2016-06,0,3
3267,2016-10,0,3
3267,2017-02,0,3
3267,2017-06,0,3
3267,2017-10,0,3
3268,2015-04,0,3
3268,2015-07,0,3
3268,2015-10,0,3
3268,2016-02,0,3
3268,2016-06,0,3
3268,2016-10,0,3
3268,2017-02,0,3
3268,2017-06,0,3
3268,2017-10,0,3
3269,2015-04,0,3
3269,2015-07,0,3
3269,2015-10,0,3
3269,2016-02,0,3
3269,2016-06,0,3
3269,2016-10,0,3
3269,2017-02,0,3
3269,2017-06,0,3
3269,2017-10,0,3
3270,2015-04,0,3
3270,2015-07,0,3
3270,2015-10,0,3
3270,2016-02,0,3
3270,2016-06,0,3
3270,2016-10,0,3
3270,2017-02,0,3
3270,2017-06,0,3
3270,2017-10,0,3
3271,2015-04,0,3
3271,2015-07,0,3
3271,2015-10,0,3
3271,2016-02,0,3
3271,2016-06,0,3
3271,2016-10,0,3
3271,2017-02,0,3
3271,2017-06,0,3
3271,2017-10,0,3
3272,2015-04,0,3
3272,2015-07,0,3
3272,2015-10,0,3
3272,2016-02,0,3
3272,2016-06,0,3
3272,2016-10,0,3
3272,2017-02,0,3
3272,2017-06,0,3
3272,2017-10,0,3
3273,2015-04,0,3
3273,2015-07,0,3
3273,2015-10,0,3
3273,2016-02,0,3
3273,2016-06,0,3
3273,2016-10,0,3
3273,2017-02,0,3
3273,2017-06,0,3
3273,2017-10,0,3
3274,2015-04,0,3
3274,2015-07,0,3
3274,2015-10,0,3
3274,2016-02,0,3
3274,2016-06,0,3
3274,2016-10,0,3
3274,2017-02,0,3
3274,2017-06,0,3
3274,2017-10,0,3
3275,2015-04,0,3
3275,2015-07,0,3
3275,2015-10,0,3
3275,2016-02,0,3
3275,2016-06,0,3
3275,2016-10,0,3
3275,2017-02,0,3
3275,2017-06,0,3
3275,2017-10,0,3
3276,2015-04,0,3
3276,2015-07,0,3
3276,2015-10,0,3
3276,2016-02,0,3
3276,2016-06,0,3
3276,2016-10,0,3
3276,2017-02,0,3
3276,2017-06,0,3
3276,2017-10,0,3
3277,2015-04,0,3
3277,2015-07,0,3
3277,2015-10,0,3
3277,2016-02,0,3
3277,2016-06,0,3
3277,2016-10,0,3
3277,2017-02,0,3
3277,2017-06,0,3
3277,2017-10,0,3
3278,2015-04,0,3
3278,2015-07,0,3
3278,2015-10,0,3
3278,2016-02,0,3
3278,2016-06,0,3
3278,2016-10,0,3
3278,2017-02,0,3
3278,2017-06,0,3
3278,2017-10,0,3
3279,2015-04,0,3
3279,2015-07,0,3
3279,2015-10,0,3
3279,2016-02,0,3
3279,2016-06,0,3
3279,2016-10,0,3
3279,2017-02,0,3
3279,2017-06,0,3
3279,2017-10,0,3
3280,2015-04,0,3
3280,2015-07,0,3
3280,2015-10,0,3
3280,2016-02,0,3
3280,2016-06,0,3
3280,2016-10,0,3
3280,2017-02,0,3
3280,2017-06,0,3
3280,2017-10,0,3
3281,2015-04,0,3
3281,2015-07,0,3
3281,2015-10,0,3
3281,2016-02,0,3
3281,2016-06,0,3
3281,2016-10,0,3
3281,2017-02,0,3
3281,2017-06,0,3
3281,2017-10,0,3
3282,2015-04,0,3
3282,2015-07,0,3
3282,2015-10,0,3
3282,2016-02,0,3
3282,2016-06,0,3
3282,2016-10,0,3
3282,2017-02,0,3
3282,2017-06,0,3
3282,2017-10,0,3
3283,2015-04,0,3
3283,2015-07,0,3
3283,2015-10,0,3
3283,2016-02,0,3
3283,2016-06,0,3
3283,2016-10,0,3
3283,2017-02,0,3
3283,2017-06,0,3
3283,2017-10,0,3
3284,2015-04,0,3
3284,2015-07,0,3
3284,2015-10,0,3
3284,2016-02,0,3
3284,2016-06,0,3
3284,2016-10,0,3
3284,2017-02,0,3
3284,2017-06,0,3
3284,2017-10,0,3
3285,2015-04,0,3
3285,2015-07,0,3
3285,2015-10,0,3
3285,2016-02,0,3
3285,2016-06,0,3
3285,2016-10,0,3
3285,2017-02,0,3
3285,2017-06,0,3
3285,2017-10,0,3
3286,2015-04,0,3
3286,2015-07,0,3
3286,2015-10,0,3
3286,2016-02,0,3
3286,2016-06,0,3
3286,2016-10,0,3
3286,2017-02,0,3
3286,2017-06,0,3
3286,2017-10,0,3
3287,2015-04,0,3
3287,2015-07,0,3
3287,2015-10,0,3
3287,2016-02,0,3
3287,2016-06,0,3
3287,2016-10,0,3
3287,2017-02,0,3
3287,2017-06,0,3
3287,2017-10,0,3
3288,2015-04,0,3
3288,2015-07,0,3
3288,2015-10,0,3
3288,2016-02,0,3
3288,2016-06,0,3
3288,2016-10,0,3
3288,2017-02,0,3
3288,2017-06,0,3
3288,2017-10,0,3
3289,2015-04,0,3
3289,2015-07,0,3
3289,2015-10,0,3
3289,2016-02,0,3
3289,2016-06,0,3
3289,2016-10,0,3
3289,2017-02,0,3
3289,2017-06,0,3
3289,2017-10,0,3
3290,2015-04,0,3
3290,2015-07,0,3
3290,2015-10,0,3
3290,2016-02,0,3
3290,2016-06,0,3
3290,2016-10,0,3
3290,2017-02,0,3
3290,2017-06,0,3
3290,2017-10,0,3
3291,2015-04,0,3
3291,2015-07,0,3
3291,2015-10,0,3
3291,2016-02,0,3
3291,2016-06,0,3
3291,2016-10,0,3
3291,2017-02,0,3
3291,2017-06,0,3
3291,2017-10,0,3
3292,2015-04,0,3
3292,2015-07,0,3
3292,2015-10,0,3
3292,2016-02,0,3
3292,2016-06,0,3
3292,2016-10,0,3
3292,2017-02,0,3
3292,2017-06,0,3
3292,2017-10,0,3
3293,2015-04,0,3
3293,2015-07,0,3
3293,2015-10,0,3
3293,2016-02,0,3
3293,2016-06,0,3
3293,2016-10,0,3
3293,2017-02,0,3
3293,2017-06,0,3
3293,2017-10,0,3
3294,2015-04,0,3
3294,2015-07,0,3
3294,2015-10,0,3
3294,2016-02,0,3
3294,2016-06,0,3
3294,2016-10,0,3
3294,2017-02,0,3
3294,2017-06,0,3
3294,2017-10,0,3
3295,2015-04,0,3
3295,2015-07,0,3
3295,2015-10,0,3
3295,2016-02,0,3
3295,2016-06,0,3
3295,2016-10,0,3
3295,2017-02,0,3
3295,2017-06,0,3
3295,2017-10,0,3
3296,2015-04,0,3
3296,2015-07,0,3
3296,2015-10,0,3
3296,2016-02,0,3
3296,2016-06,0,3
3296,2016-10,0,3
3296,2017-02,0,3
3296,2017-06,0,3
3296,2017-10,0,3
3297,2015-04,0,3
3297,2015-07,0,3
3297,2015-10,0,3
3297,2016-02,0,3
3297,2016-06,0,3
3297,2016-10,0,3
3297,2017-02,0,3
3297,2017-06,0,3
3297,2017-10,0,3
3298,2015-04,0,3
3298,2015-07,0,3
3298,2015-10,0,3
3298,2016-02,0,3
3298,2016-06,0,3
3298,2016-10,0,3
3298,2017-02,0,3
3298,2017-06,0,3
3298,2017-10,0,3
3299,2015-04,0,3
3299,2015-07,0,3
3299,2015-10,0,3
3299,2016-02,0,3
3299,2016-06,0,3
3299,2016-10,0,3
3299,2017-02,1,3
3299,2017-06,1,3
3299,2017-10,0,3
3300,2015-04,0,3
3300,2015-07,0,3
3300,2015-10,0,3
3300,2016-02,0,3
3300,2016-06,0,3
3300,2016-10,0,3
3300,2017-02,0,3
3300,2017-06,0,3
3300,2017-10,0,3
3301,2015-04,0,3
3301,2015-07,0,3
3301,2015-10,0,3
3301,2016-02,0,3
3301,2016-06,0,3
3301,2016-10,0,3
3301,2017-02,0,3
3301,2017-06,0,3
3301,2017-10,0,3
3302,2015-04,0,3
3302,2015-07,0,3
3302,2015-10,0,3
3302,2016-02,0,3
3302,2016-06,0,3
3302,2016-10,0,3
3302,2017-02,0,3
3302,2017-06,0,3
3302,2017-10,0,3
3303,2015-04,0,3
3303,2015-07,0,3
3303,2015-10,0,3
3303,2016-02,0,3
3303,2016-06,0,3
3303,2016-10,0,3
3303,2017-02,0,3
3303,2017-06,0,3
3303,2017-10,0,3
3304,2015-04,0,3
3304,2015-07,0,3
3304,2015-10,0,3
3304,2016-02,0,3
3304,2016-06,0,3
3304,2016-10,0,3
3304,2017-02,0,3
3304,2017-06,0,3
3304,2017-10,0,3
3305,2015-04,0,3
3305,2015-07,0,3
3305,2015-10,0,3
3305,2016-02,0,3
3305,2016-06,0,3
3305,2016-10,0,3
3305,2017-02,0,3
3305,2017-06,0,3
3305,2017-10,0,3
3306,2015-04,0,3
3306,2015-07,0,3
3306,2015-10,0,3
3306,2016-02,0,3
3306,2016-06,0,3
3306,2016-10,0,3
3306,2017-02,0,3
3306,2017-06,0,3
3306,2017-10,0,3
3307,2015-04,0,3
3307,2015-07,0,3
3307,2015-10,0,3
3307,2016-02,0,3
3307,2016-06,0,3
3307,2016-10,0,3
3307,2017-02,0,3
3307,2017-06,0,3
3307,2017-10,0,3
3308,2015-04,0,3
3308,2015-07,0,3
3308,2015-10,0,3
3308,2016-02,0,3
3308,2016-06,0,3
3308,2016-10,0,3
3308,2017-02,0,3
3308,2017-06,0,3
3308,2017-10,0,3
3309,2015-04,0,3
3309,2015-07,0,3
3309,2015-10,0,3
3309,2016-02,0,3
3309,2016-06,0,3
3309,2016-10,0,3
3309,2017-02,0,3
3309,2017-06,0,3
3309,2017-10,0,3
3310,2015-04,0,3
3310,2015-07,0,3
3310,2015-10,0,3
3310,2016-02,0,3
3310,2016-06,0,3
3310,2016-10,0,3
3310,2017-02,0,3
3310,2017-06,0,3
3310,2017-10,0,3
3311,2015-04,0,3
3311,2015-07,0,3
3311,2015-10,0,3
3311,2016-02,0,3
3311,2016-06,0,3
3311,2016-10,0,3
3311,2017-02,0,3
3311,2017-06,0,3
3311,2017-10,0,3
3312,2015-04,0,3
3312,2015-07,0,3
3312,2015-10,0,3
3312,2016-02,0,3
3312,2016-06,0,3
3312,2016-10,0,3
3312,2017-02,0,3
3312,2017-06,0,3
3312,2017-10,0,3
3313,2015-04,0,3
3313,2015-07,0,3
3313,2015-10,0,3
3313,2016-02,0,3
3313,2016-06,0,3
3313,2016-10,0,3
3313,2017-02,0,3
3313,2017-06,0,3
3313,2017-10,0,3
3314,2015-04,0,3
3314,2015-07,0,3
3314,2015-10,0,3
3314,2016-02,0,3
3314,2016-06,0,3
3314,2016-10,0,3
3314,2017-02,0,3
3314,2017-06,0,3
3314,2017-10,0,3
3315,2015-04,0,3
3315,2015-07,0,3
3315,2015-10,0,3
3315,2016-02,0,3
3315,2016-06,0,3
3315,2016-10,0,3
3315,2017-02,0,3
3315,2017-06,0,3
3315,2017-10,0,3
3316,2015-04,0,3
3316,2015-07,0,3
3316,2015-10,0,3
3316,2016-02,0,3
3316,2016-06,0,3
3316,2016-10,0,3
3316,2017-02,0,3
3316,2017-06,0,3
3316,2017-10,0,3
3317,2015-04,0,3
3317,2015-07,0,3
3317,2015-10,0,3
3317,2016-02,0,3
3317,2016-06,0,3
3317,2016-10,0,3
3317,2017-02,0,3
3317,2017-06,0,3
3317,2017-10,0,3
3318,2015-04,0,3
3318,2015-07,0,3
3318,2015-10,0,3
3318,2016-02,0,3
3318,2016-06,0,3
3318,2016-10,0,3
3318,2017-02,0,3
3318,2017-06,0,3
3318,2017-10,0,3
3319,2016-02,0,-1
3319,2016-06,0,-1
3319,2016-10,0,-1
3319,2017-02,0,-1
3319,2017-06,0,-1
3319,2017-10,0,-1
3320,2016-02,0,-1
3320,2016-06,0,-1
3320,2016-10,0,-1
3320,2017-02,0,-1
3320,2017-06,0,-1
3320,2017-10,0,-1
3321,2016-02,0,-1
3321,2016-06,0,-1
3321,2016-10,0,-1
3321,2017-02,0,-1
3321,2017-06,0,-1
3321,2017-10,0,-1
3322,2016-02,0,-1
3322,2016-06,0,-1
3322,2016-10,0,-1
3322,2017-02,0,-1
3322,2017-06,0,-1
3322,2017-10,0,-1
3323,2016-02,0,-1
3323,2016-06,0,-1
3323,2016-10,0,-1
3323,2017-02,0,-1
3323,2017-06,0,-1
3323,2017-10,0,-1
3324,2016-02,0,-1
3324,2016-06,0,-1
3324,2016-10,0,-1
3324,2017-02,0,-1
3324,2017-06,0,-1
3324,2017-10,0,-1
3325,2016-02,0,-1
3325,2016-06,0,-1
3325,2016-10,0,-1
3325,2017-02,0,-1
3325,2017-06,0,-1
3325,2017-10,0,-1
3326,2016-02,0,-1
3326,2016-06,0,-1
3326,2016-10,0,-1
3326,2017-02,0,-1
3326,2017-06,0,-1
3326,2017-10,0,-1
3327,2016-02,0,-1
3327,2016-06,0,-1
3327,2016-10,0,-1
3327,2017-02,0,-1
3327,2017-06,0,-1
3327,2017-10,0,-1
3328,2016-02,0,-1
3328,2016-06,0,-1
3328,2016-10,0,-1
3328,2017-02,0,-1
3328,2017-06,0,-1
3328,2017-10,0,-1
3329,2016-02,0,-1
3329,2016-06,0,-1
3329,2016-10,0,-1
3329,2017-02,0,-1
3329,2017-06,0,-1
3329,2017-10,0,-1
3330,2016-02,0,-1
3330,2016-06,0,-1
3330,2016-10,0,-1
3330,2017-02,0,-1
3330,2017-06,0,-1
3330,2017-10,0,-1
3331,2016-02,1,-1
3331,2016-06,0,-1
3331,2016-10,1,-1
3331,2017-02,0,-1
3331,2017-06,0,-1
3331,2017-10,0,-1
3332,2016-02,1,-1
3332,2016-06,1,-1
3332,2016-10,1,-1
3332,2017-02,0,-1
3332,2017-06,0,-1
3332,2017-10,0,-1
3333,2016-02,1,-1
3333,2016-06,0,-1
3333,2016-10,0,-1
3333,2017-02,0,-1
3333,2017-06,0,-1
3333,2017-10,0,-1
3334,2016-02,1,-1
3334,2016-06,1,-1
3334,2016-10,1,-1
3334,2017-02,0,-1
3334,2017-06,0,-1
3334,2017-10,0,-1
3335,2016-02,1,-1
3335,2016-06,0,-1
3335,2016-10,1,-1
3335,2017-02,0,-1
3335,2017-06,0,-1
3335,2017-10,0,-1
3336,2016-02,1,-1
3336,2016-06,1,-1
3336,2016-10,1,-1
3336,2017-02,0,-1
3336,2017-06,0,-1
3336,2017-10,0,-1
3337,2016-02,0,-1
3337,2016-06,0,-1
3337,2016-10,0,-1
3337,2017-02,0,-1
3337,2017-06,0,-1
3337,2017-10,0,-1
3338,2016-02,0,-1
3338,2016-06,0,-1
3338,2016-10,0,-1
3338,2017-02,0,-1
3338,2017-06,0,-1
3338,2017-10,0,-1
3339,2016-02,0,-1
3339,2016-06,0,-1
3339,2016-10,0,-1
3339,2017-02,0,-1
3339,2017-06,0,-1
3339,2017-10,0,-1
3340,2016-02,0,-1
3340,2016-06,0,-1
3340,2016-10,0,-1
3340,2017-02,0,-1
3340,2017-06,0,-1
3340,2017-10,0,-1
3341,2016-02,0,-1
3341,2016-06,0,-1
3341,2016-10,0,-1
3341,2017-02,0,-1
3341,2017-06,0,-1
3341,2017-10,0,-1
3342,2016-02,0,-1
3342,2016-06,0,-1
3342,2016-10,0,-1
3342,2017-02,0,-1
3342,2017-06,0,-1
3342,2017-10,0,-1
3343,2016-02,0,-1
3343,2016-06,0,-1
3343,2016-10,0,-1
3343,2017-02,0,-1
3343,2017-06,0,-1
3343,2017-10,0,-1
3344,2016-02,0,-1
3344,2016-06,0,-1
3344,2016-10,0,-1
3344,2017-02,0,-1
3344,2017-06,0,-1
3344,2017-10,0,-1
3345,2016-02,1,-1
3345,2016-06,0,-1
3345,2016-10,1,-1
3345,2017-02,0,-1
3345,2017-06,0,-1
3345,2017-10,0,-1
3346,2016-02,0,-1
3346,2016-06,0,-1
3346,2016-10,0,-1
3346,2017-02,0,-1
3346,2017-06,0,-1
3346,2017-10,0,-1
3347,2016-02,0,-1
3347,2016-06,0,-1
3347,2016-10,0,-1
3347,2017-02,0,-1
3347,2017-06,0,-1
3347,2017-10,0,-1
3348,2016-02,0,-1
3348,2016-06,0,-1
3348,2016-10,0,-1
3348,2017-02,0,-1
3348,2017-06,0,-1
3348,2017-10,0,-1
3349,2016-02,0,-1
3349,2016-06,0,-1
3349,2016-10,0,-1
3349,2017-02,0,-1
3349,2017-06,0,-1
3349,2017-10,0,-1
3350,2016-02,0,-1
3350,2016-06,0,-1
3350,2016-10,0,-1
3350,2017-02,0,-1
3350,2017-06,0,-1
3350,2017-10,0,-1
3351,2016-02,0,-1
3351,2016-06,0,-1
3351,2016-10,0,-1
3351,2017-02,0,-1
3351,2017-06,0,-1
3351,2017-10,0,-1
3352,2016-02,0,-1
3352,2016-06,0,-1
3352,2016-10,0,-1
3352,2017-02,0,-1
3352,2017-06,0,-1
3352,2017-10,0,-1
3353,2016-02,0,-1
3353,2016-06,0,-1
3353,2016-10,0,-1
3353,2017-02,0,-1
3353,2017-06,0,-1
3353,2017-10,0,-1
3354,2016-02,0,-1
3354,2016-06,0,-1
3354,2016-10,0,-1
3354,2017-02,0,-1
3354,2017-06,0,-1
3354,2017-10,0,-1
3355,2016-02,0,-1
3355,2016-06,0,-1
3355,2016-10,0,-1
3355,2017-02,0,-1
3355,2017-06,0,-1
3355,2017-10,0,-1
3356,2016-02,0,-1
3356,2016-06,0,-1
3356,2016-10,0,-1
3356,2017-02,0,-1
3356,2017-06,0,-1
3356,2017-10,0,-1
3357,2016-02,0,-1
3357,2016-06,0,-1
3357,2016-10,0,-1
3357,2017-02,0,-1
3357,2017-06,0,-1
3357,2017-10,0,-1
3358,2016-02,0,-1
3358,2016-06,0,-1
3358,2016-10,0,-1
3358,2017-02,0,-1
3358,2017-06,0,-1
3358,2017-10,0,-1
3359,2016-02,0,-1
3359,2016-06,0,-1
3359,2016-10,0,-1
3359,2017-02,0,-1
3359,2017-06,0,-1
3359,2017-10,0,-1
3360,2016-02,0,-1
3360,2016-06,0,-1
3360,2016-10,0,-1
3360,2017-02,0,-1
3360,2017-06,0,-1
3360,2017-10,0,-1
3361,2016-02,0,-1
3361,2016-06,0,-1
3361,2016-10,0,-1
3361,2017-02,0,-1
3361,2017-06,0,-1
3361,2017-10,0,-1
3362,2016-02,0,-1
3362,2016-06,0,-1
3362,2016-10,0,-1
3362,2017-02,0,-1
3362,2017-06,0,-1
3362,2017-10,0,-1
3363,2016-02,0,-1
3363,2016-06,0,-1
3363,2016-10,0,-1
3363,2017-02,0,-1
3363,2017-06,0,-1
3363,2017-10,0,-1
3364,2016-02,0,-1
3364,2016-06,0,-1
3364,2016-10,0,-1
3364,2017-02,0,-1
3364,2017-06,0,-1
3364,2017-10,0,-1
3365,2016-02,0,-1
3365,2016-06,0,-1
3365,2016-10,0,-1
3365,2017-02,0,-1
3365,2017-06,0,-1
3365,2017-10,0,-1
3366,2016-02,0,-1
3366,2016-06,0,-1
3366,2016-10,0,-1
3366,2017-02,0,-1
3366,2017-06,0,-1
3366,2017-10,0,-1
3367,2016-02,0,-1
3367,2016-06,0,-1
3367,2016-10,0,-1
3367,2017-02,0,-1
3367,2017-06,0,-1
3367,2017-10,0,-1
3368,2016-02,0,-1
3368,2016-06,0,-1
3368,2016-10,0,-1
3368,2017-02,0,-1
3368,2017-06,0,-1
3368,2017-10,0,-1
3369,2016-02,0,-1
3369,2016-06,0,-1
3369,2016-10,0,-1
3369,2017-02,0,-1
3369,2017-06,0,-1
3369,2017-10,0,-1
3370,2016-02,0,-1
3370,2016-06,0,-1
3370,2016-10,0,-1
3370,2017-02,0,-1
3370,2017-06,0,-1
3370,2017-10,0,-1
3371,2016-02,0,-1
3371,2016-06,0,-1
3371,2016-10,0,-1
3371,2017-02,0,-1
3371,2017-06,0,-1
3371,2017-10,0,-1
3372,2016-02,0,-1
3372,2016-06,0,-1
3372,2016-10,0,-1
3372,2017-02,0,-1
3372,2017-06,0,-1
3372,2017-10,0,-1
3373,2016-02,0,-1
3373,2016-06,0,-1
3373,2016-10,0,-1
3373,2017-02,0,-1
3373,2017-06,0,-1
3373,2017-10,0,-1
3374,2016-02,0,-1
3374,2016-06,0,-1
3374,2016-10,0,-1
3374,2017-02,0,-1
3374,2017-06,0,-1
3374,2017-10,0,-1
3375,2016-02,0,-1
3375,2016-06,0,-1
3375,2016-10,0,-1
3375,2017-02,0,-1
3375,2017-06,0,-1
3375,2017-10,0,-1
3376,2016-02,0,-1
3376,2016-06,0,-1
3376,2016-10,0,-1
3376,2017-02,0,-1
3376,2017-06,0,-1
3376,2017-10,0,-1
3377,2016-02,0,-1
3377,2016-06,0,-1
3377,2016-10,0,-1
3377,2017-02,0,-1
3377,2017-06,0,-1
3377,2017-10,0,-1
3378,2016-02,0,-1
3378,2016-06,0,-1
3378,2016-10,0,-1
3378,2017-02,0,-1
3378,2017-06,0,-1
3378,2017-10,0,-1
3379,2016-02,0,-1
3379,2016-06,0,-1
3379,2016-10,0,-1
3379,2017-02,0,-1
3379,2017-06,0,-1
3379,2017-10,0,-1
3380,2016-02,0,-1
3380,2016-06,0,-1
3380,2016-10,0,-1
3380,2017-02,0,-1
3380,2017-06,0,-1
3380,2017-10,0,-1
3381,2016-02,0,-1
3381,2016-06,0,-1
3381,2016-10,0,-1
3381,2017-02,0,-1
3381,2017-06,0,-1
3381,2017-10,0,-1
3382,2016-02,0,-1
3382,2016-06,0,-1
3382,2016-10,0,-1
3382,2017-02,0,-1
3382,2017-06,0,-1
3382,2017-10,0,-1
3383,2016-02,0,-1
3383,2016-06,0,-1
3383,2016-10,0,-1
3383,2017-02,0,-1
3383,2017-06,0,-1
3383,2017-10,0,-1
3384,2016-02,0,-1
3384,2016-06,0,-1
3384,2016-10,0,-1
3384,2017-02,0,-1
3384,2017-06,0,-1
3384,2017-10,0,-1
3385,2016-02,0,-1
3385,2016-06,0,-1
3385,2016-10,0,-1
3385,2017-02,0,-1
3385,2017-06,0,-1
3385,2017-10,0,-1
3386,2016-02,0,-1
3386,2016-06,0,-1
3386,2016-10,0,-1
3386,2017-02,0,-1
3386,2017-06,0,-1
3386,2017-10,0,-1
3387,2016-02,0,-1
3387,2016-06,0,-1
3387,2016-10,0,-1
3387,2017-02,0,-1
3387,2017-06,0,-1
3387,2017-10,0,-1
3388,2016-02,0,-1
3388,2016-06,0,-1
3388,2016-10,0,-1
3388,2017-02,0,-1
3388,2017-06,0,-1
3388,2017-10,0,-1
3389,2016-02,1,-1
3389,2016-06,0,-1
3389,2016-10,1,-1
3389,2017-02,0,-1
3389,2017-06,0,-1
3389,2017-10,0,-1
3390,2016-02,1,-1
3390,2016-06,0,-1
3390,2016-10,0,-1
3390,2017-02,0,-1
3390,2017-06,0,-1
3390,2017-10,0,-1
3391,2016-02,1,-1
3391,2016-06,0,-1
3391,2016-10,0,-1
3391,2017-02,0,-1
3391,2017-06,0,-1
3391,2017-10,0,-1
3392,2016-02,0,-1
3392,2016-06,0,-1
3392,2016-10,0,-1
3392,2017-02,0,-1
3392,2017-06,0,-1
3392,2017-10,0,-1
3393,2016-02,1,-1
3393,2016-06,0,-1
3393,2016-10,0,-1
3393,2017-02,0,-1
3393,2017-06,0,-1
3393,2017-10,0,-1
3394,2016-02,0,-1
3394,2016-06,0,-1
3394,2016-10,0,-1
3394,2017-02,0,-1
3394,2017-06,0,-1
3394,2017-10,0,-1
3395,2016-02,1,-1
3395,2016-06,0,-1
3395,2016-10,0,-1
3395,2017-02,0,-1
3395,2017-06,0,-1
3395,2017-10,0,-1
3396,2016-02,1,-1
3396,2016-06,0,-1
3396,2016-10,0,-1
3396,2017-02,0,-1
3396,2017-06,0,-1
3396,2017-10,0,-1
3397,2016-02,1,-1
3397,2016-06,0,-1
3397,2016-10,0,-1
3397,2017-02,0,-1
3397,2017-06,0,-1
3397,2017-10,0,-1
3398,2016-02,0,-1
3398,2016-06,0,-1
3398,2016-10,1,-1
3398,2017-02,0,-1
3398,2017-06,0,-1
3398,2017-10,1,-1
3399,2016-02,0,-1
3399,2016-06,0,-1
3399,2016-10,0,-1
3399,2017-02,0,-1
3399,2017-06,0,-1
3399,2017-10,1,-1
3400,2016-02,0,-1
3400,2016-06,0,-1
3400,2016-10,0,-1
3400,2017-02,0,-1
3400,2017-06,0,-1
3400,2017-10,1,-1
3401,2016-02,1,-1
3401,2016-06,0,-1
3401,2016-10,1,-1
3401,2017-02,0,-1
3401,2017-06,0,-1
3401,2017-10,0,-1
3402,2016-02,1,-1
3402,2016-06,1,-1
3402,2016-10,1,-1
3402,2017-02,0,-1
3402,2017-06,0,-1
3402,2017-10,0,-1
3403,2016-02,0,-1
3403,2016-06,0,-1
3403,2016-10,1,-1
3403,2017-02,0,-1
3403,2017-06,0,-1
3403,2017-10,1,-1
3404,2016-02,1,-1
3404,2016-06,1,-1
3404,2016-10,1,-1
3404,2017-02,0,-1
3404,2017-06,0,-1
3404,2017-10,0,-1
3405,2016-02,1,-1
3405,2016-06,0,-1
3405,2016-10,1,-1
3405,2017-02,0,-1
3405,2017-06,0,-1
3405,2017-10,0,-1
3406,2016-02,0,-1
3406,2016-06,0,-1
3406,2016-10,0,-1
3406,2017-02,0,-1
3406,2017-06,0,-1
3406,2017-10,1,-1
3407,2016-02,1,-1
3407,2016-06,1,-1
3407,2016-10,1,-1
3407,2017-02,0,-1
3407,2017-06,0,-1
3407,2017-10,0,-1
3408,2016-02,0,-1
3408,2016-06,0,-1
3408,2016-10,0,-1
3408,2017-02,0,-1
3408,2017-06,0,-1
3408,2017-10,0,-1
3409,2016-02,0,-1
3409,2016-06,0,-1
3409,2016-10,0,-1
3409,2017-02,0,-1
3409,2017-06,0,-1
3409,2017-10,0,-1
3410,2016-02,0,-1
3410,2016-06,0,-1
3410,2016-10,0,-1
3410,2017-02,0,-1
3410,2017-06,0,-1
3410,2017-10,0,-1
3411,2016-02,0,-1
3411,2016-06,0,-1
3411,2016-10,0,-1
3411,2017-02,0,-1
3411,2017-06,0,-1
3411,2017-10,0,-1
3412,2016-02,0,-1
3412,2016-06,0,-1
3412,2016-10,0,-1
3412,2017-02,0,-1
3412,2017-06,0,-1
3412,2017-10,0,-1
3413,2016-02,0,-1
3413,2016-06,0,-1
3413,2016-10,0,-1
3413,2017-02,0,-1
3413,2017-06,0,-1
3413,2017-10,0,-1
3414,2016-02,0,-1
3414,2016-06,0,-1
3414,2016-10,0,-1
3414,2017-02,0,-1
3414,2017-06,0,-1
3414,2017-10,0,-1
3415,2016-02,0,-1
3415,2016-06,0,-1
3415,2016-10,0,-1
3415,2017-02,0,-1
3415,2017-06,0,-1
3415,2017-10,0,-1
3416,2016-02,0,-1
3416,2016-06,0,-1
3416,2016-10,0,-1
3416,2017-02,0,-1
3416,2017-06,0,-1
3416,2017-10,0,-1
3417,2016-02,0,-1
3417,2016-06,0,-1
3417,2016-10,0,-1
3417,2017-02,0,-1
3417,2017-06,0,-1
3417,2017-10,0,-1
3418,2016-02,0,-1
3418,2016-06,0,-1
3418,2016-10,0,-1
3418,2017-02,0,-1
3418,2017-06,0,-1
3418,2017-10,0,-1
3419,2016-02,0,-1
3419,2016-06,0,-1
3419,2016-10,0,-1
3419,2017-02,0,-1
3419,2017-06,0,-1
3419,2017-10,0,-1
3420,2016-02,0,-1
3420,2016-06,0,-1
3420,2016-10,0,-1
3420,2017-02,0,-1
3420,2017-06,0,-1
3420,2017-10,0,-1
3421,2016-02,0,-1
3421,2016-06,0,-1
3421,2016-10,0,-1
3421,2017-02,0,-1
3421,2017-06,0,-1
3421,2017-10,0,-1
3422,2016-02,0,-1
3422,2016-06,0,-1
3422,2016-10,0,-1
3422,2017-02,0,-1
3422,2017-06,0,-1
3422,2017-10,0,-1
3423,2016-02,0,-1
3423,2016-06,0,-1
3423,2016-10,0,-1
3423,2017-02,0,-1
3423,2017-06,0,-1
3423,2017-10,0,-1
3424,2016-02,0,-1
3424,2016-06,0,-1
3424,2016-10,0,-1
3424,2017-02,0,-1
3424,2017-06,0,-1
3424,2017-10,0,-1
3425,2016-02,0,-1
3425,2016-06,0,-1
3425,2016-10,0,-1
3425,2017-02,0,-1
3425,2017-06,0,-1
3425,2017-10,0,-1
3426,2016-02,0,-1
3426,2016-06,0,-1
3426,2016-10,0,-1
3426,2017-02,0,-1
3426,2017-06,0,-1
3426,2017-10,0,-1
3427,2016-02,0,-1
3427,2016-06,0,-1
3427,2016-10,0,-1
3427,2017-02,0,-1
3427,2017-06,0,-1
3427,2017-10,0,-1
3428,2016-02,0,-1
3428,2016-06,0,-1
3428,2016-10,0,-1
3428,2017-02,0,-1
3428,2017-06,0,-1
3428,2017-10,0,-1
3429,2016-02,0,-1
3429,2016-06,0,-1
3429,2016-10,0,-1
3429,2017-02,0,-1
3429,2017-06,0,-1
3429,2017-10,0,-1
3430,2016-02,0,-1
3430,2016-06,0,-1
3430,2016-10,0,-1
3430,2017-02,0,-1
3430,2017-06,0,-1
3430,2017-10,0,-1
3431,2016-02,0,-1
3431,2016-06,0,-1
3431,2016-10,0,-1
3431,2017-02,0,-1
3431,2017-06,0,-1
3431,2017-10,1,-1
3432,2016-02,0,-1
3432,2016-06,0,-1
3432,2016-10,0,-1
3432,2017-02,0,-1
3432,2017-06,0,-1
3432,2017-10,0,-1
3433,2016-02,0,-1
3433,2016-06,0,-1
3433,2016-10,0,-1
3433,2017-02,0,-1
3433,2017-06,0,-1
3433,2017-10,0,-1
3434,2016-02,0,-1
3434,2016-06,0,-1
3434,2016-10,0,-1
3434,2017-02,0,-1
3434,2017-06,0,-1
3434,2017-10,0,-1
3435,2016-02,0,-1
3435,2016-06,0,-1
3435,2016-10,0,-1
3435,2017-02,0,-1
3435,2017-06,0,-1
3435,2017-10,0,-1
3436,2016-02,0,-1
3436,2016-06,0,-1
3436,2016-10,0,-1
3436,2017-02,0,-1
3436,2017-06,0,-1
3436,2017-10,1,-1
3437,2016-02,0,-1
3437,2016-06,0,-1
3437,2016-10,0,-1
3437,2017-02,0,-1
3437,2017-06,0,-1
3437,2017-10,0,-1
3438,2016-02,0,-1
3438,2016-06,0,-1
3438,2016-10,0,-1
3438,2017-02,0,-1
3438,2017-06,0,-1
3438,2017-10,0,-1
3439,2016-02,0,-1
3439,2016-06,0,-1
3439,2016-10,0,-1
3439,2017-02,0,-1
3439,2017-06,0,-1
3439,2017-10,0,-1
3440,2016-02,0,-1
3440,2016-06,0,-1
3440,2016-10,0,-1
3440,2017-02,0,-1
3440,2017-06,0,-1
3440,2017-10,0,-1
3441,2016-02,0,-1
3441,2016-06,0,-1
3441,2016-10,0,-1
3441,2017-02,0,-1
3441,2017-06,0,-1
3441,2017-10,0,-1
3442,2016-02,0,-1
3442,2016-06,0,-1
3442,2016-10,0,-1
3442,2017-02,0,-1
3442,2017-06,0,-1
3442,2017-10,0,-1
3443,2016-02,0,-1
3443,2016-06,0,-1
3443,2016-10,0,-1
3443,2017-02,0,-1
3443,2017-06,0,-1
3443,2017-10,0,-1
3444,2016-02,0,-1
3444,2016-06,0,-1
3444,2016-10,0,-1
3444,2017-02,0,-1
3444,2017-06,0,-1
3444,2017-10,0,-1
3445,2016-02,0,-1
3445,2016-06,0,-1
3445,2016-10,0,-1
3445,2017-02,0,-1
3445,2017-06,0,-1
3445,2017-10,0,-1
3446,2016-02,0,-1
3446,2016-06,0,-1
3446,2016-10,0,-1
3446,2017-02,0,-1
3446,2017-06,0,-1
3446,2017-10,0,-1
3447,2016-02,0,-1
3447,2016-06,0,-1
3447,2016-10,0,-1
3447,2017-02,0,-1
3447,2017-06,0,-1
3447,2017-10,0,-1
3448,2016-02,0,-1
3448,2016-06,0,-1
3448,2016-10,0,-1
3448,2017-02,0,-1
3448,2017-06,0,-1
3448,2017-10,0,-1
3449,2016-02,1,-1
3449,2016-06,0,-1
3449,2016-10,0,-1
3449,2017-02,0,-1
3449,2017-06,0,-1
3449,2017-10,0,-1
3450,2016-02,0,-1
3450,2016-06,0,-1
3450,2016-10,0,-1
3450,2017-02,0,-1
3450,2017-06,0,-1
3450,2017-10,0,-1
3451,2016-02,1,-1
3451,2016-06,0,-1
3451,2016-10,0,-1
3451,2017-02,0,-1
3451,2017-06,0,-1
3451,2017-10,0,-1
3452,2016-02,1,-1
3452,2016-06,0,-1
3452,2016-10,0,-1
3452,2017-02,0,-1
3452,2017-06,0,-1
3452,2017-10,0,-1
3453,2016-02,1,-1
3453,2016-06,1,-1
3453,2016-10,1,-1
3453,2017-02,0,-1
3453,2017-06,0,-1
3453,2017-10,0,-1
3454,2016-02,1,-1
3454,2016-06,0,-1
3454,2016-10,0,-1
3454,2017-02,0,-1
3454,2017-06,0,-1
3454,2017-10,0,-1
3455,2016-02,0,-1
3455,2016-06,0,-1
3455,2016-10,0,-1
3455,2017-02,0,-1
3455,2017-06,0,-1
3455,2017-10,0,-1
3456,2016-02,0,-1
3456,2016-06,0,-1
3456,2016-10,0,-1
3456,2017-02,0,-1
3456,2017-06,0,-1
3456,2017-10,0,-1
3457,2016-02,0,-1
3457,2016-06,0,-1
3457,2016-10,0,-1
3457,2017-02,0,-1
3457,2017-06,0,-1
3457,2017-10,0,-1
3458,2016-02,0,-1
3458,2016-06,0,-1
3458,2016-10,0,-1
3458,2017-02,0,-1
3458,2017-06,0,-1
3458,2017-10,0,-1
3459,2016-02,0,-1
3459,2016-06,0,-1
3459,2016-10,0,-1
3459,2017-02,0,-1
3459,2017-06,0,-1
3459,2017-10,0,-1
3460,2016-02,0,-1
3460,2016-06,0,-1
3460,2016-10,0,-1
3460,2017-02,0,-1
3460,2017-06,0,-1
3460,2017-10,0,-1
3461,2016-02,0,-1
3461,2016-06,0,-1
3461,2016-10,0,-1
3461,2017-02,0,-1
3461,2017-06,0,-1
3461,2017-10,0,-1
3462,2016-02,0,-1
3462,2016-06,0,-1
3462,2016-10,0,-1
3462,2017-02,0,-1
3462,2017-06,0,-1
3462,2017-10,0,-1
3463,2016-02,0,-1
3463,2016-06,0,-1
3463,2016-10,0,-1
3463,2017-02,0,-1
3463,2017-06,0,-1
3463,2017-10,0,-1
3464,2016-02,0,-1
3464,2016-06,0,-1
3464,2016-10,0,-1
3464,2017-02,0,-1
3464,2017-06,0,-1
3464,2017-10,0,-1
3465,2016-02,0,-1
3465,2016-06,0,-1
3465,2016-10,0,-1
3465,2017-02,0,-1
3465,2017-06,0,-1
3465,2017-10,0,-1
3466,2016-02,0,-1
3466,2016-06,0,-1
3466,2016-10,0,-1
3466,2017-02,0,-1
3466,2017-06,0,-1
3466,2017-10,0,-1
3467,2016-02,0,-1
3467,2016-06,0,-1
3467,2016-10,0,-1
3467,2017-02,0,-1
3467,2017-06,0,-1
3467,2017-10,0,-1
3468,2016-02,0,-1
3468,2016-06,0,-1
3468,2016-10,0,-1
3468,2017-02,0,-1
3468,2017-06,0,-1
3468,2017-10,0,-1
3469,2016-02,0,-1
3469,2016-06,0,-1
3469,2016-10,0,-1
3469,2017-02,0,-1
3469,2017-06,0,-1
3469,2017-10,0,-1
3470,2016-02,0,-1
3470,2016-06,0,-1
3470,2016-10,0,-1
3470,2017-02,0,-1
3470,2017-06,0,-1
3470,2017-10,0,-1
3471,2016-02,0,-1
3471,2016-06,0,-1
3471,2016-10,0,-1
3471,2017-02,0,-1
3471,2017-06,0,-1
3471,2017-10,0,-1
3472,2016-02,0,-1
3472,2016-06,0,-1
3472,2016-10,0,-1
3472,2017-02,0,-1
3472,2017-06,0,-1
3472,2017-10,0,-1
3473,2015-04,0,6
3473,2015-07,0,6
3473,2015-10,0,6
3473,2016-02,0,6
3473,2016-06,0,6
3473,2016-10,0,6
3473,2017-02,0,6
3473,2017-06,0,6
3473,2017-10,0,6
3474,2015-04,0,6
3474,2015-07,0,6
3474,2015-10,0,6
3474,2016-02,0,6
3474,2016-06,0,6
3474,2016-10,0,6
3474,2017-02,0,6
3474,2017-06,0,6
3474,2017-10,0,6
3475,2015-04,0,6
3475,2015-07,0,6
3475,2015-10,0,6
3475,2016-02,0,6
3475,2016-06,0,6
3475,2016-10,0,6
3475,2017-02,0,6
3475,2017-06,0,6
3475,2017-10,0,6
3476,2015-04,0,6
3476,2015-07,0,6
3476,2015-10,0,6
3476,2016-02,0,6
3476,2016-06,0,6
3476,2016-10,0,6
3476,2017-02,0,6
3476,2017-06,0,6
3476,2017-10,0,6
3477,2015-04,0,6
3477,2015-07,0,6
3477,2015-10,0,6
3477,2016-02,0,6
3477,2016-06,0,6
3477,2016-10,0,6
3477,2017-02,0,6
3477,2017-06,0,6
3477,2017-10,0,6
3478,2015-04,0,6
3478,2015-07,0,6
3478,2015-10,0,6
3478,2016-02,0,6
3478,2016-06,0,6
3478,2016-10,0,6
3478,2017-02,0,6
3478,2017-06,0,6
3478,2017-10,0,6
3479,2015-04,0,6
3479,2015-07,0,6
3479,2015-10,0,6
3479,2016-02,0,6
3479,2016-06,0,6
3479,2016-10,0,6
3479,2017-02,0,6
3479,2017-06,0,6
3479,2017-10,0,6
3480,2015-04,0,6
3480,2015-07,0,6
3480,2015-10,0,6
3480,2016-02,0,6
3480,2016-06,0,6
3480,2016-10,0,6
3480,2017-02,0,6
3480,2017-06,0,6
3480,2017-10,0,6
3481,2015-04,0,6
3481,2015-07,0,6
3481,2015-10,0,6
3481,2016-02,0,6
3481,2016-06,0,6
3481,2016-10,0,6
3481,2017-02,0,6
3481,2017-06,0,6
3481,2017-10,0,6
3482,2015-04,0,6
3482,2015-07,1,6
3482,2015-10,0,6
3482,2016-02,0,6
3482,2016-06,1,6
3482,2016-10,0,6
3482,2017-02,0,6
3482,2017-06,1,6
3482,2017-10,0,6
3483,2015-04,0,6
3483,2015-07,0,6
3483,2015-10,0,6
3483,2016-02,0,6
3483,2016-06,0,6
3483,2016-10,0,6
3483,2017-02,0,6
3483,2017-06,0,6
3483,2017-10,0,6
3484,2015-04,0,6
3484,2015-07,0,6
3484,2015-10,0,6
3484,2016-02,0,6
3484,2016-06,0,6
3484,2016-10,0,6
3484,2017-02,0,6
3484,2017-06,0,6
3484,2017-10,0,6
3485,2015-04,0,6
3485,2015-07,0,6
3485,2015-10,0,6
3485,2016-02,0,6
3485,2016-06,0,6
3485,2016-10,0,6
3485,2017-02,0,6
3485,2017-06,0,6
3485,2017-10,0,6
3486,2015-04,0,6
3486,2015-07,1,6
3486,2015-10,0,6
3486,2016-02,0,6
3486,2016-06,1,6
3486,2016-10,0,6
3486,2017-02,0,6
3486,2017-06,1,6
3486,2017-10,0,6
3487,2015-04,0,6
3487,2015-07,0,6
3487,2015-10,0,6
3487,2016-02,0,6
3487,2016-06,0,6
3487,2016-10,0,6
3487,2017-02,0,6
3487,2017-06,0,6
3487,2017-10,0,6
3488,2015-04,0,6
3488,2015-07,0,6
3488,2015-10,0,6
3488,2016-02,0,6
3488,2016-06,0,6
3488,2016-10,0,6
3488,2017-02,0,6
3488,2017-06,0,6
3488,2017-10,0,6
3489,2015-04,0,6
3489,2015-07,0,6
3489,2015-10,0,6
3489,2016-02,0,6
3489,2016-06,0,6
3489,2016-10,0,6
3489,2017-02,0,6
3489,2017-06,0,6
3489,2017-10,0,6
3490,2015-04,0,6
3490,2015-07,0,6
3490,2015-10,0,6
3490,2016-02,0,6
3490,2016-06,0,6
3490,2016-10,0,6
3490,2017-02,0,6
3490,2017-06,0,6
3490,2017-10,0,6
3491,2015-04,0,6
3491,2015-07,0,6
3491,2015-10,0,6
3491,2016-02,0,6
3491,2016-06,0,6
3491,2016-10,0,6
3491,2017-02,0,6
3491,2017-06,0,6
3491,2017-10,0,6
3492,2015-04,0,6
3492,2015-07,0,6
3492,2015-10,0,6
3492,2016-02,0,6
3492,2016-06,0,6
3492,2016-10,0,6
3492,2017-02,0,6
3492,2017-06,0,6
3492,2017-10,0,6
3493,2015-04,0,6
3493,2015-07,0,6
3493,2015-10,0,6
3493,2016-02,0,6
3493,2016-06,0,6
3493,2016-10,0,6
3493,2017-02,0,6
3493,2017-06,0,6
3493,2017-10,0,6
3494,2015-04,0,6
3494,2015-07,0,6
3494,2015-10,0,6
3494,2016-02,0,6
3494,2016-06,0,6
3494,2016-10,0,6
3494,2017-02,0,6
3494,2017-06,0,6
3494,2017-10,0,6
3495,2015-04,0,6
3495,2015-07,0,6
3495,2015-10,0,6
3495,2016-02,0,6
3495,2016-06,0,6
3495,2016-10,0,6
3495,2017-02,0,6
3495,2017-06,0,6
3495,2017-10,0,6
3496,2015-04,1,6
3496,2015-07,1,6
3496,2015-10,0,6
3496,2016-02,1,6
3496,2016-06,1,6
3496,2016-10,0,6
3496,2017-02,0,6
3496,2017-06,0,6
3496,2017-10,0,6
3497,2015-04,0,6
3497,2015-07,0,6
3497,2015-10,0,6
3497,2016-02,0,6
3497,2016-06,0,6
3497,2016-10,0,6
3497,2017-02,0,6
3497,2017-06,0,6
3497,2017-10,0,6
3498,2015-04,0,6
3498,2015-07,0,6
3498,2015-10,0,6
3498,2016-02,0,6
3498,2016-06,0,6
3498,2016-10,0,6
3498,2017-02,0,6
3498,2017-06,0,6
3498,2017-10,0,6
3499,2015-04,0,6
3499,2015-07,0,6
3499,2015-10,0,6
3499,2016-02,0,6
3499,2016-06,0,6
3499,2016-10,0,6
3499,2017-02,0,6
3499,2017-06,0,6
3499,2017-10,0,6
3500,2015-04,0,6
3500,2015-07,0,6
3500,2015-10,0,6
3500,2016-02,0,6
3500,2016-06,0,6
3500,2016-10,0,6
3500,2017-02,0,6
3500,2017-06,0,6
3500,2017-10,0,6
3501,2015-04,0,6
3501,2015-07,0,6
3501,2015-10,0,6
3501,2016-02,0,6
3501,2016-06,0,6
3501,2016-10,0,6
3501,2017-02,0,6
3501,2017-06,0,6
3501,2017-10,0,6
3502,2015-04,0,6
3502,2015-07,0,6
3502,2015-10,0,6
3502,2016-02,0,6
3502,2016-06,0,6
3502,2016-10,0,6
3502,2017-02,0,6
3502,2017-06,0,6
3502,2017-10,0,6
3503,2015-04,0,6
3503,2015-07,0,6
3503,2015-10,0,6
3503,2016-02,0,6
3503,2016-06,0,6
3503,2016-10,0,6
3503,2017-02,0,6
3503,2017-06,0,6
3503,2017-10,0,6
3504,2015-04,0,6
3504,2015-07,0,6
3504,2015-10,0,6
3504,2016-02,0,6
3504,2016-06,0,6
3504,2016-10,0,6
3504,2017-02,0,6
3504,2017-06,0,6
3504,2017-10,0,6
3505,2015-04,0,6
3505,2015-07,0,6
3505,2015-10,0,6
3505,2016-02,0,6
3505,2016-06,0,6
3505,2016-10,0,6
3505,2017-02,0,6
3505,2017-06,0,6
3505,2017-10,0,6
3506,2015-04,0,6
3506,2015-07,0,6
3506,2015-10,0,6
3506,2016-02,0,6
3506,2016-06,0,6
3506,2016-10,0,6
3506,2017-02,0,6
3506,2017-06,0,6
3506,2017-10,0,6
3507,2015-04,0,6
3507,2015-07,0,6
3507,2015-10,0,6
3507,2016-02,0,6
3507,2016-06,0,6
3507,2016-10,0,6
3507,2017-02,0,6
3507,2017-06,0,6
3507,2017-10,0,6
3508,2015-04,0,6
3508,2015-07,0,6
3508,2015-10,0,6
3508,2016-02,0,6
3508,2016-06,0,6
3508,2016-10,0,6
3508,2017-02,0,6
3508,2017-06,0,6
3508,2017-10,0,6
3509,2015-04,0,6
3509,2015-07,0,6
3509,2015-10,0,6
3509,2016-02,0,6
3509,2016-06,0,6
3509,2016-10,0,6
3509,2017-02,0,6
3509,2017-06,0,6
3509,2017-10,0,6
3510,2015-04,0,6
3510,2015-07,0,6
3510,2015-10,0,6
3510,2016-02,0,6
3510,2016-06,0,6
3510,2016-10,0,6
3510,2017-02,0,6
3510,2017-06,0,6
3510,2017-10,0,6
3511,2015-04,0,6
3511,2015-07,0,6
3511,2015-10,0,6
3511,2016-02,0,6
3511,2016-06,0,6
3511,2016-10,0,6
3511,2017-02,0,6
3511,2017-06,0,6
3511,2017-10,0,6
3512,2015-04,0,6
3512,2015-07,0,6
3512,2015-10,0,6
3512,2016-02,0,6
3512,2016-06,0,6
3512,2016-10,0,6
3512,2017-02,0,6
3512,2017-06,0,6
3512,2017-10,0,6
3513,2015-04,0,6
3513,2015-07,0,6
3513,2015-10,0,6
3513,2016-02,0,6
3513,2016-06,0,6
3513,2016-10,0,6
3513,2017-02,0,6
3513,2017-06,0,6
3513,2017-10,0,6
3514,2015-04,0,6
3514,2015-07,0,6
3514,2015-10,0,6
3514,2016-02,0,6
3514,2016-06,0,6
3514,2016-10,0,6
3514,2017-02,0,6
3514,2017-06,0,6
3514,2017-10,0,6
3515,2015-04,0,6
3515,2015-07,0,6
3515,2015-10,0,6
3515,2016-02,0,6
3515,2016-06,0,6
3515,2016-10,0,6
3515,2017-02,0,6
3515,2017-06,0,6
3515,2017-10,0,6
3516,2015-04,0,6
3516,2015-07,0,6
3516,2015-10,0,6
3516,2016-02,0,6
3516,2016-06,0,6
3516,2016-10,0,6
3516,2017-02,0,6
3516,2017-06,0,6
3516,2017-10,0,6
3517,2015-04,0,6
3517,2015-07,0,6
3517,2015-10,0,6
3517,2016-02,0,6
3517,2016-06,0,6
3517,2016-10,0,6
3517,2017-02,0,6
3517,2017-06,0,6
3517,2017-10,0,6
3518,2015-04,0,6
3518,2015-07,0,6
3518,2015-10,0,6
3518,2016-02,0,6
3518,2016-06,0,6
3518,2016-10,0,6
3518,2017-02,0,6
3518,2017-06,0,6
3518,2017-10,0,6
3519,2015-04,0,6
3519,2015-07,0,6
3519,2015-10,0,6
3519,2016-02,0,6
3519,2016-06,0,6
3519,2016-10,0,6
3519,2017-02,0,6
3519,2017-06,0,6
3519,2017-10,0,6
3520,2015-04,1,6
3520,2015-07,1,6
3520,2015-10,0,6
3520,2016-02,1,6
3520,2016-06,1,6
3520,2016-10,0,6
3520,2017-02,0,6
3520,2017-06,1,6
3520,2017-10,0,6
3521,2015-04,0,6
3521,2015-07,0,6
3521,2015-10,0,6
3521,2016-02,0,6
3521,2016-06,0,6
3521,2016-10,0,6
3521,2017-02,0,6
3521,2017-06,0,6
3521,2017-10,0,6
3522,2015-04,0,6
3522,2015-07,0,6
3522,2015-10,0,6
3522,2016-02,0,6
3522,2016-06,0,6
3522,2016-10,0,6
3522,2017-02,0,6
3522,2017-06,0,6
3522,2017-10,0,6
3523,2015-04,0,6
3523,2015-07,0,6
3523,2015-10,0,6
3523,2016-02,0,6
3523,2016-06,0,6
3523,2016-10,0,6
3523,2017-02,0,6
3523,2017-06,0,6
3523,2017-10,0,6
3524,2015-04,0,6
3524,2015-07,0,6
3524,2015-10,0,6
3524,2016-02,0,6
3524,2016-06,0,6
3524,2016-10,0,6
3524,2017-02,0,6
3524,2017-06,0,6
3524,2017-10,0,6
3525,2015-04,0,6
3525,2015-07,0,6
3525,2015-10,0,6
3525,2016-02,0,6
3525,2016-06,0,6
3525,2016-10,0,6
3525,2017-02,0,6
3525,2017-06,0,6
3525,2017-10,0,6
3526,2015-04,0,6
3526,2015-07,0,6
3526,2015-10,0,6
3526,2016-02,0,6
3526,2016-06,0,6
3526,2016-10,0,6
3526,2017-02,0,6
3526,2017-06,0,6
3526,2017-10,0,6
3527,2015-04,0,6
3527,2015-07,0,6
3527,2015-10,0,6
3527,2016-02,0,6
3527,2016-06,0,6
3527,2016-10,0,6
3527,2017-02,0,6
3527,2017-06,0,6
3527,2017-10,0,6
3528,2015-04,0,6
3528,2015-07,0,6
3528,2015-10,0,6
3528,2016-02,0,6
3528,2016-06,0,6
3528,2016-10,0,6
3528,2017-02,0,6
3528,2017-06,0,6
3528,2017-10,0,6
3529,2015-04,0,6
3529,2015-07,0,6
3529,2015-10,0,6
3529,2016-02,0,6
3529,2016-06,0,6
3529,2016-10,0,6
3529,2017-02,0,6
3529,2017-06,0,6
3529,2017-10,0,6
3530,2015-04,0,6
3530,2015-07,0,6
3530,2015-10,0,6
3530,2016-02,0,6
3530,2016-06,0,6
3530,2016-10,0,6
3530,2017-02,0,6
3530,2017-06,0,6
3530,2017-10,0,6
3531,2015-04,0,6
3531,2015-07,0,6
3531,2015-10,0,6
3531,2016-02,0,6
3531,2016-06,0,6
3531,2016-10,0,6
3531,2017-02,0,6
3531,2017-06,0,6
3531,2017-10,0,6
3532,2015-04,0,6
3532,2015-07,0,6
3532,2015-10,0,6
3532,2016-02,0,6
3532,2016-06,0,6
3532,2016-10,0,6
3532,2017-02,0,6
3532,2017-06,0,6
3532,2017-10,0,6
3533,2015-04,0,6
3533,2015-07,0,6
3533,2015-10,0,6
3533,2016-02,0,6
3533,2016-06,0,6
3533,2016-10,0,6
3533,2017-02,0,6
3533,2017-06,0,6
3533,2017-10,0,6
3534,2015-04,0,6
3534,2015-07,1,6
3534,2015-10,0,6
3534,2016-02,1,6
3534,2016-06,1,6
3534,2016-10,0,6
3534,2017-02,0,6
3534,2017-06,1,6
3534,2017-10,1,6
3535,2015-04,0,6
3535,2015-07,1,6
3535,2015-10,0,6
3535,2016-02,1,6
3535,2016-06,1,6
3535,2016-10,0,6
3535,2017-02,0,6
3535,2017-06,1,6
3535,2017-10,1,6
3536,2015-04,0,6
3536,2015-07,0,6
3536,2015-10,0,6
3536,2016-02,1,6
3536,2016-06,1,6
3536,2016-10,0,6
3536,2017-02,0,6
3536,2017-06,1,6
3536,2017-10,1,6
3537,2015-04,1,6
3537,2015-07,1,6
3537,2015-10,0,6
3537,2016-02,1,6
3537,2016-06,1,6
3537,2016-10,0,6
3537,2017-02,0,6
3537,2017-06,1,6
3537,2017-10,0,6
3538,2015-04,1,6
3538,2015-07,1,6
3538,2015-10,0,6
3538,2016-02,1,6
3538,2016-06,1,6
3538,2016-10,0,6
3538,2017-02,0,6
3538,2017-06,1,6
3538,2017-10,0,6
3539,2015-04,0,6
3539,2015-07,0,6
3539,2015-10,0,6
3539,2016-02,0,6
3539,2016-06,0,6
3539,2016-10,0,6
3539,2017-02,0,6
3539,2017-06,0,6
3539,2017-10,0,6
3540,2015-04,0,6
3540,2015-07,0,6
3540,2015-10,0,6
3540,2016-02,0,6
3540,2016-06,0,6
3540,2016-10,0,6
3540,2017-02,0,6
3540,2017-06,0,6
3540,2017-10,0,6
3541,2015-04,0,6
3541,2015-07,0,6
3541,2015-10,0,6
3541,2016-02,0,6
3541,2016-06,0,6
3541,2016-10,0,6
3541,2017-02,0,6
3541,2017-06,0,6
3541,2017-10,0,6
3542,2015-04,0,6
3542,2015-07,0,6
3542,2015-10,0,6
3542,2016-02,0,6
3542,2016-06,0,6
3542,2016-10,0,6
3542,2017-02,0,6
3542,2017-06,0,6
3542,2017-10,0,6
3543,2015-04,0,6
3543,2015-07,0,6
3543,2015-10,0,6
3543,2016-02,0,6
3543,2016-06,0,6
3543,2016-10,0,6
3543,2017-02,0,6
3543,2017-06,0,6
3543,2017-10,0,6
3544,2015-04,0,6
3544,2015-07,0,6
3544,2015-10,0,6
3544,2016-02,0,6
3544,2016-06,0,6
3544,2016-10,0,6
3544,2017-02,0,6
3544,2017-06,0,6
3544,2017-10,0,6
3545,2015-04,0,6
3545,2015-07,0,6
3545,2015-10,0,6
3545,2016-02,0,6
3545,2016-06,0,6
3545,2016-10,0,6
3545,2017-02,0,6
3545,2017-06,0,6
3545,2017-10,0,6
3546,2015-04,0,6
3546,2015-07,0,6
3546,2015-10,0,6
3546,2016-02,0,6
3546,2016-06,0,6
3546,2016-10,0,6
3546,2017-02,0,6
3546,2017-06,0,6
3546,2017-10,0,6
3547,2015-04,0,6
3547,2015-07,0,6
3547,2015-10,0,6
3547,2016-02,0,6
3547,2016-06,0,6
3547,2016-10,0,6
3547,2017-02,0,6
3547,2017-06,0,6
3547,2017-10,0,6
3548,2015-04,0,6
3548,2015-07,0,6
3548,2015-10,0,6
3548,2016-02,0,6
3548,2016-06,0,6
3548,2016-10,0,6
3548,2017-02,0,6
3548,2017-06,0,6
3548,2017-10,0,6
3549,2015-04,0,6
3549,2015-07,0,6
3549,2015-10,0,6
3549,2016-02,0,6
3549,2016-06,0,6
3549,2016-10,0,6
3549,2017-02,0,6
3549,2017-06,0,6
3549,2017-10,0,6
3550,2015-04,0,6
3550,2015-07,0,6
3550,2015-10,0,6
3550,2016-02,0,6
3550,2016-06,0,6
3550,2016-10,0,6
3550,2017-02,0,6
3550,2017-06,0,6
3550,2017-10,0,6
3551,2015-04,0,6
3551,2015-07,0,6
3551,2015-10,0,6
3551,2016-02,0,6
3551,2016-06,0,6
3551,2016-10,0,6
3551,2017-02,0,6
3551,2017-06,0,6
3551,2017-10,0,6
3552,2015-04,0,6
3552,2015-07,0,6
3552,2015-10,0,6
3552,2016-02,0,6
3552,2016-06,0,6
3552,2016-10,0,6
3552,2017-02,0,6
3552,2017-06,0,6
3552,2017-10,0,6
3553,2015-04,0,6
3553,2015-07,0,6
3553,2015-10,0,6
3553,2016-02,0,6
3553,2016-06,0,6
3553,2016-10,0,6
3553,2017-02,0,6
3553,2017-06,0,6
3553,2017-10,0,6
3554,2015-04,0,6
3554,2015-07,0,6
3554,2015-10,0,6
3554,2016-02,0,6
3554,2016-06,0,6
3554,2016-10,0,6
3554,2017-02,0,6
3554,2017-06,0,6
3554,2017-10,0,6
3555,2015-04,0,6
3555,2015-07,0,6
3555,2015-10,0,6
3555,2016-02,0,6
3555,2016-06,0,6
3555,2016-10,0,6
3555,2017-02,0,6
3555,2017-06,0,6
3555,2017-10,0,6
3556,2015-04,0,6
3556,2015-07,0,6
3556,2015-10,0,6
3556,2016-02,0,6
3556,2016-06,0,6
3556,2016-10,0,6
3556,2017-02,0,6
3556,2017-06,0,6
3556,2017-10,0,6
3557,2015-04,0,6
3557,2015-07,0,6
3557,2015-10,0,6
3557,2016-02,0,6
3557,2016-06,0,6
3557,2016-10,0,6
3557,2017-02,0,6
3557,2017-06,0,6
3557,2017-10,0,6
3558,2015-04,0,6
3558,2015-07,0,6
3558,2015-10,0,6
3558,2016-02,0,6
3558,2016-06,0,6
3558,2016-10,0,6
3558,2017-02,0,6
3558,2017-06,0,6
3558,2017-10,0,6
3559,2015-04,0,6
3559,2015-07,0,6
3559,2015-10,0,6
3559,2016-02,0,6
3559,2016-06,0,6
3559,2016-10,0,6
3559,2017-02,0,6
3559,2017-06,0,6
3559,2017-10,0,6
3560,2015-04,0,6
3560,2015-07,0,6
3560,2015-10,0,6
3560,2016-02,0,6
3560,2016-06,0,6
3560,2016-10,0,6
3560,2017-02,0,6
3560,2017-06,0,6
3560,2017-10,0,6
3561,2015-04,0,6
3561,2015-07,0,6
3561,2015-10,0,6
3561,2016-02,0,6
3561,2016-06,0,6
3561,2016-10,0,6
3561,2017-02,0,6
3561,2017-06,0,6
3561,2017-10,0,6
3562,2015-04,0,6
3562,2015-07,0,6
3562,2015-10,0,6
3562,2016-02,0,6
3562,2016-06,0,6
3562,2016-10,0,6
3562,2017-02,0,6
3562,2017-06,0,6
3562,2017-10,0,6
3563,2015-04,0,6
3563,2015-07,0,6
3563,2015-10,0,6
3563,2016-02,0,6
3563,2016-06,0,6
3563,2016-10,0,6
3563,2017-02,0,6
3563,2017-06,0,6
3563,2017-10,0,6
3564,2015-04,0,6
3564,2015-07,0,6
3564,2015-10,0,6
3564,2016-02,0,6
3564,2016-06,0,6
3564,2016-10,0,6
3564,2017-02,0,6
3564,2017-06,0,6
3564,2017-10,0,6
3565,2015-04,0,6
3565,2015-07,1,6
3565,2015-10,0,6
3565,2016-02,0,6
3565,2016-06,1,6
3565,2016-10,0,6
3565,2017-02,0,6
3565,2017-06,1,6
3565,2017-10,0,6
3566,2015-04,0,6
3566,2015-07,0,6
3566,2015-10,0,6
3566,2016-02,0,6
3566,2016-06,0,6
3566,2016-10,0,6
3566,2017-02,0,6
3566,2017-06,0,6
3566,2017-10,0,6
3567,2015-04,0,6
3567,2015-07,0,6
3567,2015-10,0,6
3567,2016-02,0,6
3567,2016-06,0,6
3567,2016-10,0,6
3567,2017-02,0,6
3567,2017-06,0,6
3567,2017-10,0,6
3568,2015-04,0,6
3568,2015-07,0,6
3568,2015-10,0,6
3568,2016-02,0,6
3568,2016-06,0,6
3568,2016-10,0,6
3568,2017-02,0,6
3568,2017-06,0,6
3568,2017-10,0,6
3569,2015-04,0,6
3569,2015-07,1,6
3569,2015-10,0,6
3569,2016-02,0,6
3569,2016-06,1,6
3569,2016-10,0,6
3569,2017-02,0,6
3569,2017-06,1,6
3569,2017-10,0,6
3570,2015-04,0,6
3570,2015-07,0,6
3570,2015-10,0,6
3570,2016-02,0,6
3570,2016-06,0,6
3570,2016-10,0,6
3570,2017-02,0,6
3570,2017-06,0,6
3570,2017-10,0,6
3571,2015-04,0,6
3571,2015-07,0,6
3571,2015-10,0,6
3571,2016-02,0,6
3571,2016-06,0,6
3571,2016-10,0,6
3571,2017-02,0,6
3571,2017-06,0,6
3571,2017-10,0,6
3572,2015-04,0,6
3572,2015-07,0,6
3572,2015-10,0,6
3572,2016-02,0,6
3572,2016-06,0,6
3572,2016-10,0,6
3572,2017-02,0,6
3572,2017-06,0,6
3572,2017-10,0,6
3573,2015-04,0,6
3573,2015-07,0,6
3573,2015-10,0,6
3573,2016-02,0,6
3573,2016-06,0,6
3573,2016-10,0,6
3573,2017-02,0,6
3573,2017-06,0,6
3573,2017-10,0,6
3574,2015-04,0,6
3574,2015-07,0,6
3574,2015-10,0,6
3574,2016-02,0,6
3574,2016-06,0,6
3574,2016-10,0,6
3574,2017-02,0,6
3574,2017-06,0,6
3574,2017-10,0,6
3575,2015-04,0,6
3575,2015-07,0,6
3575,2015-10,0,6
3575,2016-02,0,6
3575,2016-06,0,6
3575,2016-10,0,6
3575,2017-02,0,6
3575,2017-06,0,6
3575,2017-10,0,6
3576,2015-04,0,6
3576,2015-07,0,6
3576,2015-10,0,6
3576,2016-02,0,6
3576,2016-06,0,6
3576,2016-10,0,6
3576,2017-02,0,6
3576,2017-06,0,6
3576,2017-10,0,6
3577,2015-04,0,6
3577,2015-07,0,6
3577,2015-10,0,6
3577,2016-02,0,6
3577,2016-06,0,6
3577,2016-10,0,6
3577,2017-02,0,6
3577,2017-06,0,6
3577,2017-10,0,6
3578,2015-04,0,6
3578,2015-07,0,6
3578,2015-10,0,6
3578,2016-02,0,6
3578,2016-06,0,6
3578,2016-10,0,6
3578,2017-02,0,6
3578,2017-06,0,6
3578,2017-10,0,6
3579,2015-04,0,6
3579,2015-07,0,6
3579,2015-10,0,6
3579,2016-02,0,6
3579,2016-06,0,6
3579,2016-10,0,6
3579,2017-02,0,6
3579,2017-06,0,6
3579,2017-10,0,6
3580,2015-04,0,6
3580,2015-07,0,6
3580,2015-10,0,6
3580,2016-02,0,6
3580,2016-06,0,6
3580,2016-10,0,6
3580,2017-02,0,6
3580,2017-06,0,6
3580,2017-10,0,6
3581,2015-04,0,6
3581,2015-07,0,6
3581,2015-10,0,6
3581,2016-02,0,6
3581,2016-06,0,6
3581,2016-10,0,6
3581,2017-02,0,6
3581,2017-06,0,6
3581,2017-10,0,6
3582,2015-04,0,6
3582,2015-07,0,6
3582,2015-10,0,6
3582,2016-02,0,6
3582,2016-06,0,6
3582,2016-10,0,6
3582,2017-02,0,6
3582,2017-06,0,6
3582,2017-10,0,6
3583,2015-04,0,6
3583,2015-07,0,6
3583,2015-10,0,6
3583,2016-02,0,6
3583,2016-06,0,6
3583,2016-10,0,6
3583,2017-02,0,6
3583,2017-06,0,6
3583,2017-10,0,6
3584,2015-04,0,6
3584,2015-07,0,6
3584,2015-10,0,6
3584,2016-02,0,6
3584,2016-06,0,6
3584,2016-10,0,6
3584,2017-02,0,6
3584,2017-06,0,6
3584,2017-10,0,6
3585,2015-04,0,6
3585,2015-07,0,6
3585,2015-10,0,6
3585,2016-02,0,6
3585,2016-06,0,6
3585,2016-10,0,6
3585,2017-02,0,6
3585,2017-06,0,6
3585,2017-10,0,6
3586,2015-04,0,6
3586,2015-07,0,6
3586,2015-10,0,6
3586,2016-02,0,6
3586,2016-06,0,6
3586,2016-10,0,6
3586,2017-02,0,6
3586,2017-06,0,6
3586,2017-10,0,6
3587,2015-04,0,6
3587,2015-07,0,6
3587,2015-10,0,6
3587,2016-02,0,6
3587,2016-06,0,6
3587,2016-10,0,6
3587,2017-02,0,6
3587,2017-06,0,6
3587,2017-10,0,6
3588,2015-04,0,6
3588,2015-07,0,6
3588,2015-10,0,6
3588,2016-02,0,6
3588,2016-06,0,6
3588,2016-10,0,6
3588,2017-02,0,6
3588,2017-06,0,6
3588,2017-10,0,6
3589,2015-04,0,6
3589,2015-07,0,6
3589,2015-10,0,6
3589,2016-02,0,6
3589,2016-06,0,6
3589,2016-10,0,6
3589,2017-02,0,6
3589,2017-06,0,6
3589,2017-10,0,6
3590,2015-04,0,6
3590,2015-07,0,6
3590,2015-10,0,6
3590,2016-02,0,6
3590,2016-06,0,6
3590,2016-10,0,6
3590,2017-02,0,6
3590,2017-06,0,6
3590,2017-10,0,6
3591,2015-04,0,6
3591,2015-07,0,6
3591,2015-10,0,6
3591,2016-02,0,6
3591,2016-06,0,6
3591,2016-10,0,6
3591,2017-02,0,6
3591,2017-06,0,6
3591,2017-10,0,6
3592,2015-04,0,6
3592,2015-07,0,6
3592,2015-10,0,6
3592,2016-02,0,6
3592,2016-06,0,6
3592,2016-10,0,6
3592,2017-02,0,6
3592,2017-06,0,6
3592,2017-10,0,6
3593,2015-04,0,6
3593,2015-07,0,6
3593,2015-10,0,6
3593,2016-02,0,6
3593,2016-06,0,6
3593,2016-10,0,6
3593,2017-02,0,6
3593,2017-06,0,6
3593,2017-10,0,6
3594,2015-04,0,6
3594,2015-07,0,6
3594,2015-10,0,6
3594,2016-02,0,6
3594,2016-06,0,6
3594,2016-10,0,6
3594,2017-02,0,6
3594,2017-06,0,6
3594,2017-10,0,6
3595,2015-04,0,6
3595,2015-07,0,6
3595,2015-10,0,6
3595,2016-02,0,6
3595,2016-06,0,6
3595,2016-10,0,6
3595,2017-02,0,6
3595,2017-06,0,6
3595,2017-10,0,6
3596,2015-04,0,6
3596,2015-07,0,6
3596,2015-10,0,6
3596,2016-02,0,6
3596,2016-06,0,6
3596,2016-10,0,6
3596,2017-02,0,6
3596,2017-06,0,6
3596,2017-10,0,6
3597,2015-04,0,6
3597,2015-07,0,6
3597,2015-10,0,6
3597,2016-02,0,6
3597,2016-06,0,6
3597,2016-10,0,6
3597,2017-02,0,6
3597,2017-06,0,6
3597,2017-10,0,6
3598,2015-04,0,6
3598,2015-07,0,6
3598,2015-10,0,6
3598,2016-02,0,6
3598,2016-06,0,6
3598,2016-10,0,6
3598,2017-02,0,6
3598,2017-06,0,6
3598,2017-10,0,6
3599,2015-04,0,6
3599,2015-07,0,6
3599,2015-10,0,6
3599,2016-02,0,6
3599,2016-06,0,6
3599,2016-10,0,6
3599,2017-02,0,6
3599,2017-06,0,6
3599,2017-10,0,6
3600,2015-04,0,6
3600,2015-07,0,6
3600,2015-10,0,6
3600,2016-02,0,6
3600,2016-06,0,6
3600,2016-10,0,6
3600,2017-02,0,6
3600,2017-06,0,6
3600,2017-10,0,6
3601,2015-04,0,6
3601,2015-07,0,6
3601,2015-10,0,6
3601,2016-02,0,6
3601,2016-06,0,6
3601,2016-10,0,6
3601,2017-02,0,6
3601,2017-06,0,6
3601,2017-10,0,6
3602,2015-04,0,6
3602,2015-07,0,6
3602,2015-10,0,6
3602,2016-02,0,6
3602,2016-06,0,6
3602,2016-10,0,6
3602,2017-02,0,6
3602,2017-06,0,6
3602,2017-10,0,6
3603,2015-04,0,6
3603,2015-07,0,6
3603,2015-10,0,6
3603,2016-02,0,6
3603,2016-06,0,6
3603,2016-10,0,6
3603,2017-02,0,6
3603,2017-06,0,6
3603,2017-10,0,6
3604,2015-04,0,6
3604,2015-07,0,6
3604,2015-10,0,6
3604,2016-02,0,6
3604,2016-06,0,6
3604,2016-10,0,6
3604,2017-02,0,6
3604,2017-06,0,6
3604,2017-10,0,6
3605,2015-04,0,6
3605,2015-07,0,6
3605,2015-10,0,6
3605,2016-02,0,6
3605,2016-06,0,6
3605,2016-10,0,6
3605,2017-02,0,6
3605,2017-06,0,6
3605,2017-10,0,6
3606,2015-04,0,6
3606,2015-07,0,6
3606,2015-10,0,6
3606,2016-02,0,6
3606,2016-06,0,6
3606,2016-10,0,6
3606,2017-02,0,6
3606,2017-06,0,6
3606,2017-10,0,6
3607,2015-04,0,6
3607,2015-07,0,6
3607,2015-10,0,6
3607,2016-02,0,6
3607,2016-06,0,6
3607,2016-10,0,6
3607,2017-02,0,6
3607,2017-06,0,6
3607,2017-10,0,6
3608,2015-04,0,6
3608,2015-07,0,6
3608,2015-10,0,6
3608,2016-02,0,6
3608,2016-06,0,6
3608,2016-10,0,6
3608,2017-02,0,6
3608,2017-06,0,6
3608,2017-10,0,6
3609,2015-04,0,6
3609,2015-07,0,6
3609,2015-10,0,6
3609,2016-02,0,6
3609,2016-06,0,6
3609,2016-10,0,6
3609,2017-02,0,6
3609,2017-06,0,6
3609,2017-10,0,6
3610,2015-04,0,6
3610,2015-07,0,6
3610,2015-10,0,6
3610,2016-02,0,6
3610,2016-06,0,6
3610,2016-10,0,6
3610,2017-02,0,6
3610,2017-06,0,6
3610,2017-10,0,6
3611,2015-04,0,6
3611,2015-07,0,6
3611,2015-10,0,6
3611,2016-02,0,6
3611,2016-06,0,6
3611,2016-10,0,6
3611,2017-02,0,6
3611,2017-06,0,6
3611,2017-10,0,6
3612,2015-04,0,6
3612,2015-07,0,6
3612,2015-10,0,6
3612,2016-02,0,6
3612,2016-06,0,6
3612,2016-10,0,6
3612,2017-02,0,6
3612,2017-06,0,6
3612,2017-10,0,6
3613,2015-04,0,6
3613,2015-07,0,6
3613,2015-10,0,6
3613,2016-02,0,6
3613,2016-06,0,6
3613,2016-10,0,6
3613,2017-02,0,6
3613,2017-06,0,6
3613,2017-10,0,6
3614,2015-04,0,6
3614,2015-07,0,6
3614,2015-10,0,6
3614,2016-02,0,6
3614,2016-06,0,6
3614,2016-10,0,6
3614,2017-02,0,6
3614,2017-06,0,6
3614,2017-10,0,6
3615,2015-04,0,6
3615,2015-07,0,6
3615,2015-10,0,6
3615,2016-02,0,6
3615,2016-06,0,6
3615,2016-10,0,6
3615,2017-02,0,6
3615,2017-06,0,6
3615,2017-10,0,6
3616,2015-04,0,6
3616,2015-07,0,6
3616,2015-10,0,6
3616,2016-02,0,6
3616,2016-06,0,6
3616,2016-10,0,6
3616,2017-02,0,6
3616,2017-06,0,6
3616,2017-10,0,6
3617,2015-04,0,6
3617,2015-07,0,6
3617,2015-10,0,6
3617,2016-02,0,6
3617,2016-06,0,6
3617,2016-10,0,6
3617,2017-02,0,6
3617,2017-06,0,6
3617,2017-10,0,6
3618,2015-04,0,6
3618,2015-07,0,6
3618,2015-10,0,6
3618,2016-02,0,6
3618,2016-06,0,6
3618,2016-10,0,6
3618,2017-02,0,6
3618,2017-06,0,6
3618,2017-10,0,6
3619,2015-04,0,6
3619,2015-07,0,6
3619,2015-10,0,6
3619,2016-02,0,6
3619,2016-06,0,6
3619,2016-10,0,6
3619,2017-02,0,6
3619,2017-06,0,6
3619,2017-10,0,6
3620,2015-04,0,6
3620,2015-07,0,6
3620,2015-10,0,6
3620,2016-02,0,6
3620,2016-06,0,6
3620,2016-10,0,6
3620,2017-02,0,6
3620,2017-06,0,6
3620,2017-10,0,6
3621,2015-04,0,6
3621,2015-07,0,6
3621,2015-10,0,6
3621,2016-02,0,6
3621,2016-06,0,6
3621,2016-10,0,6
3621,2017-02,0,6
3621,2017-06,0,6
3621,2017-10,0,6
3622,2015-04,0,6
3622,2015-07,0,6
3622,2015-10,0,6
3622,2016-02,0,6
3622,2016-06,0,6
3622,2016-10,0,6
3622,2017-02,0,6
3622,2017-06,0,6
3622,2017-10,0,6
3623,2015-04,0,6
3623,2015-07,0,6
3623,2015-10,0,6
3623,2016-02,0,6
3623,2016-06,0,6
3623,2016-10,0,6
3623,2017-02,0,6
3623,2017-06,0,6
3623,2017-10,0,6
3624,2015-04,0,6
3624,2015-07,0,6
3624,2015-10,0,6
3624,2016-02,0,6
3624,2016-06,0,6
3624,2016-10,0,6
3624,2017-02,0,6
3624,2017-06,0,6
3624,2017-10,0,6
3625,2015-04,0,6
3625,2015-07,0,6
3625,2015-10,0,6
3625,2016-02,0,6
3625,2016-06,0,6
3625,2016-10,0,6
3625,2017-02,0,6
3625,2017-06,0,6
3625,2017-10,0,6
3626,2015-04,0,6
3626,2015-07,0,6
3626,2015-10,0,6
3626,2016-02,0,6
3626,2016-06,0,6
3626,2016-10,0,6
3626,2017-02,0,6
3626,2017-06,0,6
3626,2017-10,0,6
3627,2015-04,0,6
3627,2015-07,0,6
3627,2015-10,0,6
3627,2016-02,0,6
3627,2016-06,0,6
3627,2016-10,0,6
3627,2017-02,0,6
3627,2017-06,0,6
3627,2017-10,0,6
3628,2015-04,0,6
3628,2015-07,0,6
3628,2015-10,0,6
3628,2016-02,0,6
3628,2016-06,0,6
3628,2016-10,0,6
3628,2017-02,0,6
3628,2017-06,0,6
3628,2017-10,0,6
3629,2015-04,0,6
3629,2015-07,0,6
3629,2015-10,0,6
3629,2016-02,0,6
3629,2016-06,0,6
3629,2016-10,0,6
3629,2017-02,0,6
3629,2017-06,0,6
3629,2017-10,0,6
3630,2015-04,0,6
3630,2015-07,0,6
3630,2015-10,0,6
3630,2016-02,0,6
3630,2016-06,0,6
3630,2016-10,0,6
3630,2017-02,0,6
3630,2017-06,0,6
3630,2017-10,0,6
3631,2015-04,0,6
3631,2015-07,0,6
3631,2015-10,0,6
3631,2016-02,0,6
3631,2016-06,0,6
3631,2016-10,0,6
3631,2017-02,0,6
3631,2017-06,0,6
3631,2017-10,0,6
3632,2015-04,0,6
3632,2015-07,0,6
3632,2015-10,0,6
3632,2016-02,0,6
3632,2016-06,0,6
3632,2016-10,0,6
3632,2017-02,0,6
3632,2017-06,0,6
3632,2017-10,0,6
3633,2015-04,0,6
3633,2015-07,0,6
3633,2015-10,0,6
3633,2016-02,0,6
3633,2016-06,0,6
3633,2016-10,0,6
3633,2017-02,0,6
3633,2017-06,0,6
3633,2017-10,0,6
3634,2015-04,1,6
3634,2015-07,1,6
3634,2015-10,0,6
3634,2016-02,1,6
3634,2016-06,0,6
3634,2016-10,0,6
3634,2017-02,0,6
3634,2017-06,0,6
3634,2017-10,0,6
3635,2015-04,1,6
3635,2015-07,1,6
3635,2015-10,0,6
3635,2016-02,1,6
3635,2016-06,0,6
3635,2016-10,0,6
3635,2017-02,0,6
3635,2017-06,0,6
3635,2017-10,0,6
3636,2015-04,0,6
3636,2015-07,0,6
3636,2015-10,0,6
3636,2016-02,0,6
3636,2016-06,0,6
3636,2016-10,0,6
3636,2017-02,0,6
3636,2017-06,0,6
3636,2017-10,0,6
3637,2015-04,0,6
3637,2015-07,0,6
3637,2015-10,0,6
3637,2016-02,0,6
3637,2016-06,0,6
3637,2016-10,0,6
3637,2017-02,0,6
3637,2017-06,0,6
3637,2017-10,0,6
3638,2015-04,0,6
3638,2015-07,0,6
3638,2015-10,0,6
3638,2016-02,0,6
3638,2016-06,0,6
3638,2016-10,0,6
3638,2017-02,0,6
3638,2017-06,0,6
3638,2017-10,0,6
3639,2015-04,1,6
3639,2015-07,1,6
3639,2015-10,0,6
3639,2016-02,1,6
3639,2016-06,0,6
3639,2016-10,0,6
3639,2017-02,0,6
3639,2017-06,0,6
3639,2017-10,0,6
3640,2015-04,1,6
3640,2015-07,0,6
3640,2015-10,0,6
3640,2016-02,0,6
3640,2016-06,0,6
3640,2016-10,0,6
3640,2017-02,0,6
3640,2017-06,0,6
3640,2017-10,0,6
3641,2015-04,0,6
3641,2015-07,0,6
3641,2015-10,0,6
3641,2016-02,0,6
3641,2016-06,0,6
3641,2016-10,0,6
3641,2017-02,0,6
3641,2017-06,0,6
3641,2017-10,0,6
3642,2015-04,0,6
3642,2015-07,0,6
3642,2015-10,0,6
3642,2016-02,0,6
3642,2016-06,0,6
3642,2016-10,0,6
3642,2017-02,0,6
3642,2017-06,0,6
3642,2017-10,0,6
3643,2015-04,1,6
3643,2015-07,0,6
3643,2015-10,0,6
3643,2016-02,0,6
3643,2016-06,0,6
3643,2016-10,0,6
3643,2017-02,0,6
3643,2017-06,0,6
3643,2017-10,0,6
3644,2015-04,1,6
3644,2015-07,1,6
3644,2015-10,0,6
3644,2016-02,1,6
3644,2016-06,0,6
3644,2016-10,0,6
3644,2017-02,0,6
3644,2017-06,0,6
3644,2017-10,0,6
3645,2015-04,1,6
3645,2015-07,1,6
3645,2015-10,0,6
3645,2016-02,1,6
3645,2016-06,0,6
3645,2016-10,0,6
3645,2017-02,0,6
3645,2017-06,0,6
3645,2017-10,0,6
3646,2015-04,0,6
3646,2015-07,0,6
3646,2015-10,0,6
3646,2016-02,0,6
3646,2016-06,0,6
3646,2016-10,0,6
3646,2017-02,0,6
3646,2017-06,0,6
3646,2017-10,0,6
3647,2015-04,0,6
3647,2015-07,0,6
3647,2015-10,0,6
3647,2016-02,0,6
3647,2016-06,0,6
3647,2016-10,0,6
3647,2017-02,0,6
3647,2017-06,0,6
3647,2017-10,0,6
3648,2015-04,0,6
3648,2015-07,0,6
3648,2015-10,0,6
3648,2016-02,0,6
3648,2016-06,0,6
3648,2016-10,0,6
3648,2017-02,0,6
3648,2017-06,0,6
3648,2017-10,0,6
3649,2015-04,0,6
3649,2015-07,0,6
3649,2015-10,0,6
3649,2016-02,0,6
3649,2016-06,0,6
3649,2016-10,0,6
3649,2017-02,0,6
3649,2017-06,0,6
3649,2017-10,0,6
3650,2015-04,0,6
3650,2015-07,0,6
3650,2015-10,0,6
3650,2016-02,0,6
3650,2016-06,0,6
3650,2016-10,0,6
3650,2017-02,0,6
3650,2017-06,0,6
3650,2017-10,0,6
3651,2015-04,0,6
3651,2015-07,0,6
3651,2015-10,0,6
3651,2016-02,0,6
3651,2016-06,0,6
3651,2016-10,0,6
3651,2017-02,0,6
3651,2017-06,0,6
3651,2017-10,0,6
3652,2015-04,0,6
3652,2015-07,0,6
3652,2015-10,0,6
3652,2016-02,0,6
3652,2016-06,0,6
3652,2016-10,0,6
3652,2017-02,0,6
3652,2017-06,0,6
3652,2017-10,0,6
3653,2015-04,0,6
3653,2015-07,0,6
3653,2015-10,0,6
3653,2016-02,0,6
3653,2016-06,0,6
3653,2016-10,0,6
3653,2017-02,0,6
3653,2017-06,0,6
3653,2017-10,0,6
3654,2015-04,0,6
3654,2015-07,0,6
3654,2015-10,0,6
3654,2016-02,0,6
3654,2016-06,0,6
3654,2016-10,0,6
3654,2017-02,0,6
3654,2017-06,0,6
3654,2017-10,0,6
3670,2016-10,0,-1
3670,2017-02,0,-1
3670,2017-06,0,-1
3670,2017-10,0,-1
3671,2016-10,0,-1
3671,2017-02,0,-1
3671,2017-06,0,-1
3671,2017-10,0,-1
3672,2016-10,0,-1
3672,2017-02,0,-1
3672,2017-06,0,-1
3672,2017-10,0,-1
3673,2016-10,0,-1
3673,2017-02,0,-1
3673,2017-06,0,-1
3673,2017-10,0,-1
3674,2016-10,0,-1
3674,2017-02,0,-1
3674,2017-06,0,-1
3674,2017-10,0,-1
3675,2016-10,0,-1
3675,2017-02,0,-1
3675,2017-06,0,-1
3675,2017-10,0,-1
3676,2016-10,0,9
3676,2017-02,0,9
3676,2017-06,0,9
3676,2017-10,0,9
3678,2016-10,0,-1
3678,2017-02,0,-1
3678,2017-06,0,-1
3678,2017-10,0,-1
3679,2016-10,0,-1
3679,2017-02,0,-1
3679,2017-06,0,-1
3679,2017-10,0,-1
3680,2016-10,0,-1
3680,2017-02,0,-1
3680,2017-06,0,-1
3680,2017-10,0,-1
3681,2016-10,0,-1
3681,2017-02,0,-1
3681,2017-06,0,-1
3681,2017-10,0,-1
3683,2016-10,0,-1
3683,2017-02,0,-1
3683,2017-06,0,-1
3683,2017-10,0,-1
3684,2016-10,0,-1
3684,2017-02,0,-1
3684,2017-06,0,-1
3684,2017-10,0,-1
3685,2016-10,0,-1
3685,2017-02,0,-1
3685,2017-06,0,-1
3685,2017-10,0,-1
3686,2016-10,0,-1
3686,2017-02,0,-1
3686,2017-06,0,-1
3686,2017-10,0,-1
3692,2016-10,0,-1
3692,2017-02,0,-1
3692,2017-06,0,-1
3692,2017-10,0,-1
3726,2016-10,0,-1
3726,2017-02,0,-1
3726,2017-06,0,-1
3726,2017-10,0,-1
3727,2016-10,0,-1
3727,2017-02,0,-1
3727,2017-06,0,-1
3727,2017-10,0,-1
3729,2016-10,0,-1
3729,2017-02,0,-1
3729,2017-06,0,-1
3729,2017-10,0,-1
3730,2016-10,0,-1
3730,2017-02,0,-1
3730,2017-06,0,-1
3730,2017-10,0,-1
3731,2016-10,0,-1
3731,2017-02,0,-1
3731,2017-06,0,-1
3731,2017-10,0,-1
3732,2016-10,0,-1
3732,2017-02,0,-1
3732,2017-06,0,-1
3732,2017-10,0,-1
3733,2016-10,0,-1
3733,2017-02,0,-1
3733,2017-06,0,-1
3733,2017-10,0,-1
3734,2016-10,0,-1
3734,2017-02,0,-1
3734,2017-06,0,-1
3734,2017-10,0,-1
3735,2016-10,0,-1
3735,2017-02,0,-1
3735,2017-06,0,-1
3735,2017-10,0,-1
3736,2016-10,0,-1
3736,2017-02,0,-1
3736,2017-06,0,-1
3736,2017-10,0,-1
3737,2016-10,0,-1
3737,2017-02,0,-1
3737,2017-06,0,-1
3737,2017-10,0,-1
3753,2016-10,0,-1
3753,2017-02,0,-1
3753,2017-06,0,-1
3753,2017-10,1,-1
3758,2016-10,0,-1
3758,2017-02,0,-1
3758,2017-06,0,-1
3758,2017-10,0,-1
3760,2016-10,0,-1
3760,2017-02,0,-1
3760,2017-06,0,-1
3760,2017-10,0,-1
3761,2016-10,0,-1
3761,2017-02,0,-1
3761,2017-06,0,-1
3761,2017-10,0,-1
3762,2016-10,0,-1
3762,2017-02,0,-1
3762,2017-06,0,-1
3762,2017-10,0,-1
3776,2016-10,0,-1
3776,2017-02,0,-1
3776,2017-06,0,-1
3776,2017-10,0,-1
3783,2016-10,0,-1
3783,2017-02,0,-1
3783,2017-06,0,-1
3783,2017-10,1,-1
3788,2016-10,0,-1
3788,2017-02,0,-1
3788,2017-06,0,-1
3788,2017-10,1,-1
3792,2016-10,0,-1
3792,2017-02,0,-1
3792,2017-06,0,-1
3792,2017-10,0,-1
3798,2016-10,0,-1
3798,2017-02,0,-1
3798,2017-06,0,-1
3798,2017-10,0,-1
3799,2016-10,0,-1
3799,2017-02,0,-1
3799,2017-06,0,-1
3799,2017-10,0,-1
3800,2016-10,0,-1
3800,2017-02,0,-1
3800,2017-06,0,-1
3800,2017-10,1,-1
3801,2016-10,0,-1
3801,2017-02,0,-1
3801,2017-06,0,-1
3801,2017-10,0,-1
3805,2016-10,0,-1
3805,2017-02,0,-1
3805,2017-06,0,-1
3805,2017-10,1,-1
3808,2016-10,0,-1
3808,2017-02,0,-1
3808,2017-06,0,-1
3808,2017-10,0,-1
3809,2016-10,0,-1
3809,2017-02,0,-1
3809,2017-06,0,-1
3809,2017-10,0,-1
3810,2016-10,0,-1
3810,2017-02,0,-1
3810,2017-06,0,-1
3810,2017-10,0,-1
3811,2016-10,0,-1
3811,2017-02,0,-1
3811,2017-06,0,-1
3811,2017-10,0,-1
3812,2016-10,0,-1
3812,2017-02,0,-1
3812,2017-06,0,-1
3812,2017-10,0,-1
3813,2016-10,0,-1
3813,2017-02,0,-1
3813,2017-06,0,-1
3813,2017-10,0,-1
3814,2016-10,0,-1
3814,2017-02,0,-1
3814,2017-06,0,-1
3814,2017-10,0,-1
3817,2016-10,0,-1
3817,2017-02,0,-1
3817,2017-06,0,-1
3817,2017-10,0,-1
3818,2016-10,0,-1
3818,2017-02,0,-1
3818,2017-06,0,-1
3818,2017-10,0,-1
3819,2017-06,0,-1
3819,2017-10,0,-1
3820,2016-10,0,-1
3820,2017-02,0,-1
3820,2017-06,0,-1
3820,2017-10,0,-1
3821,2016-10,0,-1
3821,2017-02,0,-1
3821,2017-06,0,-1
3821,2017-10,0,-1
3822,2016-10,0,3
3822,2017-02,0,3
3822,2017-06,0,3
3822,2017-10,0,3
3823,2016-10,0,3
3823,2017-02,0,3
3823,2017-06,0,3
3823,2017-10,0,3
3824,2016-10,0,-1
3824,2017-02,0,-1
3824,2017-06,0,-1
3824,2017-10,0,-1
3825,2016-10,0,-1
3825,2017-02,0,-1
3825,2017-06,0,-1
3825,2017-10,0,-1
3826,2016-10,0,-1
3826,2017-02,0,-1
3826,2017-06,0,-1
3826,2017-10,0,-1
3827,2016-10,0,-1
3827,2017-02,0,-1
3827,2017-06,0,-1
3827,2017-10,0,-1
3828,2016-10,0,-1
3828,2017-02,0,-1
3828,2017-06,0,-1
3828,2017-10,0,-1
3829,2016-10,0,-1
3829,2017-02,0,-1
3829,2017-06,0,-1
3829,2017-10,0,-1
3830,2016-10,0,-1
3830,2017-02,0,-1
3830,2017-06,0,-1
3830,2017-10,0,-1
3831,2016-10,0,-1
3831,2017-02,0,-1
3831,2017-06,0,-1
3831,2017-10,0,-1
3832,2016-10,0,-1
3832,2017-02,0,-1
3832,2017-06,0,-1
3832,2017-10,0,-1
3833,2016-10,0,-1
3833,2017-02,0,-1
3833,2017-06,0,-1
3833,2017-10,0,-1
3834,2016-10,0,-1
3834,2017-02,0,-1
3834,2017-06,0,-1
3834,2017-10,0,-1
3835,2016-10,0,-1
3835,2017-02,0,-1
3835,2017-06,0,-1
3835,2017-10,0,-1
3836,2016-10,0,-1
3836,2017-02,0,-1
3836,2017-06,0,-1
3836,2017-10,0,-1
3837,2016-10,0,-1
3837,2017-02,0,-1
3837,2017-06,0,-1
3837,2017-10,0,-1
3838,2016-10,0,-1
3838,2017-02,0,-1
3838,2017-06,0,-1
3838,2017-10,0,-1
3839,2016-10,0,-1
3839,2017-02,0,-1
3839,2017-06,0,-1
3839,2017-10,0,-1
3840,2016-10,0,-1
3840,2017-02,0,-1
3840,2017-06,0,-1
3840,2017-10,0,-1
3841,2016-10,0,-1
3841,2017-02,0,-1
3841,2017-06,0,-1
3841,2017-10,0,-1
3842,2016-10,0,-1
3842,2017-02,0,-1
3842,2017-06,0,-1
3842,2017-10,0,-1
3848,2016-10,0,-1
3848,2017-02,0,-1
3848,2017-06,1,-1
3848,2017-10,1,-1
3849,2017-10,1,-1
3850,2016-10,0,-1
3850,2017-02,0,-1
3850,2017-06,0,-1
3850,2017-10,1,-1
3851,2017-02,0,-1
3851,2017-06,0,-1
3851,2017-10,1,-1
3852,2016-10,0,-1
3852,2017-02,0,-1
3852,2017-06,1,-1
3852,2017-10,1,-1
3853,2016-10,0,-1
3853,2017-02,0,-1
3853,2017-06,0,-1
3853,2017-10,0,-1
3854,2016-10,0,-1
3854,2017-02,0,-1
3854,2017-06,1,-1
3854,2017-10,1,-1
3855,2016-10,0,-1
3855,2017-02,0,-1
3855,2017-06,1,-1
3855,2017-10,1,-1
3856,2017-02,0,-1
3856,2017-06,0,-1
3856,2017-10,1,-1
3857,2016-10,0,-1
3857,2017-02,0,-1
3857,2017-06,0,-1
3857,2017-10,1,-1
3858,2016-10,0,-1
3858,2017-02,0,-1
3858,2017-06,1,-1
3858,2017-10,1,-1
3859,2016-10,0,-1
3859,2017-02,0,-1
3859,2017-06,0,-1
3859,2017-10,0,-1
3860,2016-10,0,-1
3860,2017-02,0,-1
3860,2017-06,1,-1
3860,2017-10,1,-1
3861,2016-10,0,-1
3861,2017-02,0,-1
3861,2017-06,1,-1
3861,2017-10,1,-1
3862,2016-10,0,-1
3862,2017-02,0,-1
3862,2017-06,0,-1
3862,2017-10,0,-1
3863,2016-10,0,-1
3863,2017-02,0,-1
3863,2017-06,0,-1
3863,2017-10,0,-1
3864,2016-10,0,-1
3864,2017-02,0,-1
3864,2017-06,0,-1
3864,2017-10,0,-1
3865,2016-10,0,-1
3865,2017-02,0,-1
3865,2017-06,0,-1
3865,2017-10,0,-1
3866,2016-10,0,-1
3866,2017-02,0,-1
3866,2017-06,0,-1
3866,2017-10,0,-1
3867,2016-10,0,-1
3867,2017-02,0,-1
3867,2017-06,0,-1
3867,2017-10,0,-1
3868,2016-10,0,-1
3868,2017-02,0,-1
3868,2017-06,0,-1
3868,2017-10,1,-1
3869,2016-10,0,-1
3869,2017-02,0,-1
3869,2017-06,1,-1
3869,2017-10,1,-1
3870,2016-10,0,-1
3870,2017-02,0,-1
3870,2017-06,0,-1
3870,2017-10,0,-1
3871,2016-10,0,-1
3871,2017-02,0,-1
3871,2017-06,1,-1
3871,2017-10,1,-1
3872,2016-10,0,-1
3872,2017-02,0,-1
3872,2017-06,0,-1
3872,2017-10,0,-1
3873,2016-10,0,-1
3873,2017-02,0,-1
3873,2017-06,0,-1
3873,2017-10,0,-1
3874,2016-10,0,-1
3874,2017-02,0,-1
3874,2017-06,0,-1
3874,2017-10,0,-1
3875,2016-10,0,-1
3875,2017-02,0,-1
3875,2017-06,0,-1
3875,2017-10,0,-1
3878,2016-10,0,-1
3878,2017-02,0,-1
3878,2017-06,1,-1
3878,2017-10,1,-1
3879,2016-10,0,-1
3879,2017-02,0,-1
3879,2017-06,0,-1
3879,2017-10,1,-1
3880,2016-10,0,-1
3880,2017-02,0,-1
3880,2017-06,0,-1
3880,2017-10,1,-1
3881,2016-10,0,-1
3881,2017-02,0,-1
3881,2017-06,1,-1
3881,2017-10,1,-1
3882,2016-10,0,-1
3882,2017-02,0,-1
3882,2017-06,1,-1
3882,2017-10,1,-1
3883,2016-10,0,-1
3883,2017-02,0,-1
3883,2017-06,0,-1
3883,2017-10,0,-1
3884,2016-10,0,-1
3884,2017-02,0,-1
3884,2017-06,0,-1
3884,2017-10,0,-1
3885,2016-10,0,-1
3885,2017-02,0,-1
3885,2017-06,0,-1
3885,2017-10,0,-1
3886,2016-10,0,-1
3886,2017-02,0,-1
3886,2017-06,0,-1
3886,2017-10,0,-1
3887,2016-10,0,-1
3887,2017-02,0,-1
3887,2017-06,0,-1
3887,2017-10,0,-1
3888,2016-10,0,-1
3888,2017-02,0,-1
3888,2017-06,1,-1
3888,2017-10,1,-1
3889,2016-10,0,-1
3889,2017-02,0,-1
3889,2017-06,0,-1
3889,2017-10,0,-1
3890,2016-10,0,-1
3890,2017-02,0,-1
3890,2017-06,0,-1
3890,2017-10,0,-1
3891,2016-10,0,-1
3891,2017-02,0,-1
3891,2017-06,0,-1
3891,2017-10,0,-1
3894,2016-10,0,-1
3894,2017-10,0,-1
3895,2016-10,0,-1
3895,2017-02,0,-1
3895,2017-06,0,-1
3895,2017-10,0,-1
3896,2016-10,0,-1
3896,2017-02,0,-1
3896,2017-06,0,-1
3896,2017-10,0,-1
3897,2016-10,0,-1
3897,2017-02,0,-1
3897,2017-06,0,-1
3897,2017-10,0,-1
3898,2016-10,0,-1
3898,2017-02,0,-1
3898,2017-06,0,-1
3898,2017-10,0,-1
3899,2016-10,0,-1
3899,2017-02,0,-1
3899,2017-06,0,-1
3899,2017-10,0,-1
3900,2016-10,0,-1
3900,2017-02,0,-1
3900,2017-06,0,-1
3900,2017-10,0,-1
3901,2016-10,0,-1
3901,2017-02,0,-1
3901,2017-06,0,-1
3901,2017-10,0,-1
3902,2016-10,0,9
3902,2017-02,0,9
3902,2017-06,0,9
3902,2017-10,0,9
3903,2016-10,0,9
3903,2017-02,0,9
3903,2017-06,0,9
3903,2017-10,0,9
3904,2016-10,0,-1
3904,2017-02,0,-1
3904,2017-06,0,-1
3904,2017-10,0,-1
3905,2016-10,0,9
3905,2017-02,0,9
3905,2017-06,0,9
3905,2017-10,0,9
3906,2016-10,0,9
3906,2017-02,0,9
3906,2017-06,0,9
3906,2017-10,0,9
3907,2016-10,0,-1
3907,2017-02,0,-1
3907,2017-06,0,-1
3907,2017-10,0,-1
3908,2016-10,0,4
3908,2017-02,0,4
3908,2017-06,0,4
3908,2017-10,0,4
3909,2016-10,0,9
3909,2017-02,0,9
3909,2017-06,0,9
3909,2017-10,0,9
3910,2016-10,0,4
3910,2017-02,0,4
3910,2017-06,0,4
3910,2017-10,0,4
3911,2016-10,0,3
3911,2017-02,0,3
3911,2017-06,0,3
3911,2017-10,0,3
3912,2016-10,0,9
3912,2017-02,0,9
3912,2017-06,0,9
3912,2017-10,0,9
3913,2016-10,0,9
3913,2017-02,0,9
3913,2017-06,0,9
3913,2017-10,0,9
3914,2016-10,0,-1
3914,2017-02,0,-1
3914,2017-06,0,-1
3914,2017-10,0,-1
3927,2016-10,0,-1
3927,2017-02,1,-1
3927,2017-06,0,-1
3927,2017-10,0,-1
3928,2016-10,0,-1
3928,2017-02,1,-1
3928,2017-06,0,-1
3928,2017-10,0,-1
3929,2016-10,0,-1
3929,2017-02,0,-1
3929,2017-06,0,-1
3929,2017-10,0,-1
3930,2016-10,0,-1
3930,2017-02,0,-1
3930,2017-06,0,-1
3930,2017-10,0,-1
3931,2016-10,0,-1
3931,2017-02,0,-1
3931,2017-06,0,-1
3931,2017-10,0,-1
3932,2016-10,0,-1
3932,2017-02,0,-1
3932,2017-06,0,-1
3932,2017-10,0,-1
3933,2016-10,0,-1
3933,2017-02,0,-1
3933,2017-06,0,-1
3933,2017-10,0,-1
3934,2016-10,0,-1
3934,2017-02,0,-1
3934,2017-06,0,-1
3934,2017-10,0,-1
3935,2016-10,0,-1
3935,2017-02,0,-1
3935,2017-06,0,-1
3935,2017-10,0,-1
3936,2017-06,0,-1
3936,2017-10,0,-1
3937,2016-10,0,9
3937,2017-02,0,9
3937,2017-06,0,9
3937,2017-10,0,9
3938,2016-10,0,3
3938,2017-02,0,3
3938,2017-06,0,3
3938,2017-10,0,3
3939,2016-10,0,-1
3939,2017-02,0,-1
3939,2017-06,0,-1
3939,2017-10,0,-1
3940,2016-10,0,-1
3940,2017-02,0,-1
3940,2017-06,0,-1
3940,2017-10,0,-1
3941,2016-10,0,-1
3941,2017-02,0,-1
3941,2017-06,0,-1
3941,2017-10,0,-1
3942,2016-10,0,-1
3942,2017-02,0,-1
3942,2017-06,0,-1
3942,2017-10,0,-1
3943,2016-10,0,-1
3943,2017-02,0,-1
3943,2017-06,0,-1
3943,2017-10,0,-1
3944,2016-10,0,-1
3944,2017-02,0,-1
3944,2017-06,0,-1
3944,2017-10,0,-1
3945,2016-10,0,9
3945,2017-02,0,9
3945,2017-06,0,9
3945,2017-10,0,9
3946,2016-10,0,-1
3946,2017-02,0,-1
3946,2017-06,0,-1
3946,2017-10,0,-1
3947,2016-10,0,-1
3947,2017-02,0,-1
3947,2017-06,0,-1
3947,2017-10,0,-1
3948,2016-10,0,-1
3948,2017-02,0,-1
3948,2017-06,0,-1
3948,2017-10,0,-1
3949,2016-10,0,-1
3949,2017-02,0,-1
3949,2017-06,0,-1
3949,2017-10,0,-1
3955,2016-10,0,-1
3955,2017-02,0,-1
3955,2017-06,0,-1
3955,2017-10,0,-1
3956,2016-10,0,-1
3956,2017-02,0,-1
3956,2017-06,0,-1
3956,2017-10,0,-1
3957,2016-10,0,-1
3957,2017-02,0,-1
3957,2017-06,0,-1
3957,2017-10,0,-1
3958,2016-10,0,-1
3958,2017-02,0,-1
3958,2017-06,0,-1
3958,2017-10,0,-1
3959,2016-10,0,-1
3959,2017-02,0,-1
3959,2017-06,0,-1
3959,2017-10,0,-1
3960,2016-10,0,-1
3960,2017-02,0,-1
3960,2017-06,0,-1
3960,2017-10,0,-1
3961,2016-10,0,-1
3961,2017-02,1,-1
3961,2017-06,1,-1
3961,2017-10,1,-1
3962,2016-10,0,-1
3962,2017-02,0,-1
3962,2017-06,0,-1
3962,2017-10,0,-1
3963,2016-10,0,-1
3963,2017-02,1,-1
3963,2017-06,1,-1
3963,2017-10,1,-1
3964,2016-10,0,-1
3964,2017-02,0,-1
3964,2017-06,0,-1
3964,2017-10,0,-1
3965,2016-10,0,-1
3965,2017-02,0,-1
3965,2017-06,0,-1
3965,2017-10,0,-1
3966,2016-10,0,-1
3966,2017-02,0,-1
3966,2017-06,0,-1
3966,2017-10,1,-1
3967,2016-10,0,-1
3967,2017-02,1,-1
3967,2017-06,1,-1
3967,2017-10,1,-1
3968,2016-10,0,-1
3968,2017-02,0,-1
3968,2017-06,0,-1
3968,2017-10,0,-1
3969,2016-10,0,-1
3969,2017-02,0,-1
3969,2017-06,0,-1
3969,2017-10,0,-1
3970,2016-10,0,-1
3970,2017-02,1,-1
3970,2017-06,1,-1
3970,2017-10,1,-1
3971,2016-10,0,-1
3971,2017-02,0,-1
3971,2017-06,0,-1
3971,2017-10,1,-1
3972,2016-10,0,-1
3972,2017-02,1,-1
3972,2017-06,1,-1
3972,2017-10,1,-1
3973,2016-10,0,-1
3973,2017-02,1,-1
3973,2017-06,1,-1
3973,2017-10,1,-1
3974,2016-10,0,-1
3974,2017-02,0,-1
3974,2017-06,0,-1
3974,2017-10,1,-1
3975,2016-10,0,-1
3975,2017-02,0,-1
3975,2017-06,0,-1
3975,2017-10,1,-1
3976,2016-10,0,-1
3976,2017-02,0,-1
3976,2017-06,1,-1
3976,2017-10,1,-1
3977,2016-10,0,-1
3977,2017-02,0,-1
3977,2017-06,1,-1
3977,2017-10,1,-1
3978,2016-10,0,-1
3978,2017-02,0,-1
3978,2017-06,1,-1
3978,2017-10,1,-1
3979,2016-10,0,-1
3979,2017-02,0,-1
3979,2017-06,1,-1
3979,2017-10,1,-1
3980,2016-10,0,-1
3980,2017-02,0,-1
3980,2017-06,1,-1
3980,2017-10,1,-1
3981,2016-10,0,-1
3981,2017-02,0,-1
3981,2017-06,0,-1
3981,2017-10,0,-1
3982,2016-10,0,-1
3982,2017-02,0,-1
3982,2017-06,0,-1
3982,2017-10,0,-1
3983,2016-10,0,-1
3983,2017-02,0,-1
3983,2017-06,1,-1
3983,2017-10,1,-1
3984,2016-10,0,-1
3984,2017-02,0,-1
3984,2017-06,0,-1
3984,2017-10,0,-1
3985,2016-10,0,-1
3985,2017-02,0,-1
3985,2017-06,1,-1
3985,2017-10,1,-1
3986,2016-10,0,-1
3986,2017-02,0,-1
3986,2017-06,0,-1
3986,2017-10,0,-1
3987,2016-10,0,-1
3987,2017-02,0,-1
3987,2017-06,1,-1
3987,2017-10,1,-1
3988,2016-10,0,-1
3988,2017-02,0,-1
3988,2017-06,0,-1
3988,2017-10,0,-1
3989,2016-10,0,-1
3989,2017-02,0,-1
3989,2017-06,1,-1
3989,2017-10,1,-1
3990,2016-10,0,-1
3990,2017-02,0,-1
3990,2017-06,0,-1
3990,2017-10,0,-1
3991,2016-10,0,-1
3991,2017-02,0,-1
3991,2017-06,1,-1
3991,2017-10,1,-1
3992,2016-10,0,-1
3992,2017-02,0,-1
3992,2017-06,1,-1
3992,2017-10,1,-1
3993,2016-10,0,-1
3993,2017-02,0,-1
3993,2017-06,1,-1
3993,2017-10,1,-1
3994,2016-10,0,-1
3994,2017-02,0,-1
3994,2017-06,0,-1
3994,2017-10,1,-1
3995,2016-10,0,-1
3995,2017-02,0,-1
3995,2017-06,0,-1
3995,2017-10,0,-1
3996,2016-10,0,-1
3996,2017-02,0,-1
3996,2017-06,0,-1
3996,2017-10,1,-1
3997,2016-10,0,-1
3997,2017-02,0,-1
3997,2017-06,0,-1
3997,2017-10,0,-1
3998,2016-10,0,4
3998,2017-02,0,4
3998,2017-06,0,4
3998,2017-10,0,4
3999,2016-10,0,9
3999,2017-02,0,9
3999,2017-06,0,9
3999,2017-10,0,9
4000,2015-04,0,-1
4000,2015-07,0,-1
4000,2015-10,0,-1
4000,2016-02,0,-1
4000,2016-06,1,-1
4000,2016-10,1,-1
4000,2017-02,1,-1
4000,2017-06,0,-1
4000,2017-10,0,-1
4001,2015-04,0,-1
4001,2015-07,0,-1
4001,2015-10,0,-1
4001,2016-02,0,-1
4001,2016-06,0,-1
4001,2016-10,0,-1
4001,2017-02,1,-1
4001,2017-06,0,-1
4001,2017-10,0,-1
4002,2015-04,0,-1
4002,2015-07,0,-1
4002,2015-10,0,-1
4002,2016-02,0,-1
4002,2016-06,1,-1
4002,2016-10,1,-1
4002,2017-02,1,-1
4002,2017-06,0,-1
4002,2017-10,0,-1
4003,2015-04,0,-1
4003,2015-07,0,-1
4003,2015-10,0,-1
4003,2016-02,0,-1
4003,2016-06,1,-1
4003,2016-10,1,-1
4003,2017-02,1,-1
4003,2017-06,0,-1
4003,2017-10,0,-1
4004,2015-04,0,-1
4004,2015-07,0,-1
4004,2015-10,0,-1
4004,2016-02,0,-1
4004,2016-06,0,-1
4004,2016-10,0,-1
4004,2017-02,1,-1
4004,2017-06,0,-1
4004,2017-10,0,-1
4005,2015-04,0,-1
4005,2015-07,0,-1
4005,2015-10,0,-1
4005,2016-02,0,-1
4005,2016-06,0,-1
4005,2016-10,0,-1
4005,2017-02,0,-1
4005,2017-06,0,-1
4005,2017-10,0,-1
4006,2015-04,0,-1
4006,2015-07,0,-1
4006,2015-10,0,-1
4006,2016-02,0,-1
4006,2016-06,1,-1
4006,2016-10,1,-1
4006,2017-02,1,-1
4006,2017-06,0,-1
4006,2017-10,0,-1
4007,2015-04,0,7
4007,2015-07,0,7
4007,2015-10,0,7
4007,2016-02,0,7
4007,2016-06,1,7
4007,2016-10,1,7
4007,2017-02,1,7
4007,2017-06,0,7
4007,2017-10,0,7
4008,2015-04,0,-1
4008,2015-07,0,-1
4008,2015-10,0,-1
4008,2016-02,0,-1
4008,2016-06,0,-1
4008,2016-10,0,-1
4008,2017-02,0,-1
4008,2017-06,0,-1
4008,2017-10,0,-1
4009,2015-04,0,-1
4009,2015-07,0,-1
4009,2015-10,0,-1
4009,2016-02,0,-1
4009,2016-06,0,-1
4009,2016-10,0,-1
4009,2017-02,0,-1
4009,2017-06,0,-1
4009,2017-10,0,-1
4010,2015-04,0,-1
4010,2015-07,0,-1
4010,2015-10,0,-1
4010,2016-02,0,-1
4010,2016-06,1,-1
4010,2016-10,1,-1
4010,2017-02,1,-1
4010,2017-06,0,-1
4010,2017-10,0,-1
4011,2015-04,0,-1
4011,2015-07,0,-1
4011,2015-10,0,-1
4011,2016-02,0,-1
4011,2016-06,0,-1
4011,2016-10,0,-1
4011,2017-02,0,-1
4011,2017-06,0,-1
4011,2017-10,0,-1
4012,2015-04,0,-1
4012,2015-07,0,-1
4012,2015-10,0,-1
4012,2016-02,0,-1
4012,2016-06,1,-1
4012,2016-10,1,-1
4012,2017-02,1,-1
4012,2017-06,0,-1
4012,2017-10,0,-1
4013,2015-04,0,-1
4013,2015-07,0,-1
4013,2015-10,0,-1
4013,2016-02,0,-1
4013,2016-06,1,-1
4013,2016-10,1,-1
4013,2017-02,1,-1
4013,2017-06,0,-1
4013,2017-10,0,-1
4014,2015-04,0,-1
4014,2015-07,0,-1
4014,2015-10,0,-1
4014,2016-02,0,-1
4014,2016-06,0,-1
4014,2016-10,0,-1
4014,2017-02,1,-1
4014,2017-06,0,-1
4014,2017-10,0,-1
4015,2015-04,0,-1
4015,2015-07,0,-1
4015,2015-10,0,-1
4015,2016-02,0,-1
4015,2016-06,0,-1
4015,2016-10,0,-1
4015,2017-02,0,-1
4015,2017-06,0,-1
4015,2017-10,0,-1
4016,2015-04,0,-1
4016,2015-07,0,-1
4016,2015-10,0,-1
4016,2016-02,0,-1
4016,2016-06,1,-1
4016,2016-10,1,-1
4016,2017-02,1,-1
4016,2017-06,0,-1
4016,2017-10,0,-1
4017,2015-04,0,-1
4017,2015-07,0,-1
4017,2015-10,0,-1
4017,2016-02,0,-1
4017,2016-06,1,-1
4017,2016-10,1,-1
4017,2017-02,1,-1
4017,2017-06,0,-1
4017,2017-10,0,-1
4018,2015-04,0,7
4018,2015-07,0,7
4018,2015-10,0,7
4018,2016-02,0,7
4018,2016-06,1,7
4018,2016-10,1,7
4018,2017-02,1,7
4018,2017-06,0,7
4018,2017-10,0,7
4019,2015-04,0,-1
4019,2015-07,0,-1
4019,2015-10,0,-1
4019,2016-02,0,-1
4019,2016-06,1,-1
4019,2016-10,1,-1
4019,2017-02,1,-1
4019,2017-06,0,-1
4019,2017-10,0,-1
4020,2015-04,0,-1
4020,2015-07,0,-1
4020,2015-10,0,-1
4020,2016-02,0,-1
4020,2016-06,0,-1
4020,2016-10,0,-1
4020,2017-02,0,-1
4020,2017-06,0,-1
4020,2017-10,0,-1
4021,2015-04,0,7
4021,2015-07,0,7
4021,2015-10,0,7
4021,2016-02,0,7
4021,2016-06,1,7
4021,2016-10,1,7
4021,2017-02,1,7
4021,2017-06,0,7
4021,2017-10,0,7
4022,2015-04,0,-1
4022,2015-07,0,-1
4022,2015-10,0,-1
4022,2016-02,0,-1
4022,2016-06,1,-1
4022,2016-10,1,-1
4022,2017-02,1,-1
4022,2017-06,0,-1
4022,2017-10,0,-1
4023,2015-04,0,-1
4023,2015-07,0,-1
4023,2015-10,0,-1
4023,2016-02,0,-1
4023,2016-06,1,-1
4023,2016-10,1,-1
4023,2017-02,1,-1
4023,2017-06,0,-1
4023,2017-10,0,-1
4024,2015-04,0,-1
4024,2015-07,0,-1
4024,2015-10,0,-1
4024,2016-02,0,-1
4024,2016-06,1,-1
4024,2016-10,1,-1
4024,2017-02,1,-1
4024,2017-06,0,-1
4024,2017-10,0,-1
4025,2015-04,0,7
4025,2015-07,0,7
4025,2015-10,0,7
4025,2016-02,0,7
4025,2016-06,1,7
4025,2016-10,1,7
4025,2017-02,1,7
4025,2017-06,0,7
4025,2017-10,0,7
4026,2015-04,0,-1
4026,2015-07,0,-1
4026,2015-10,0,-1
4026,2016-02,0,-1
4026,2016-06,1,-1
4026,2016-10,1,-1
4026,2017-02,1,-1
4026,2017-06,0,-1
4026,2017-10,0,-1
4027,2015-04,0,-1
4027,2015-07,0,-1
4027,2015-10,0,-1
4027,2016-02,0,-1
4027,2016-06,1,-1
4027,2016-10,1,-1
4027,2017-02,1,-1
4027,2017-06,0,-1
4027,2017-10,0,-1
4028,2015-04,0,-1
4028,2015-07,0,-1
4028,2015-10,1,-1
4028,2016-02,1,-1
4028,2016-06,1,-1
4028,2016-10,1,-1
4028,2017-02,1,-1
4028,2017-06,0,-1
4028,2017-10,0,-1
4029,2015-04,0,-1
4029,2015-07,0,-1
4029,2015-10,0,-1
4029,2016-02,0,-1
4029,2016-06,1,-1
4029,2016-10,1,-1
4029,2017-02,1,-1
4029,2017-06,0,-1
4029,2017-10,0,-1
4030,2015-04,0,-1
4030,2015-07,0,-1
4030,2015-10,0,-1
4030,2016-02,0,-1
4030,2016-06,1,-1
4030,2016-10,1,-1
4030,2017-02,1,-1
4030,2017-06,0,-1
4030,2017-10,0,-1
4031,2015-04,0,-1
4031,2015-07,0,-1
4031,2015-10,0,-1
4031,2016-02,0,-1
4031,2016-06,1,-1
4031,2016-10,1,-1
4031,2017-02,1,-1
4031,2017-06,0,-1
4031,2017-10,0,-1
4032,2015-04,0,-1
4032,2015-07,0,-1
4032,2015-10,0,-1
4032,2016-02,0,-1
4032,2016-06,1,-1
4032,2016-10,1,-1
4032,2017-02,1,-1
4032,2017-06,0,-1
4032,2017-10,0,-1
4033,2015-04,0,7
4033,2015-07,0,7
4033,2015-10,0,7
4033,2016-02,0,7
4033,2016-06,1,7
4033,2016-10,1,7
4033,2017-02,1,7
4033,2017-06,0,7
4033,2017-10,0,7
4034,2015-04,0,-1
4034,2015-07,0,-1
4034,2015-10,0,-1
4034,2016-02,0,-1
4034,2016-06,0,-1
4034,2016-10,0,-1
4034,2017-02,0,-1
4034,2017-06,0,-1
4034,2017-10,0,-1
4035,2015-04,0,-1
4035,2015-07,0,-1
4035,2015-10,0,-1
4035,2016-02,0,-1
4035,2016-06,1,-1
4035,2016-10,1,-1
4035,2017-02,1,-1
4035,2017-06,0,-1
4035,2017-10,0,-1
4036,2015-04,0,-1
4036,2015-07,0,-1
4036,2015-10,0,-1
4036,2016-02,0,-1
4036,2016-06,1,-1
4036,2016-10,1,-1
4036,2017-02,1,-1
4036,2017-06,0,-1
4036,2017-10,0,-1
4037,2015-04,0,-1
4037,2015-07,0,-1
4037,2015-10,0,-1
4037,2016-02,0,-1
4037,2016-06,0,-1
4037,2016-10,0,-1
4037,2017-02,1,-1
4037,2017-06,0,-1
4037,2017-10,0,-1
4038,2015-04,0,7
4038,2015-07,0,7
4038,2015-10,0,7
4038,2016-02,0,7
4038,2016-06,0,7
4038,2016-10,0,7
4038,2017-02,0,7
4038,2017-06,0,7
4038,2017-10,0,7
4039,2015-04,0,7
4039,2015-07,0,7
4039,2015-10,0,7
4039,2016-02,0,7
4039,2016-06,0,7
4039,2016-10,0,7
4039,2017-02,0,7
4039,2017-06,0,7
4039,2017-10,0,7
4040,2015-04,0,7
4040,2015-07,0,7
4040,2015-10,0,7
4040,2016-02,0,7
4040,2016-06,0,7
4040,2016-10,0,7
4040,2017-02,0,7
4040,2017-06,0,7
4040,2017-10,0,7
4041,2015-04,0,7
4041,2015-07,0,7
4041,2015-10,0,7
4041,2016-02,0,7
4041,2016-06,0,7
4041,2016-10,0,7
4041,2017-02,0,7
4041,2017-06,0,7
4041,2017-10,0,7
4042,2015-04,0,-1
4042,2015-07,0,-1
4042,2015-10,0,-1
4042,2016-02,0,-1
4042,2016-06,1,-1
4042,2016-10,1,-1
4042,2017-02,1,-1
4042,2017-06,0,-1
4042,2017-10,0,-1
4043,2015-04,0,-1
4043,2015-07,0,-1
4043,2015-10,1,-1
4043,2016-02,1,-1
4043,2016-06,1,-1
4043,2016-10,1,-1
4043,2017-02,1,-1
4043,2017-06,0,-1
4043,2017-10,0,-1
4044,2015-04,0,-1
4044,2015-07,0,-1
4044,2015-10,0,-1
4044,2016-02,0,-1
4044,2016-06,1,-1
4044,2016-10,1,-1
4044,2017-02,1,-1
4044,2017-06,0,-1
4044,2017-10,0,-1
4045,2015-04,0,-1
4045,2015-07,0,-1
4045,2015-10,0,-1
4045,2016-02,0,-1
4045,2016-06,1,-1
4045,2016-10,1,-1
4045,2017-02,1,-1
4045,2017-06,0,-1
4045,2017-10,0,-1
4046,2015-04,0,-1
4046,2015-07,0,-1
4046,2015-10,1,-1
4046,2016-02,1,-1
4046,2016-06,1,-1
4046,2016-10,1,-1
4046,2017-02,1,-1
4046,2017-06,0,-1
4046,2017-10,0,-1
4047,2015-04,0,-1
4047,2015-07,0,-1
4047,2015-10,0,-1
4047,2016-02,0,-1
4047,2016-06,1,-1
4047,2016-10,1,-1
4047,2017-02,1,-1
4047,2017-06,0,-1
4047,2017-10,0,-1
4048,2015-04,0,-1
4048,2015-07,0,-1
4048,2015-10,1,-1
4048,2016-02,1,-1
4048,2016-06,1,-1
4048,2016-10,1,-1
4048,2017-02,1,-1
4048,2017-06,0,-1
4048,2017-10,0,-1
4049,2015-04,0,-1
4049,2015-07,0,-1
4049,2015-10,1,-1
4049,2016-02,1,-1
4049,2016-06,1,-1
4049,2016-10,1,-1
4049,2017-02,1,-1
4049,2017-06,0,-1
4049,2017-10,0,-1
4050,2015-04,0,-1
4050,2015-07,0,-1
4050,2015-10,0,-1
4050,2016-02,0,-1
4050,2016-06,0,-1
4050,2016-10,0,-1
4050,2017-02,0,-1
4050,2017-06,0,-1
4050,2017-10,0,-1
4051,2015-04,0,-1
4051,2015-07,0,-1
4051,2015-10,0,-1
4051,2016-02,0,-1
4051,2016-06,0,-1
4051,2016-10,0,-1
4051,2017-02,0,-1
4051,2017-06,0,-1
4051,2017-10,0,-1
4052,2015-04,0,-1
4052,2015-07,0,-1
4052,2015-10,0,-1
4052,2016-02,0,-1
4052,2016-06,0,-1
4052,2016-10,0,-1
4052,2017-02,0,-1
4052,2017-06,0,-1
4052,2017-10,0,-1
4053,2015-04,0,-1
4053,2015-07,0,-1
4053,2015-10,0,-1
4053,2016-02,0,-1
4053,2016-06,0,-1
4053,2016-10,0,-1
4053,2017-02,0,-1
4053,2017-06,0,-1
4053,2017-10,0,-1
4054,2015-04,0,-1
4054,2015-07,0,-1
4054,2015-10,0,-1
4054,2016-02,0,-1
4054,2016-06,0,-1
4054,2016-10,0,-1
4054,2017-02,0,-1
4054,2017-06,0,-1
4054,2017-10,0,-1
4055,2015-04,0,-1
4055,2015-07,0,-1
4055,2015-10,0,-1
4055,2016-02,0,-1
4055,2016-06,0,-1
4055,2016-10,0,-1
4055,2017-02,0,-1
4055,2017-06,0,-1
4055,2017-10,0,-1
4056,2015-04,0,-1
4056,2015-07,0,-1
4056,2015-10,0,-1
4056,2016-02,0,-1
4056,2016-06,0,-1
4056,2016-10,0,-1
4056,2017-02,1,-1
4056,2017-06,0,-1
4056,2017-10,0,-1
4057,2015-04,0,-1
4057,2015-07,0,-1
4057,2015-10,0,-1
4057,2016-02,0,-1
4057,2016-06,0,-1
4057,2016-10,0,-1
4057,2017-02,0,-1
4057,2017-06,0,-1
4057,2017-10,0,-1
4058,2015-04,0,-1
4058,2015-07,0,-1
4058,2015-10,0,-1
4058,2016-02,0,-1
4058,2016-06,0,-1
4058,2016-10,0,-1
4058,2017-02,0,-1
4058,2017-06,0,-1
4058,2017-10,0,-1
4059,2015-04,0,-1
4059,2015-07,0,-1
4059,2015-10,0,-1
4059,2016-02,0,-1
4059,2016-06,0,-1
4059,2016-10,0,-1
4059,2017-02,0,-1
4059,2017-06,0,-1
4059,2017-10,0,-1
4060,2015-04,0,-1
4060,2015-07,0,-1
4060,2015-10,0,-1
4060,2016-02,0,-1
4060,2016-06,0,-1
4060,2016-10,0,-1
4060,2017-02,0,-1
4060,2017-06,0,-1
4060,2017-10,0,-1
4061,2015-04,0,-1
4061,2015-07,0,-1
4061,2015-10,0,-1
4061,2016-02,0,-1
4061,2016-06,0,-1
4061,2016-10,0,-1
4061,2017-02,0,-1
4061,2017-06,0,-1
4061,2017-10,0,-1
4062,2015-04,0,-1
4062,2015-07,0,-1
4062,2015-10,0,-1
4062,2016-02,0,-1
4062,2016-06,0,-1
4062,2016-10,0,-1
4062,2017-02,1,-1
4062,2017-06,0,-1
4062,2017-10,0,-1
4063,2015-04,0,-1
4063,2015-07,0,-1
4063,2015-10,0,-1
4063,2016-02,0,-1
4063,2016-06,0,-1
4063,2016-10,0,-1
4063,2017-02,0,-1
4063,2017-06,0,-1
4063,2017-10,0,-1
4064,2015-04,0,-1
4064,2015-07,0,-1
4064,2015-10,0,-1
4064,2016-02,0,-1
4064,2016-06,0,-1
4064,2016-10,0,-1
4064,2017-02,0,-1
4064,2017-06,0,-1
4064,2017-10,0,-1
4065,2015-04,0,-1
4065,2015-07,0,-1
4065,2015-10,0,-1
4065,2016-02,0,-1
4065,2016-06,0,-1
4065,2016-10,0,-1
4065,2017-02,0,-1
4065,2017-06,0,-1
4065,2017-10,0,-1
4066,2015-04,0,-1
4066,2015-07,0,-1
4066,2015-10,0,-1
4066,2016-02,0,-1
4066,2016-06,0,-1
4066,2016-10,0,-1
4066,2017-02,0,-1
4066,2017-06,0,-1
4066,2017-10,0,-1
4067,2015-04,0,-1
4067,2015-07,0,-1
4067,2015-10,0,-1
4067,2016-02,0,-1
4067,2016-06,0,-1
4067,2016-10,0,-1
4067,2017-02,0,-1
4067,2017-06,0,-1
4067,2017-10,0,-1
4068,2015-04,0,-1
4068,2015-07,0,-1
4068,2015-10,0,-1
4068,2016-02,0,-1
4068,2016-06,0,-1
4068,2016-10,0,-1
4068,2017-02,0,-1
4068,2017-06,0,-1
4068,2017-10,0,-1
4069,2015-04,0,-1
4069,2015-07,0,-1
4069,2015-10,0,-1
4069,2016-02,0,-1
4069,2016-06,0,-1
4069,2016-10,0,-1
4069,2017-02,0,-1
4069,2017-06,0,-1
4069,2017-10,0,-1
4070,2015-04,0,-1
4070,2015-07,0,-1
4070,2015-10,0,-1
4070,2016-02,0,-1
4070,2016-06,0,-1
4070,2016-10,0,-1
4070,2017-02,0,-1
4070,2017-06,0,-1
4070,2017-10,0,-1
4071,2015-04,0,-1
4071,2015-07,0,-1
4071,2015-10,0,-1
4071,2016-02,0,-1
4071,2016-06,0,-1
4071,2016-10,0,-1
4071,2017-02,0,-1
4071,2017-06,0,-1
4071,2017-10,0,-1
4072,2015-04,0,-1
4072,2015-07,0,-1
4072,2015-10,0,-1
4072,2016-02,0,-1
4072,2016-06,0,-1
4072,2016-10,0,-1
4072,2017-02,0,-1
4072,2017-06,0,-1
4072,2017-10,0,-1
4073,2015-04,0,-1
4073,2015-07,0,-1
4073,2015-10,0,-1
4073,2016-02,0,-1
4073,2016-06,0,-1
4073,2016-10,0,-1
4073,2017-02,0,-1
4073,2017-06,0,-1
4073,2017-10,0,-1
4074,2015-04,0,-1
4074,2015-07,0,-1
4074,2015-10,0,-1
4074,2016-02,0,-1
4074,2016-06,0,-1
4074,2016-10,0,-1
4074,2017-02,0,-1
4074,2017-06,0,-1
4074,2017-10,0,-1
4075,2015-04,0,-1
4075,2015-07,0,-1
4075,2015-10,0,-1
4075,2016-02,0,-1
4075,2016-06,0,-1
4075,2016-10,0,-1
4075,2017-02,0,-1
4075,2017-06,0,-1
4075,2017-10,0,-1
4076,2015-04,0,-1
4076,2015-07,0,-1
4076,2015-10,0,-1
4076,2016-02,0,-1
4076,2016-06,0,-1
4076,2016-10,0,-1
4076,2017-02,0,-1
4076,2017-06,0,-1
4076,2017-10,0,-1
4077,2015-04,0,-1
4077,2015-07,0,-1
4077,2015-10,0,-1
4077,2016-02,0,-1
4077,2016-06,0,-1
4077,2016-10,0,-1
4077,2017-02,0,-1
4077,2017-06,0,-1
4077,2017-10,0,-1
4078,2015-04,0,-1
4078,2015-07,0,-1
4078,2015-10,0,-1
4078,2016-02,0,-1
4078,2016-06,0,-1
4078,2016-10,0,-1
4078,2017-02,0,-1
4078,2017-06,0,-1
4078,2017-10,0,-1
4079,2015-04,0,-1
4079,2015-07,0,-1
4079,2015-10,0,-1
4079,2016-02,0,-1
4079,2016-06,0,-1
4079,2016-10,0,-1
4079,2017-02,0,-1
4079,2017-06,0,-1
4079,2017-10,0,-1
4080,2015-04,0,-1
4080,2015-07,0,-1
4080,2015-10,0,-1
4080,2016-02,0,-1
4080,2016-06,0,-1
4080,2016-10,0,-1
4080,2017-02,1,-1
4080,2017-06,0,-1
4080,2017-10,0,-1
4081,2015-04,0,-1
4081,2015-07,0,-1
4081,2015-10,0,-1
4081,2016-02,0,-1
4081,2016-06,0,-1
4081,2016-10,0,-1
4081,2017-02,0,-1
4081,2017-06,0,-1
4081,2017-10,0,-1
4082,2015-04,0,-1
4082,2015-07,0,-1
4082,2015-10,0,-1
4082,2016-02,0,-1
4082,2016-06,0,-1
4082,2016-10,0,-1
4082,2017-02,0,-1
4082,2017-06,0,-1
4082,2017-10,0,-1
4083,2015-04,0,-1
4083,2015-07,0,-1
4083,2015-10,0,-1
4083,2016-02,0,-1
4083,2016-06,0,-1
4083,2016-10,0,-1
4083,2017-02,0,-1
4083,2017-06,0,-1
4083,2017-10,0,-1
4084,2015-04,0,-1
4084,2015-07,0,-1
4084,2015-10,0,-1
4084,2016-02,0,-1
4084,2016-06,0,-1
4084,2016-10,0,-1
4084,2017-02,0,-1
4084,2017-06,0,-1
4084,2017-10,0,-1
4085,2015-04,0,-1
4085,2015-07,0,-1
4085,2015-10,0,-1
4085,2016-02,0,-1
4085,2016-06,0,-1
4085,2016-10,0,-1
4085,2017-02,0,-1
4085,2017-06,0,-1
4085,2017-10,0,-1
4086,2015-04,0,-1
4086,2015-07,0,-1
4086,2015-10,0,-1
4086,2016-02,0,-1
4086,2016-06,0,-1
4086,2016-10,0,-1
4086,2017-02,0,-1
4086,2017-06,0,-1
4086,2017-10,0,-1
4087,2015-04,0,-1
4087,2015-07,0,-1
4087,2015-10,0,-1
4087,2016-02,0,-1
4087,2016-06,0,-1
4087,2016-10,0,-1
4087,2017-02,0,-1
4087,2017-06,0,-1
4087,2017-10,0,-1
4088,2015-04,0,-1
4088,2015-07,0,-1
4088,2015-10,0,-1
4088,2016-02,0,-1
4088,2016-06,0,-1
4088,2016-10,0,-1
4088,2017-02,0,-1
4088,2017-06,0,-1
4088,2017-10,0,-1
4089,2015-04,0,-1
4089,2015-07,0,-1
4089,2015-10,0,-1
4089,2016-02,0,-1
4089,2016-06,0,-1
4089,2016-10,0,-1
4089,2017-02,0,-1
4089,2017-06,0,-1
4089,2017-10,0,-1
4090,2015-04,0,-1
4090,2015-07,0,-1
4090,2015-10,0,-1
4090,2016-02,0,-1
4090,2016-06,0,-1
4090,2016-10,0,-1
4090,2017-02,0,-1
4090,2017-06,0,-1
4090,2017-10,0,-1
4091,2015-04,0,-1
4091,2015-07,0,-1
4091,2015-10,0,-1
4091,2016-02,0,-1
4091,2016-06,0,-1
4091,2016-10,0,-1
4091,2017-02,0,-1
4091,2017-06,0,-1
4091,2017-10,0,-1
4092,2015-04,0,-1
4092,2015-07,0,-1
4092,2015-10,0,-1
4092,2016-02,0,-1
4092,2016-06,0,-1
4092,2016-10,0,-1
4092,2017-02,0,-1
4092,2017-06,0,-1
4092,2017-10,0,-1
4093,2015-04,0,-1
4093,2015-07,0,-1
4093,2015-10,0,-1
4093,2016-02,0,-1
4093,2016-06,0,-1
4093,2016-10,0,-1
4093,2017-02,0,-1
4093,2017-06,0,-1
4093,2017-10,0,-1
4094,2015-04,0,-1
4094,2015-07,0,-1
4094,2015-10,0,-1
4094,2016-02,0,-1
4094,2016-06,0,-1
4094,2016-10,0,-1
4094,2017-02,0,-1
4094,2017-06,0,-1
4094,2017-10,0,-1
4095,2015-04,0,-1
4095,2015-07,0,-1
4095,2015-10,0,-1
4095,2016-02,0,-1
4095,2016-06,0,-1
4095,2016-10,0,-1
4095,2017-02,0,-1
4095,2017-06,0,-1
4095,2017-10,0,-1
4096,2015-04,0,-1
4096,2015-07,0,-1
4096,2015-10,0,-1
4096,2016-02,0,-1
4096,2016-06,0,-1
4096,2016-10,0,-1
4096,2017-02,0,-1
4096,2017-06,0,-1
4096,2017-10,0,-1
4097,2015-04,0,-1
4097,2015-07,0,-1
4097,2015-10,0,-1
4097,2016-02,0,-1
4097,2016-06,0,-1
4097,2016-10,0,-1
4097,2017-02,0,-1
4097,2017-06,0,-1
4097,2017-10,0,-1
4098,2015-04,0,-1
4098,2015-07,0,-1
4098,2015-10,0,-1
4098,2016-02,0,-1
4098,2016-06,0,-1
4098,2016-10,0,-1
4098,2017-02,0,-1
4098,2017-06,0,-1
4098,2017-10,0,-1
4099,2015-04,0,-1
4099,2015-07,0,-1
4099,2015-10,0,-1
4099,2016-02,0,-1
4099,2016-06,0,-1
4099,2016-10,0,-1
4099,2017-02,0,-1
4099,2017-06,0,-1
4099,2017-10,0,-1
4100,2015-04,0,-1
4100,2015-07,0,-1
4100,2015-10,0,-1
4100,2016-02,0,-1
4100,2016-06,0,-1
4100,2016-10,0,-1
4100,2017-02,0,-1
4100,2017-06,0,-1
4100,2017-10,0,-1
4101,2015-04,0,-1
4101,2015-07,0,-1
4101,2015-10,0,-1
4101,2016-02,0,-1
4101,2016-06,0,-1
4101,2016-10,0,-1
4101,2017-02,0,-1
4101,2017-06,0,-1
4101,2017-10,0,-1
4102,2015-04,0,-1
4102,2015-07,0,-1
4102,2015-10,0,-1
4102,2016-02,0,-1
4102,2016-06,0,-1
4102,2016-10,0,-1
4102,2017-02,0,-1
4102,2017-06,0,-1
4102,2017-10,0,-1
4103,2015-04,0,-1
4103,2015-07,0,-1
4103,2015-10,0,-1
4103,2016-02,0,-1
4103,2016-06,0,-1
4103,2016-10,0,-1
4103,2017-02,0,-1
4103,2017-06,0,-1
4103,2017-10,0,-1
4104,2015-04,0,-1
4104,2015-07,0,-1
4104,2015-10,0,-1
4104,2016-02,0,-1
4104,2016-06,0,-1
4104,2016-10,0,-1
4104,2017-02,0,-1
4104,2017-06,0,-1
4104,2017-10,0,-1
4105,2015-04,0,-1
4105,2015-07,0,-1
4105,2015-10,0,-1
4105,2016-02,0,-1
4105,2016-06,0,-1
4105,2016-10,0,-1
4105,2017-02,0,-1
4105,2017-06,0,-1
4105,2017-10,0,-1
4106,2015-04,0,-1
4106,2015-07,0,-1
4106,2015-10,0,-1
4106,2016-02,0,-1
4106,2016-06,0,-1
4106,2016-10,0,-1
4106,2017-02,0,-1
4106,2017-06,0,-1
4106,2017-10,0,-1
4107,2015-04,0,-1
4107,2015-07,0,-1
4107,2015-10,0,-1
4107,2016-02,0,-1
4107,2016-06,0,-1
4107,2016-10,0,-1
4107,2017-02,0,-1
4107,2017-06,0,-1
4107,2017-10,0,-1
4108,2015-04,0,-1
4108,2015-07,0,-1
4108,2015-10,0,-1
4108,2016-02,0,-1
4108,2016-06,0,-1
4108,2016-10,0,-1
4108,2017-02,0,-1
4108,2017-06,0,-1
4108,2017-10,0,-1
4109,2015-04,0,-1
4109,2015-07,0,-1
4109,2015-10,0,-1
4109,2016-02,0,-1
4109,2016-06,0,-1
4109,2016-10,0,-1
4109,2017-02,0,-1
4109,2017-06,0,-1
4109,2017-10,0,-1
4110,2015-04,0,-1
4110,2015-07,0,-1
4110,2015-10,0,-1
4110,2016-02,0,-1
4110,2016-06,0,-1
4110,2016-10,0,-1
4110,2017-02,0,-1
4110,2017-06,0,-1
4110,2017-10,0,-1
4111,2015-04,0,-1
4111,2015-07,0,-1
4111,2015-10,0,-1
4111,2016-02,0,-1
4111,2016-06,0,-1
4111,2016-10,0,-1
4111,2017-02,0,-1
4111,2017-06,0,-1
4111,2017-10,0,-1
4112,2015-04,0,-1
4112,2015-07,0,-1
4112,2015-10,0,-1
4112,2016-02,0,-1
4112,2016-06,0,-1
4112,2016-10,0,-1
4112,2017-02,0,-1
4112,2017-06,0,-1
4112,2017-10,0,-1
4113,2015-04,0,-1
4113,2015-07,0,-1
4113,2015-10,0,-1
4113,2016-02,0,-1
4113,2016-06,0,-1
4113,2016-10,0,-1
4113,2017-02,0,-1
4113,2017-06,0,-1
4113,2017-10,0,-1
4114,2015-04,0,-1
4114,2015-07,0,-1
4114,2015-10,0,-1
4114,2016-02,0,-1
4114,2016-06,0,-1
4114,2016-10,0,-1
4114,2017-02,0,-1
4114,2017-06,0,-1
4114,2017-10,0,-1
4115,2015-04,0,-1
4115,2015-07,0,-1
4115,2015-10,0,-1
4115,2016-02,0,-1
4115,2016-06,0,-1
4115,2016-10,0,-1
4115,2017-02,0,-1
4115,2017-06,0,-1
4115,2017-10,0,-1
4116,2015-04,0,-1
4116,2015-07,0,-1
4116,2015-10,0,-1
4116,2016-02,0,-1
4116,2016-06,0,-1
4116,2016-10,0,-1
4116,2017-02,0,-1
4116,2017-06,0,-1
4116,2017-10,0,-1
4117,2015-04,0,-1
4117,2015-07,0,-1
4117,2015-10,0,-1
4117,2016-02,0,-1
4117,2016-06,0,-1
4117,2016-10,0,-1
4117,2017-02,0,-1
4117,2017-06,0,-1
4117,2017-10,0,-1
4118,2015-04,0,-1
4118,2015-07,0,-1
4118,2015-10,0,-1
4118,2016-02,0,-1
4118,2016-06,0,-1
4118,2016-10,0,-1
4118,2017-02,0,-1
4118,2017-06,0,-1
4118,2017-10,0,-1
4119,2015-04,0,-1
4119,2015-07,0,-1
4119,2015-10,0,-1
4119,2016-02,0,-1
4119,2016-06,0,-1
4119,2016-10,0,-1
4119,2017-02,0,-1
4119,2017-06,0,-1
4119,2017-10,0,-1
4120,2015-04,0,-1
4120,2015-07,0,-1
4120,2015-10,0,-1
4120,2016-02,0,-1
4120,2016-06,0,-1
4120,2016-10,0,-1
4120,2017-02,0,-1
4120,2017-06,0,-1
4120,2017-10,0,-1
4121,2015-04,0,-1
4121,2015-07,0,-1
4121,2015-10,0,-1
4121,2016-02,0,-1
4121,2016-06,0,-1
4121,2016-10,0,-1
4121,2017-02,0,-1
4121,2017-06,0,-1
4121,2017-10,0,-1
4122,2015-04,0,-1
4122,2015-07,0,-1
4122,2015-10,0,-1
4122,2016-02,0,-1
4122,2016-06,0,-1
4122,2016-10,0,-1
4122,2017-02,0,-1
4122,2017-06,0,-1
4122,2017-10,0,-1
4123,2015-04,0,-1
4123,2015-07,0,-1
4123,2015-10,0,-1
4123,2016-02,0,-1
4123,2016-06,0,-1
4123,2016-10,0,-1
4123,2017-02,0,-1
4123,2017-06,0,-1
4123,2017-10,0,-1
4124,2015-04,0,-1
4124,2015-07,0,-1
4124,2015-10,0,-1
4124,2016-02,0,-1
4124,2016-06,0,-1
4124,2016-10,0,-1
4124,2017-02,0,-1
4124,2017-06,0,-1
4124,2017-10,0,-1
4125,2015-04,0,-1
4125,2015-07,0,-1
4125,2015-10,0,-1
4125,2016-02,0,-1
4125,2016-06,0,-1
4125,2016-10,0,-1
4125,2017-02,0,-1
4125,2017-06,0,-1
4125,2017-10,0,-1
4126,2015-04,0,-1
4126,2015-07,0,-1
4126,2015-10,0,-1
4126,2016-02,0,-1
4126,2016-06,0,-1
4126,2016-10,0,-1
4126,2017-02,0,-1
4126,2017-06,0,-1
4126,2017-10,0,-1
4127,2015-04,0,-1
4127,2015-07,0,-1
4127,2015-10,0,-1
4127,2016-02,0,-1
4127,2016-06,0,-1
4127,2016-10,0,-1
4127,2017-02,0,-1
4127,2017-06,0,-1
4127,2017-10,0,-1
4128,2015-04,0,-1
4128,2015-07,0,-1
4128,2015-10,0,-1
4128,2016-02,0,-1
4128,2016-06,0,-1
4128,2016-10,0,-1
4128,2017-02,0,-1
4128,2017-06,0,-1
4128,2017-10,0,-1
4129,2015-04,0,-1
4129,2015-07,0,-1
4129,2015-10,0,-1
4129,2016-02,0,-1
4129,2016-06,0,-1
4129,2016-10,0,-1
4129,2017-02,0,-1
4129,2017-06,0,-1
4129,2017-10,0,-1
4130,2015-04,0,7
4130,2015-07,0,7
4130,2015-10,0,7
4130,2016-02,0,7
4130,2016-06,0,7
4130,2016-10,0,7
4130,2017-02,0,7
4130,2017-06,0,7
4130,2017-10,0,7
4131,2015-04,0,7
4131,2015-07,0,7
4131,2015-10,0,7
4131,2016-02,0,7
4131,2016-06,0,7
4131,2016-10,0,7
4131,2017-02,1,7
4131,2017-06,0,7
4131,2017-10,0,7
4132,2015-04,0,-1
4132,2015-07,0,-1
4132,2015-10,0,-1
4132,2016-02,0,-1
4132,2016-06,0,-1
4132,2016-10,0,-1
4132,2017-02,0,-1
4132,2017-06,0,-1
4132,2017-10,0,-1
4133,2015-04,0,-1
4133,2015-07,0,-1
4133,2015-10,0,-1
4133,2016-02,0,-1
4133,2016-06,0,-1
4133,2016-10,0,-1
4133,2017-02,0,-1
4133,2017-06,0,-1
4133,2017-10,0,-1
4134,2015-04,0,-1
4134,2015-07,0,-1
4134,2015-10,0,-1
4134,2016-02,0,-1
4134,2016-06,0,-1
4134,2016-10,0,-1
4134,2017-02,0,-1
4134,2017-06,0,-1
4134,2017-10,0,-1
4135,2015-04,0,-1
4135,2015-07,0,-1
4135,2015-10,0,-1
4135,2016-02,0,-1
4135,2016-06,0,-1
4135,2016-10,0,-1
4135,2017-02,0,-1
4135,2017-06,0,-1
4135,2017-10,0,-1
4136,2015-04,0,-1
4136,2015-07,0,-1
4136,2015-10,0,-1
4136,2016-02,0,-1
4136,2016-06,0,-1
4136,2016-10,0,-1
4136,2017-02,0,-1
4136,2017-06,0,-1
4136,2017-10,0,-1
4137,2015-04,0,-1
4137,2015-07,0,-1
4137,2015-10,0,-1
4137,2016-02,0,-1
4137,2016-06,0,-1
4137,2016-10,0,-1
4137,2017-02,0,-1
4137,2017-06,0,-1
4137,2017-10,0,-1
4138,2015-04,0,-1
4138,2015-07,0,-1
4138,2015-10,0,-1
4138,2016-02,0,-1
4138,2016-06,0,-1
4138,2016-10,0,-1
4138,2017-02,0,-1
4138,2017-06,0,-1
4138,2017-10,0,-1
4139,2015-04,0,-1
4139,2015-07,0,-1
4139,2015-10,0,-1
4139,2016-02,0,-1
4139,2016-06,0,-1
4139,2016-10,0,-1
4139,2017-02,0,-1
4139,2017-06,0,-1
4139,2017-10,0,-1
4140,2015-04,0,-1
4140,2015-07,0,-1
4140,2015-10,0,-1
4140,2016-02,0,-1
4140,2016-06,0,-1
4140,2016-10,0,-1
4140,2017-02,0,-1
4140,2017-06,0,-1
4140,2017-10,0,-1
4141,2015-04,0,-1
4141,2015-07,0,-1
4141,2015-10,0,-1
4141,2016-02,0,-1
4141,2016-06,0,-1
4141,2016-10,0,-1
4141,2017-02,0,-1
4141,2017-06,0,-1
4141,2017-10,0,-1
4142,2015-04,0,-1
4142,2015-07,0,-1
4142,2015-10,0,-1
4142,2016-02,0,-1
4142,2016-06,0,-1
4142,2016-10,0,-1
4142,2017-02,0,-1
4142,2017-06,0,-1
4142,2017-10,0,-1
4143,2015-04,0,-1
4143,2015-07,0,-1
4143,2015-10,0,-1
4143,2016-02,0,-1
4143,2016-06,0,-1
4143,2016-10,0,-1
4143,2017-02,0,-1
4143,2017-06,0,-1
4143,2017-10,0,-1
4144,2015-04,0,7
4144,2015-07,0,7
4144,2015-10,0,7
4144,2016-02,0,7
4144,2016-06,0,7
4144,2016-10,0,7
4144,2017-02,1,7
4144,2017-06,0,7
4144,2017-10,0,7
4145,2015-04,0,-1
4145,2015-07,0,-1
4145,2015-10,0,-1
4145,2016-02,0,-1
4145,2016-06,0,-1
4145,2016-10,0,-1
4145,2017-02,0,-1
4145,2017-06,0,-1
4145,2017-10,0,-1
4146,2015-04,0,-1
4146,2015-07,0,-1
4146,2015-10,0,-1
4146,2016-02,0,-1
4146,2016-06,0,-1
4146,2016-10,0,-1
4146,2017-02,0,-1
4146,2017-06,0,-1
4146,2017-10,0,-1
4147,2015-04,0,7
4147,2015-07,0,7
4147,2015-10,0,7
4147,2016-02,0,7
4147,2016-06,1,7
4147,2016-10,1,7
4147,2017-02,1,7
4147,2017-06,0,7
4147,2017-10,0,7
4148,2015-04,0,-1
4148,2015-07,0,-1
4148,2015-10,0,-1
4148,2016-02,0,-1
4148,2016-06,0,-1
4148,2016-10,0,-1
4148,2017-02,0,-1
4148,2017-06,0,-1
4148,2017-10,0,-1
4149,2015-04,0,-1
4149,2015-07,0,-1
4149,2015-10,0,-1
4149,2016-02,0,-1
4149,2016-06,0,-1
4149,2016-10,0,-1
4149,2017-02,0,-1
4149,2017-06,0,-1
4149,2017-10,0,-1
4150,2015-04,0,-1
4150,2015-07,0,-1
4150,2015-10,0,-1
4150,2016-02,0,-1
4150,2016-06,0,-1
4150,2016-10,0,-1
4150,2017-02,0,-1
4150,2017-06,0,-1
4150,2017-10,0,-1
4151,2015-04,0,-1
4151,2015-07,0,-1
4151,2015-10,0,-1
4151,2016-02,0,-1
4151,2016-06,0,-1
4151,2016-10,0,-1
4151,2017-02,0,-1
4151,2017-06,0,-1
4151,2017-10,0,-1
4152,2015-04,0,-1
4152,2015-07,0,-1
4152,2015-10,0,-1
4152,2016-02,0,-1
4152,2016-06,0,-1
4152,2016-10,0,-1
4152,2017-02,0,-1
4152,2017-06,0,-1
4152,2017-10,0,-1
4153,2015-04,0,7
4153,2015-07,0,7
4153,2015-10,0,7
4153,2016-02,0,7
4153,2016-06,0,7
4153,2016-10,0,7
4153,2017-02,0,7
4153,2017-06,0,7
4153,2017-10,0,7
4154,2015-04,0,7
4154,2015-07,0,7
4154,2015-10,0,7
4154,2016-02,0,7
4154,2016-06,0,7
4154,2016-10,0,7
4154,2017-02,0,7
4154,2017-06,0,7
4154,2017-10,0,7
4155,2015-04,0,7
4155,2015-07,0,7
4155,2015-10,0,7
4155,2016-02,0,7
4155,2016-06,0,7
4155,2016-10,0,7
4155,2017-02,0,7
4155,2017-06,0,7
4155,2017-10,0,7
4156,2015-04,0,7
4156,2015-07,0,7
4156,2015-10,0,7
4156,2016-02,0,7
4156,2016-06,0,7
4156,2016-10,0,7
4156,2017-02,1,7
4156,2017-06,0,7
4156,2017-10,0,7
4157,2015-04,0,7
4157,2015-07,0,7
4157,2015-10,0,7
4157,2016-02,0,7
4157,2016-06,0,7
4157,2016-10,0,7
4157,2017-02,0,7
4157,2017-06,0,7
4157,2017-10,0,7
4158,2015-04,0,7
4158,2015-07,0,7
4158,2015-10,0,7
4158,2016-02,0,7
4158,2016-06,0,7
4158,2016-10,0,7
4158,2017-02,0,7
4158,2017-06,0,7
4158,2017-10,0,7
4159,2015-04,0,7
4159,2015-07,0,7
4159,2015-10,0,7
4159,2016-02,0,7
4159,2016-06,0,7
4159,2016-10,0,7
4159,2017-02,0,7
4159,2017-06,0,7
4159,2017-10,0,7
4160,2015-04,0,-1
4160,2015-07,0,-1
4160,2015-10,0,-1
4160,2016-02,0,-1
4160,2016-06,0,-1
4160,2016-10,0,-1
4160,2017-02,0,-1
4160,2017-06,0,-1
4160,2017-10,0,-1
4161,2015-04,0,7
4161,2015-07,0,7
4161,2015-10,0,7
4161,2016-02,0,7
4161,2016-06,0,7
4161,2016-10,0,7
4161,2017-02,0,7
4161,2017-06,0,7
4161,2017-10,0,7
4162,2015-04,0,-1
4162,2015-07,0,-1
4162,2015-10,0,-1
4162,2016-02,0,-1
4162,2016-06,0,-1
4162,2016-10,0,-1
4162,2017-02,0,-1
4162,2017-06,0,-1
4162,2017-10,0,-1
4163,2015-04,0,-1
4163,2015-07,0,-1
4163,2015-10,0,-1
4163,2016-02,0,-1
4163,2016-06,0,-1
4163,2016-10,0,-1
4163,2017-02,0,-1
4163,2017-06,0,-1
4163,2017-10,0,-1
4164,2015-04,0,7
4164,2015-07,0,7
4164,2015-10,0,7
4164,2016-02,0,7
4164,2016-06,0,7
4164,2016-10,0,7
4164,2017-02,0,7
4164,2017-06,0,7
4164,2017-10,0,7
4165,2015-04,0,-1
4165,2015-07,0,-1
4165,2015-10,0,-1
4165,2016-02,0,-1
4165,2016-06,0,-1
4165,2016-10,0,-1
4165,2017-02,0,-1
4165,2017-06,0,-1
4165,2017-10,0,-1
4166,2015-04,0,-1
4166,2015-07,0,-1
4166,2015-10,0,-1
4166,2016-02,0,-1
4166,2016-06,0,-1
4166,2016-10,0,-1
4166,2017-02,1,-1
4166,2017-06,0,-1
4166,2017-10,0,-1
4167,2015-04,0,-1
4167,2015-07,0,-1
4167,2015-10,0,-1
4167,2016-02,0,-1
4167,2016-06,0,-1
4167,2016-10,0,-1
4167,2017-02,0,-1
4167,2017-06,0,-1
4167,2017-10,0,-1
4168,2015-04,0,-1
4168,2015-07,0,-1
4168,2015-10,0,-1
4168,2016-02,0,-1
4168,2016-06,0,-1
4168,2016-10,0,-1
4168,2017-02,1,-1
4168,2017-06,0,-1
4168,2017-10,0,-1
4169,2015-04,0,-1
4169,2015-07,0,-1
4169,2015-10,0,-1
4169,2016-02,0,-1
4169,2016-06,0,-1
4169,2016-10,0,-1
4169,2017-02,0,-1
4169,2017-06,0,-1
4169,2017-10,0,-1
4170,2015-04,0,-1
4170,2015-07,0,-1
4170,2015-10,0,-1
4170,2016-02,0,-1
4170,2016-06,0,-1
4170,2016-10,0,-1
4170,2017-02,1,-1
4170,2017-06,0,-1
4170,2017-10,0,-1
4171,2015-04,0,-1
4171,2015-07,0,-1
4171,2015-10,0,-1
4171,2016-02,0,-1
4171,2016-06,1,-1
4171,2016-10,1,-1
4171,2017-02,1,-1
4171,2017-06,0,-1
4171,2017-10,0,-1
4172,2015-04,0,-1
4172,2015-07,0,-1
4172,2015-10,0,-1
4172,2016-02,0,-1
4172,2016-06,0,-1
4172,2016-10,0,-1
4172,2017-02,0,-1
4172,2017-06,0,-1
4172,2017-10,0,-1
4173,2015-04,0,-1
4173,2015-07,0,-1
4173,2015-10,0,-1
4173,2016-02,0,-1
4173,2016-06,0,-1
4173,2016-10,0,-1
4173,2017-02,1,-1
4173,2017-06,0,-1
4173,2017-10,0,-1
4174,2015-04,0,-1
4174,2015-07,0,-1
4174,2015-10,0,-1
4174,2016-02,0,-1
4174,2016-06,1,-1
4174,2016-10,1,-1
4174,2017-02,1,-1
4174,2017-06,0,-1
4174,2017-10,0,-1
4175,2015-04,0,-1
4175,2015-07,0,-1
4175,2015-10,0,-1
4175,2016-02,0,-1
4175,2016-06,0,-1
4175,2016-10,0,-1
4175,2017-02,0,-1
4175,2017-06,0,-1
4175,2017-10,0,-1
4176,2015-04,0,-1
4176,2015-07,0,-1
4176,2015-10,0,-1
4176,2016-02,0,-1
4176,2016-06,0,-1
4176,2016-10,0,-1
4176,2017-02,0,-1
4176,2017-06,0,-1
4176,2017-10,0,-1
4177,2015-04,0,-1
4177,2015-07,0,-1
4177,2015-10,1,-1
4177,2016-02,1,-1
4177,2016-06,1,-1
4177,2016-10,1,-1
4177,2017-02,1,-1
4177,2017-06,0,-1
4177,2017-10,0,-1
4178,2015-04,0,-1
4178,2015-07,0,-1
4178,2015-10,0,-1
4178,2016-02,0,-1
4178,2016-06,1,-1
4178,2016-10,1,-1
4178,2017-02,1,-1
4178,2017-06,0,-1
4178,2017-10,0,-1
4179,2015-04,0,-1
4179,2015-07,0,-1
4179,2015-10,0,-1
4179,2016-02,0,-1
4179,2016-06,0,-1
4179,2016-10,0,-1
4179,2017-02,0,-1
4179,2017-06,0,-1
4179,2017-10,0,-1
4180,2015-04,0,-1
4180,2015-07,0,-1
4180,2015-10,0,-1
4180,2016-02,0,-1
4180,2016-06,1,-1
4180,2016-10,1,-1
4180,2017-02,1,-1
4180,2017-06,0,-1
4180,2017-10,0,-1
4181,2015-04,0,-1
4181,2015-07,0,-1
4181,2015-10,0,-1
4181,2016-02,0,-1
4181,2016-06,0,-1
4181,2016-10,0,-1
4181,2017-02,0,-1
4181,2017-06,0,-1
4181,2017-10,0,-1
4182,2015-04,0,-1
4182,2015-07,0,-1
4182,2015-10,0,-1
4182,2016-02,0,-1
4182,2016-06,0,-1
4182,2016-10,0,-1
4182,2017-02,1,-1
4182,2017-06,0,-1
4182,2017-10,0,-1
4183,2015-04,0,-1
4183,2015-07,0,-1
4183,2015-10,0,-1
4183,2016-02,0,-1
4183,2016-06,0,-1
4183,2016-10,0,-1
4183,2017-02,0,-1
4183,2017-06,0,-1
4183,2017-10,0,-1
4184,2015-04,0,-1
4184,2015-07,0,-1
4184,2015-10,0,-1
4184,2016-02,0,-1
4184,2016-06,1,-1
4184,2016-10,1,-1
4184,2017-02,1,-1
4184,2017-06,0,-1
4184,2017-10,0,-1
4185,2015-04,0,-1
4185,2015-07,0,-1
4185,2015-10,0,-1
4185,2016-02,0,-1
4185,2016-06,1,-1
4185,2016-10,1,-1
4185,2017-02,1,-1
4185,2017-06,0,-1
4185,2017-10,0,-1
4186,2015-04,0,-1
4186,2015-07,0,-1
4186,2015-10,0,-1
4186,2016-02,0,-1
4186,2016-06,0,-1
4186,2016-10,0,-1
4186,2017-02,0,-1
4186,2017-06,0,-1
4186,2017-10,0,-1
4187,2015-04,0,-1
4187,2015-07,0,-1
4187,2015-10,0,-1
4187,2016-02,0,-1
4187,2016-06,0,-1
4187,2016-10,0,-1
4187,2017-02,0,-1
4187,2017-06,0,-1
4187,2017-10,0,-1
4188,2015-04,0,-1
4188,2015-07,0,-1
4188,2015-10,0,-1
4188,2016-02,0,-1
4188,2016-06,0,-1
4188,2016-10,0,-1
4188,2017-02,0,-1
4188,2017-06,0,-1
4188,2017-10,0,-1
4189,2015-04,0,-1
4189,2015-07,0,-1
4189,2015-10,0,-1
4189,2016-02,0,-1
4189,2016-06,1,-1
4189,2016-10,1,-1
4189,2017-02,1,-1
4189,2017-06,0,-1
4189,2017-10,0,-1
4190,2015-04,0,-1
4190,2015-07,0,-1
4190,2015-10,0,-1
4190,2016-02,0,-1
4190,2016-06,1,-1
4190,2016-10,1,-1
4190,2017-02,1,-1
4190,2017-06,0,-1
4190,2017-10,0,-1
4191,2015-04,0,-1
4191,2015-07,0,-1
4191,2015-10,0,-1
4191,2016-02,0,-1
4191,2016-06,0,-1
4191,2016-10,0,-1
4191,2017-02,0,-1
4191,2017-06,0,-1
4191,2017-10,0,-1
4192,2015-04,0,-1
4192,2015-07,0,-1
4192,2015-10,0,-1
4192,2016-02,0,-1
4192,2016-06,0,-1
4192,2016-10,0,-1
4192,2017-02,0,-1
4192,2017-06,0,-1
4192,2017-10,0,-1
4193,2015-04,0,-1
4193,2015-07,0,-1
4193,2015-10,0,-1
4193,2016-02,0,-1
4193,2016-06,0,-1
4193,2016-10,0,-1
4193,2017-02,0,-1
4193,2017-06,0,-1
4193,2017-10,0,-1
4194,2015-04,0,-1
4194,2015-07,0,-1
4194,2015-10,0,-1
4194,2016-02,0,-1
4194,2016-06,0,-1
4194,2016-10,0,-1
4194,2017-02,0,-1
4194,2017-06,0,-1
4194,2017-10,0,-1
4195,2015-04,0,-1
4195,2015-07,0,-1
4195,2015-10,0,-1
4195,2016-02,0,-1
4195,2016-06,1,-1
4195,2016-10,1,-1
4195,2017-02,1,-1
4195,2017-06,0,-1
4195,2017-10,0,-1
4196,2015-04,0,-1
4196,2015-07,0,-1
4196,2015-10,0,-1
4196,2016-02,0,-1
4196,2016-06,0,-1
4196,2016-10,0,-1
4196,2017-02,0,-1
4196,2017-06,0,-1
4196,2017-10,0,-1
4197,2015-04,0,-1
4197,2015-07,0,-1
4197,2015-10,0,-1
4197,2016-02,0,-1
4197,2016-06,0,-1
4197,2016-10,0,-1
4197,2017-02,0,-1
4197,2017-06,0,-1
4197,2017-10,0,-1
4198,2015-04,0,-1
4198,2015-07,0,-1
4198,2015-10,0,-1
4198,2016-02,0,-1
4198,2016-06,0,-1
4198,2016-10,0,-1
4198,2017-02,0,-1
4198,2017-06,0,-1
4198,2017-10,0,-1
4199,2015-04,0,-1
4199,2015-07,0,-1
4199,2015-10,0,-1
4199,2016-02,0,-1
4199,2016-06,0,-1
4199,2016-10,0,-1
4199,2017-02,0,-1
4199,2017-06,0,-1
4199,2017-10,0,-1
4200,2015-04,0,-1
4200,2015-07,0,-1
4200,2015-10,0,-1
4200,2016-02,0,-1
4200,2016-06,1,-1
4200,2016-10,1,-1
4200,2017-02,1,-1
4200,2017-06,0,-1
4200,2017-10,0,-1
4201,2015-04,0,-1
4201,2015-07,0,-1
4201,2015-10,0,-1
4201,2016-02,0,-1
4201,2016-06,0,-1
4201,2016-10,0,-1
4201,2017-02,0,-1
4201,2017-06,0,-1
4201,2017-10,0,-1
4202,2015-04,0,-1
4202,2015-07,0,-1
4202,2015-10,0,-1
4202,2016-02,0,-1
4202,2016-06,0,-1
4202,2016-10,0,-1
4202,2017-02,0,-1
4202,2017-06,0,-1
4202,2017-10,0,-1
4203,2015-04,0,-1
4203,2015-07,0,-1
4203,2015-10,0,-1
4203,2016-02,0,-1
4203,2016-06,0,-1
4203,2016-10,0,-1
4203,2017-02,0,-1
4203,2017-06,0,-1
4203,2017-10,0,-1
4204,2015-04,0,-1
4204,2015-07,0,-1
4204,2015-10,0,-1
4204,2016-02,0,-1
4204,2016-06,0,-1
4204,2016-10,0,-1
4204,2017-02,0,-1
4204,2017-06,0,-1
4204,2017-10,0,-1
4205,2015-04,0,-1
4205,2015-07,0,-1
4205,2015-10,1,-1
4205,2016-02,1,-1
4205,2016-06,1,-1
4205,2016-10,1,-1
4205,2017-02,1,-1
4205,2017-06,0,-1
4205,2017-10,0,-1
4206,2015-04,0,-1
4206,2015-07,0,-1
4206,2015-10,0,-1
4206,2016-02,0,-1
4206,2016-06,1,-1
4206,2016-10,1,-1
4206,2017-02,1,-1
4206,2017-06,0,-1
4206,2017-10,0,-1
4207,2015-04,0,-1
4207,2015-07,0,-1
4207,2015-10,0,-1
4207,2016-02,0,-1
4207,2016-06,0,-1
4207,2016-10,0,-1
4207,2017-02,1,-1
4207,2017-06,0,-1
4207,2017-10,0,-1
4208,2015-04,0,-1
4208,2015-07,0,-1
4208,2015-10,0,-1
4208,2016-02,0,-1
4208,2016-06,1,-1
4208,2016-10,1,-1
4208,2017-02,1,-1
4208,2017-06,0,-1
4208,2017-10,0,-1
4209,2015-04,0,-1
4209,2015-07,0,-1
4209,2015-10,0,-1
4209,2016-02,0,-1
4209,2016-06,1,-1
4209,2016-10,1,-1
4209,2017-02,1,-1
4209,2017-06,0,-1
4209,2017-10,0,-1
4210,2015-04,0,-1
4210,2015-07,0,-1
4210,2015-10,0,-1
4210,2016-02,0,-1
4210,2016-06,1,-1
4210,2016-10,1,-1
4210,2017-02,1,-1
4210,2017-06,0,-1
4210,2017-10,0,-1
4211,2015-04,0,-1
4211,2015-07,0,-1
4211,2015-10,1,-1
4211,2016-02,1,-1
4211,2016-06,1,-1
4211,2016-10,1,-1
4211,2017-02,1,-1
4211,2017-06,0,-1
4211,2017-10,0,-1
4212,2015-04,0,-1
4212,2015-07,0,-1
4212,2015-10,1,-1
4212,2016-02,1,-1
4212,2016-06,1,-1
4212,2016-10,1,-1
4212,2017-02,1,-1
4212,2017-06,0,-1
4212,2017-10,0,-1
4213,2015-04,0,-1
4213,2015-07,0,-1
4213,2015-10,1,-1
4213,2016-02,1,-1
4213,2016-06,1,-1
4213,2016-10,1,-1
4213,2017-02,1,-1
4213,2017-06,0,-1
4213,2017-10,0,-1
4214,2015-04,0,-1
4214,2015-07,0,-1
4214,2015-10,0,-1
4214,2016-02,0,-1
4214,2016-06,1,-1
4214,2016-10,1,-1
4214,2017-02,1,-1
4214,2017-06,0,-1
4214,2017-10,0,-1
4215,2015-04,0,-1
4215,2015-07,0,-1
4215,2015-10,0,-1
4215,2016-02,0,-1
4215,2016-06,1,-1
4215,2016-10,1,-1
4215,2017-02,1,-1
4215,2017-06,0,-1
4215,2017-10,0,-1
4216,2015-04,0,-1
4216,2015-07,0,-1
4216,2015-10,0,-1
4216,2016-02,0,-1
4216,2016-06,0,-1
4216,2016-10,0,-1
4216,2017-02,0,-1
4216,2017-06,0,-1
4216,2017-10,0,-1
4217,2015-04,0,-1
4217,2015-07,0,-1
4217,2015-10,1,-1
4217,2016-02,1,-1
4217,2016-06,1,-1
4217,2016-10,1,-1
4217,2017-02,1,-1
4217,2017-06,0,-1
4217,2017-10,0,-1
4218,2015-04,0,-1
4218,2015-07,0,-1
4218,2015-10,1,-1
4218,2016-02,1,-1
4218,2016-06,1,-1
4218,2016-10,1,-1
4218,2017-02,1,-1
4218,2017-06,0,-1
4218,2017-10,0,-1
4219,2015-04,0,-1
4219,2015-07,0,-1
4219,2015-10,1,-1
4219,2016-02,1,-1
4219,2016-06,1,-1
4219,2016-10,1,-1
4219,2017-02,1,-1
4219,2017-06,0,-1
4219,2017-10,0,-1
4220,2015-04,0,-1
4220,2015-07,0,-1
4220,2015-10,1,-1
4220,2016-02,1,-1
4220,2016-06,1,-1
4220,2016-10,1,-1
4220,2017-02,1,-1
4220,2017-06,0,-1
4220,2017-10,0,-1
4221,2015-04,0,-1
4221,2015-07,0,-1
4221,2015-10,1,-1
4221,2016-02,1,-1
4221,2016-06,1,-1
4221,2016-10,1,-1
4221,2017-02,1,-1
4221,2017-06,0,-1
4221,2017-10,0,-1
4222,2015-04,0,-1
4222,2015-07,0,-1
4222,2015-10,1,-1
4222,2016-02,1,-1
4222,2016-06,1,-1
4222,2016-10,1,-1
4222,2017-02,1,-1
4222,2017-06,0,-1
4222,2017-10,0,-1
4223,2015-04,0,7
4223,2015-07,0,7
4223,2015-10,0,7
4223,2016-02,0,7
4223,2016-06,0,7
4223,2016-10,0,7
4223,2017-02,0,7
4223,2017-06,0,7
4223,2017-10,0,7
4224,2015-04,0,7
4224,2015-07,0,7
4224,2015-10,0,7
4224,2016-02,0,7
4224,2016-06,0,7
4224,2016-10,0,7
4224,2017-02,1,7
4224,2017-06,0,7
4224,2017-10,0,7
4225,2015-04,0,7
4225,2015-07,0,7
4225,2015-10,0,7
4225,2016-02,0,7
4225,2016-06,1,7
4225,2016-10,1,7
4225,2017-02,1,7
4225,2017-06,0,7
4225,2017-10,0,7
4226,2015-04,0,7
4226,2015-07,0,7
4226,2015-10,0,7
4226,2016-02,0,7
4226,2016-06,0,7
4226,2016-10,0,7
4226,2017-02,1,7
4226,2017-06,0,7
4226,2017-10,0,7
4227,2015-04,0,-1
4227,2015-07,0,-1
4227,2015-10,0,-1
4227,2016-02,0,-1
4227,2016-06,0,-1
4227,2016-10,0,-1
4227,2017-02,1,-1
4227,2017-06,0,-1
4227,2017-10,0,-1
4228,2015-04,0,7
4228,2015-07,0,7
4228,2015-10,0,7
4228,2016-02,0,7
4228,2016-06,1,7
4228,2016-10,1,7
4228,2017-02,1,7
4228,2017-06,0,7
4228,2017-10,0,7
4229,2015-04,0,7
4229,2015-07,0,7
4229,2015-10,0,7
4229,2016-02,0,7
4229,2016-06,0,7
4229,2016-10,0,7
4229,2017-02,0,7
4229,2017-06,0,7
4229,2017-10,0,7
4230,2015-04,0,-1
4230,2015-07,0,-1
4230,2015-10,0,-1
4230,2016-02,0,-1
4230,2016-06,0,-1
4230,2016-10,0,-1
4230,2017-02,0,-1
4230,2017-06,0,-1
4230,2017-10,0,-1
4231,2015-04,0,-1
4231,2015-07,0,-1
4231,2015-10,0,-1
4231,2016-02,0,-1
4231,2016-06,0,-1
4231,2016-10,0,-1
4231,2017-02,1,-1
4231,2017-06,0,-1
4231,2017-10,0,-1
4232,2015-04,0,-1
4232,2015-07,0,-1
4232,2015-10,0,-1
4232,2016-02,0,-1
4232,2016-06,0,-1
4232,2016-10,0,-1
4232,2017-02,1,-1
4232,2017-06,0,-1
4232,2017-10,0,-1
4233,2015-04,0,-1
4233,2015-07,0,-1
4233,2015-10,1,-1
4233,2016-02,0,-1
4233,2016-06,1,-1
4233,2016-10,0,-1
4233,2017-02,0,-1
4233,2017-06,0,-1
4233,2017-10,1,-1
4234,2015-04,0,-1
4234,2015-07,0,-1
4234,2015-10,1,-1
4234,2016-02,0,-1
4234,2016-06,1,-1
4234,2016-10,0,-1
4234,2017-02,0,-1
4234,2017-06,0,-1
4234,2017-10,1,-1
4235,2015-04,0,-1
4235,2015-07,0,-1
4235,2015-10,1,-1
4235,2016-02,0,-1
4235,2016-06,1,-1
4235,2016-10,1,-1
4235,2017-02,1,-1
4235,2017-06,0,-1
4235,2017-10,1,-1
4236,2015-04,0,-1
4236,2015-07,0,-1
4236,2015-10,0,-1
4236,2016-02,0,-1
4236,2016-06,0,-1
4236,2016-10,0,-1
4236,2017-02,0,-1
4236,2017-06,0,-1
4236,2017-10,0,-1
4237,2015-04,0,-1
4237,2015-07,0,-1
4237,2015-10,1,-1
4237,2016-02,1,-1
4237,2016-06,1,-1
4237,2016-10,1,-1
4237,2017-02,1,-1
4237,2017-06,0,-1
4237,2017-10,1,-1
4238,2015-04,0,-1
4238,2015-07,0,-1
4238,2015-10,1,-1
4238,2016-02,1,-1
4238,2016-06,1,-1
4238,2016-10,1,-1
4238,2017-02,1,-1
4238,2017-06,0,-1
4238,2017-10,0,-1
4239,2015-04,0,-1
4239,2015-07,0,-1
4239,2015-10,1,-1
4239,2016-02,1,-1
4239,2016-06,1,-1
4239,2016-10,1,-1
4239,2017-02,1,-1
4239,2017-06,0,-1
4239,2017-10,1,-1
4240,2015-04,0,-1
4240,2015-07,0,-1
4240,2015-10,0,-1
4240,2016-02,1,-1
4240,2016-06,1,-1
4240,2016-10,1,-1
4240,2017-02,1,-1
4240,2017-06,0,-1
4240,2017-10,1,-1
4241,2015-04,0,-1
4241,2015-07,0,-1
4241,2015-10,1,-1
4241,2016-02,1,-1
4241,2016-06,1,-1
4241,2016-10,0,-1
4241,2017-02,0,-1
4241,2017-06,0,-1
4241,2017-10,1,-1
4242,2015-04,0,-1
4242,2015-07,0,-1
4242,2015-10,0,-1
4242,2016-02,1,-1
4242,2016-06,1,-1
4242,2016-10,1,-1
4242,2017-02,1,-1
4242,2017-06,0,-1
4242,2017-10,0,-1
4243,2015-04,0,-1
4243,2015-07,0,-1
4243,2015-10,0,-1
4243,2016-02,1,-1
4243,2016-06,1,-1
4243,2016-10,0,-1
4243,2017-02,0,-1
4243,2017-06,0,-1
4243,2017-10,0,-1
4244,2015-04,0,-1
4244,2015-07,0,-1
4244,2015-10,0,-1
4244,2016-02,1,-1
4244,2016-06,1,-1
4244,2016-10,0,-1
4244,2017-02,0,-1
4244,2017-06,0,-1
4244,2017-10,0,-1
4245,2015-04,0,-1
4245,2015-07,0,-1
4245,2015-10,1,-1
4245,2016-02,0,-1
4245,2016-06,1,-1
4245,2016-10,1,-1
4245,2017-02,1,-1
4245,2017-06,0,-1
4245,2017-10,0,-1
4246,2015-04,0,-1
4246,2015-07,0,-1
4246,2015-10,0,-1
4246,2016-02,0,-1
4246,2016-06,1,-1
4246,2016-10,1,-1
4246,2017-02,1,-1
4246,2017-06,0,-1
4246,2017-10,0,-1
4247,2015-04,0,-1
4247,2015-07,0,-1
4247,2015-10,0,-1
4247,2016-02,0,-1
4247,2016-06,1,-1
4247,2016-10,1,-1
4247,2017-02,1,-1
4247,2017-06,0,-1
4247,2017-10,0,-1
4248,2015-04,0,-1
4248,2015-07,0,-1
4248,2015-10,0,-1
4248,2016-02,0,-1
4248,2016-06,1,-1
4248,2016-10,1,-1
4248,2017-02,1,-1
4248,2017-06,0,-1
4248,2017-10,0,-1
4249,2015-04,0,-1
4249,2015-07,0,-1
4249,2015-10,0,-1
4249,2016-02,0,-1
4249,2016-06,1,-1
4249,2016-10,0,-1
4249,2017-02,0,-1
4249,2017-06,0,-1
4249,2017-10,0,-1
4250,2015-04,0,-1
4250,2015-07,0,-1
4250,2015-10,0,-1
4250,2016-02,0,-1
4250,2016-06,1,-1
4250,2016-10,0,-1
4250,2017-02,0,-1
4250,2017-06,0,-1
4250,2017-10,0,-1
4251,2015-04,0,-1
4251,2015-07,0,-1
4251,2015-10,0,-1
4251,2016-02,0,-1
4251,2016-06,1,-1
4251,2016-10,1,-1
4251,2017-02,1,-1
4251,2017-06,0,-1
4251,2017-10,0,-1
4252,2015-04,0,-1
4252,2015-07,0,-1
4252,2015-10,0,-1
4252,2016-02,0,-1
4252,2016-06,1,-1
4252,2016-10,1,-1
4252,2017-02,1,-1
4252,2017-06,0,-1
4252,2017-10,0,-1
4253,2015-04,0,-1
4253,2015-07,0,-1
4253,2015-10,0,-1
4253,2016-02,0,-1
4253,2016-06,0,-1
4253,2016-10,0,-1
4253,2017-02,0,-1
4253,2017-06,0,-1
4253,2017-10,0,-1
4254,2015-04,0,-1
4254,2015-07,0,-1
4254,2015-10,1,-1
4254,2016-02,0,-1
4254,2016-06,1,-1
4254,2016-10,0,-1
4254,2017-02,0,-1
4254,2017-06,0,-1
4254,2017-10,0,-1
4255,2015-04,0,-1
4255,2015-07,0,-1
4255,2015-10,0,-1
4255,2016-02,0,-1
4255,2016-06,1,-1
4255,2016-10,0,-1
4255,2017-02,0,-1
4255,2017-06,0,-1
4255,2017-10,0,-1
4256,2015-04,0,-1
4256,2015-07,0,-1
4256,2015-10,0,-1
4256,2016-02,0,-1
4256,2016-06,1,-1
4256,2016-10,1,-1
4256,2017-02,1,-1
4256,2017-06,0,-1
4256,2017-10,0,-1
4257,2015-04,0,-1
4257,2015-07,0,-1
4257,2015-10,0,-1
4257,2016-02,0,-1
4257,2016-06,1,-1
4257,2016-10,0,-1
4257,2017-02,0,-1
4257,2017-06,0,-1
4257,2017-10,0,-1
4258,2015-04,0,-1
4258,2015-07,0,-1
4258,2015-10,0,-1
4258,2016-02,0,-1
4258,2016-06,1,-1
4258,2016-10,0,-1
4258,2017-02,0,-1
4258,2017-06,0,-1
4258,2017-10,0,-1
4259,2015-04,0,-1
4259,2015-07,0,-1
4259,2015-10,0,-1
4259,2016-02,0,-1
4259,2016-06,1,-1
4259,2016-10,1,-1
4259,2017-02,1,-1
4259,2017-06,0,-1
4259,2017-10,0,-1
4260,2015-04,0,-1
4260,2015-07,0,-1
4260,2015-10,1,-1
4260,2016-02,0,-1
4260,2016-06,1,-1
4260,2016-10,1,-1
4260,2017-02,1,-1
4260,2017-06,0,-1
4260,2017-10,0,-1
4261,2015-04,0,-1
4261,2015-07,0,-1
4261,2015-10,0,-1
4261,2016-02,0,-1
4261,2016-06,1,-1
4261,2016-10,1,-1
4261,2017-02,1,-1
4261,2017-06,0,-1
4261,2017-10,0,-1
4262,2015-04,0,-1
4262,2015-07,0,-1
4262,2015-10,0,-1
4262,2016-02,0,-1
4262,2016-06,0,-1
4262,2016-10,1,-1
4262,2017-02,1,-1
4262,2017-06,0,-1
4262,2017-10,0,-1
4263,2015-04,0,-1
4263,2015-07,0,-1
4263,2015-10,0,-1
4263,2016-02,1,-1
4263,2016-06,0,-1
4263,2016-10,1,-1
4263,2017-02,1,-1
4263,2017-06,0,-1
4263,2017-10,0,-1
4264,2015-04,0,-1
4264,2015-07,0,-1
4264,2015-10,0,-1
4264,2016-02,1,-1
4264,2016-06,0,-1
4264,2016-10,0,-1
4264,2017-02,0,-1
4264,2017-06,0,-1
4264,2017-10,0,-1
4265,2015-04,0,-1
4265,2015-07,0,-1
4265,2015-10,0,-1
4265,2016-02,0,-1
4265,2016-06,0,-1
4265,2016-10,1,-1
4265,2017-02,1,-1
4265,2017-06,0,-1
4265,2017-10,0,-1
4266,2015-04,0,-1
4266,2015-07,0,-1
4266,2015-10,0,-1
4266,2016-02,1,-1
4266,2016-06,0,-1
4266,2016-10,0,-1
4266,2017-02,0,-1
4266,2017-06,0,-1
4266,2017-10,0,-1
4267,2015-04,0,-1
4267,2015-07,0,-1
4267,2015-10,0,-1
4267,2016-02,0,-1
4267,2016-06,0,-1
4267,2016-10,1,-1
4267,2017-02,1,-1
4267,2017-06,0,-1
4267,2017-10,0,-1
4268,2015-04,0,-1
4268,2015-07,0,-1
4268,2015-10,0,-1
4268,2016-02,0,-1
4268,2016-06,0,-1
4268,2016-10,0,-1
4268,2017-02,0,-1
4268,2017-06,0,-1
4268,2017-10,0,-1
4269,2015-04,0,-1
4269,2015-07,0,-1
4269,2015-10,0,-1
4269,2016-02,0,-1
4269,2016-06,0,-1
4269,2016-10,1,-1
4269,2017-02,0,-1
4269,2017-06,0,-1
4269,2017-10,0,-1
4270,2015-04,0,-1
4270,2015-07,0,-1
4270,2015-10,0,-1
4270,2016-02,0,-1
4270,2016-06,0,-1
4270,2016-10,1,-1
4270,2017-02,1,-1
4270,2017-06,0,-1
4270,2017-10,0,-1
4271,2015-04,0,-1
4271,2015-07,0,-1
4271,2015-10,0,-1
4271,2016-02,0,-1
4271,2016-06,0,-1
4271,2016-10,1,-1
4271,2017-02,1,-1
4271,2017-06,0,-1
4271,2017-10,0,-1
4272,2015-04,0,-1
4272,2015-07,0,-1
4272,2015-10,0,-1
4272,2016-02,0,-1
4272,2016-06,0,-1
4272,2016-10,1,-1
4272,2017-02,1,-1
4272,2017-06,0,-1
4272,2017-10,0,-1
4273,2015-04,0,-1
4273,2015-07,0,-1
4273,2015-10,0,-1
4273,2016-02,0,-1
4273,2016-06,0,-1
4273,2016-10,1,-1
4273,2017-02,1,-1
4273,2017-06,0,-1
4273,2017-10,0,-1
4274,2015-04,0,-1
4274,2015-07,0,-1
4274,2015-10,0,-1
4274,2016-02,0,-1
4274,2016-06,0,-1
4274,2016-10,1,-1
4274,2017-02,0,-1
4274,2017-06,0,-1
4274,2017-10,0,-1
4275,2015-04,0,-1
4275,2015-07,0,-1
4275,2015-10,0,-1
4275,2016-02,0,-1
4275,2016-06,0,-1
4275,2016-10,1,-1
4275,2017-02,1,-1
4275,2017-06,0,-1
4275,2017-10,0,-1
4276,2015-04,0,-1
4276,2015-07,0,-1
4276,2015-10,0,-1
4276,2016-02,0,-1
4276,2016-06,0,-1
4276,2016-10,1,-1
4276,2017-02,1,-1
4276,2017-06,0,-1
4276,2017-10,0,-1
4277,2015-04,0,-1
4277,2015-07,0,-1
4277,2015-10,0,-1
4277,2016-02,0,-1
4277,2016-06,0,-1
4277,2016-10,1,-1
4277,2017-02,1,-1
4277,2017-06,0,-1
4277,2017-10,0,-1
4278,2015-04,0,-1
4278,2015-07,0,-1
4278,2015-10,1,-1
4278,2016-02,0,-1
4278,2016-06,1,-1
4278,2016-10,0,-1
4278,2017-02,0,-1
4278,2017-06,0,-1
4278,2017-10,0,-1
4279,2015-04,0,-1
4279,2015-07,0,-1
4279,2015-10,0,-1
4279,2016-02,1,-1
4279,2016-06,1,-1
4279,2016-10,1,-1
4279,2017-02,1,-1
4279,2017-06,0,-1
4279,2017-10,0,-1
4280,2015-04,0,-1
4280,2015-07,0,-1
4280,2015-10,0,-1
4280,2016-02,1,-1
4280,2016-06,0,-1
4280,2016-10,0,-1
4280,2017-02,0,-1
4280,2017-06,0,-1
4280,2017-10,0,-1
4281,2015-04,0,-1
4281,2015-07,0,-1
4281,2015-10,0,-1
4281,2016-02,1,-1
4281,2016-06,0,-1
4281,2016-10,1,-1
4281,2017-02,1,-1
4281,2017-06,0,-1
4281,2017-10,0,-1
4282,2015-04,0,-1
4282,2015-07,0,-1
4282,2015-10,1,-1
4282,2016-02,0,-1
4282,2016-06,0,-1
4282,2016-10,0,-1
4282,2017-02,0,-1
4282,2017-06,0,-1
4282,2017-10,1,-1
4283,2015-04,0,-1
4283,2015-07,0,-1
4283,2015-10,1,-1
4283,2016-02,1,-1
4283,2016-06,0,-1
4283,2016-10,0,-1
4283,2017-02,0,-1
4283,2017-06,0,-1
4283,2017-10,1,-1
4284,2015-04,0,-1
4284,2015-07,0,-1
4284,2015-10,1,-1
4284,2016-02,0,-1
4284,2016-06,1,-1
4284,2016-10,0,-1
4284,2017-02,0,-1
4284,2017-06,0,-1
4284,2017-10,0,-1
4285,2015-04,0,-1
4285,2015-07,0,-1
4285,2015-10,1,-1
4285,2016-02,0,-1
4285,2016-06,1,-1
4285,2016-10,1,-1
4285,2017-02,1,-1
4285,2017-06,0,-1
4285,2017-10,1,-1
4286,2015-04,0,-1
4286,2015-07,0,-1
4286,2015-10,1,-1
4286,2016-02,0,-1
4286,2016-06,1,-1
4286,2016-10,0,-1
4286,2017-02,0,-1
4286,2017-06,0,-1
4286,2017-10,0,-1
4287,2015-04,0,-1
4287,2015-07,0,-1
4287,2015-10,1,-1
4287,2016-02,1,-1
4287,2016-06,1,-1
4287,2016-10,0,-1
4287,2017-02,0,-1
4287,2017-06,0,-1
4287,2017-10,0,-1
4288,2015-04,0,-1
4288,2015-07,0,-1
4288,2015-10,1,-1
4288,2016-02,1,-1
4288,2016-06,1,-1
4288,2016-10,1,-1
4288,2017-02,1,-1
4288,2017-06,0,-1
4288,2017-10,0,-1
4289,2015-04,0,-1
4289,2015-07,0,-1
4289,2015-10,1,-1
4289,2016-02,1,-1
4289,2016-06,1,-1
4289,2016-10,1,-1
4289,2017-02,1,-1
4289,2017-06,0,-1
4289,2017-10,1,-1
4290,2015-04,0,-1
4290,2015-07,0,-1
4290,2015-10,0,-1
4290,2016-02,0,-1
4290,2016-06,0,-1
4290,2016-10,0,-1
4290,2017-02,0,-1
4290,2017-06,0,-1
4290,2017-10,0,-1
4291,2015-04,0,-1
4291,2015-07,0,-1
4291,2015-10,0,-1
4291,2016-02,0,-1
4291,2016-06,0,-1
4291,2016-10,0,-1
4291,2017-02,0,-1
4291,2017-06,0,-1
4291,2017-10,0,-1
4292,2015-04,0,-1
4292,2015-07,0,-1
4292,2015-10,0,-1
4292,2016-02,0,-1
4292,2016-06,0,-1
4292,2016-10,0,-1
4292,2017-02,0,-1
4292,2017-06,0,-1
4292,2017-10,0,-1
4293,2015-04,0,-1
4293,2015-07,0,-1
4293,2015-10,0,-1
4293,2016-02,0,-1
4293,2016-06,0,-1
4293,2016-10,0,-1
4293,2017-02,0,-1
4293,2017-06,0,-1
4293,2017-10,0,-1
4294,2015-04,0,-1
4294,2015-07,0,-1
4294,2015-10,0,-1
4294,2016-02,0,-1
4294,2016-06,0,-1
4294,2016-10,0,-1
4294,2017-02,0,-1
4294,2017-06,0,-1
4294,2017-10,0,-1
4295,2015-04,0,-1
4295,2015-07,0,-1
4295,2015-10,0,-1
4295,2016-02,0,-1
4295,2016-06,0,-1
4295,2016-10,0,-1
4295,2017-02,0,-1
4295,2017-06,0,-1
4295,2017-10,0,-1
4296,2015-04,0,-1
4296,2015-07,0,-1
4296,2015-10,0,-1
4296,2016-02,0,-1
4296,2016-06,0,-1
4296,2016-10,1,-1
4296,2017-02,1,-1
4296,2017-06,0,-1
4296,2017-10,0,-1
4297,2015-04,0,-1
4297,2015-07,0,-1
4297,2015-10,0,-1
4297,2016-02,0,-1
4297,2016-06,0,-1
4297,2016-10,0,-1
4297,2017-02,0,-1
4297,2017-06,0,-1
4297,2017-10,0,-1
4298,2015-04,0,-1
4298,2015-07,0,-1
4298,2015-10,0,-1
4298,2016-02,0,-1
4298,2016-06,0,-1
4298,2016-10,1,-1
4298,2017-02,1,-1
4298,2017-06,0,-1
4298,2017-10,0,-1
4299,2015-04,0,-1
4299,2015-07,0,-1
4299,2015-10,0,-1
4299,2016-02,0,-1
4299,2016-06,0,-1
4299,2016-10,0,-1
4299,2017-02,0,-1
4299,2017-06,0,-1
4299,2017-10,0,-1
4300,2015-04,0,-1
4300,2015-07,0,-1
4300,2015-10,0,-1
4300,2016-02,0,-1
4300,2016-06,0,-1
4300,2016-10,0,-1
4300,2017-02,0,-1
4300,2017-06,0,-1
4300,2017-10,0,-1
4301,2015-04,0,-1
4301,2015-07,0,-1
4301,2015-10,0,-1
4301,2016-02,0,-1
4301,2016-06,0,-1
4301,2016-10,0,-1
4301,2017-02,0,-1
4301,2017-06,0,-1
4301,2017-10,0,-1
4302,2015-04,0,-1
4302,2015-07,0,-1
4302,2015-10,0,-1
4302,2016-02,0,-1
4302,2016-06,0,-1
4302,2016-10,0,-1
4302,2017-02,0,-1
4302,2017-06,0,-1
4302,2017-10,0,-1
4303,2015-04,0,-1
4303,2015-07,0,-1
4303,2015-10,0,-1
4303,2016-02,0,-1
4303,2016-06,0,-1
4303,2016-10,0,-1
4303,2017-02,0,-1
4303,2017-06,0,-1
4303,2017-10,0,-1
4304,2015-04,0,-1
4304,2015-07,0,-1
4304,2015-10,0,-1
4304,2016-02,0,-1
4304,2016-06,0,-1
4304,2016-10,1,-1
4304,2017-02,1,-1
4304,2017-06,0,-1
4304,2017-10,0,-1
4305,2015-04,0,-1
4305,2015-07,0,-1
4305,2015-10,0,-1
4305,2016-02,0,-1
4305,2016-06,0,-1
4305,2016-10,0,-1
4305,2017-02,0,-1
4305,2017-06,0,-1
4305,2017-10,0,-1
4306,2015-04,0,-1
4306,2015-07,0,-1
4306,2015-10,0,-1
4306,2016-02,0,-1
4306,2016-06,0,-1
4306,2016-10,0,-1
4306,2017-02,0,-1
4306,2017-06,0,-1
4306,2017-10,0,-1
4307,2015-04,0,-1
4307,2015-07,0,-1
4307,2015-10,0,-1
4307,2016-02,0,-1
4307,2016-06,0,-1
4307,2016-10,0,-1
4307,2017-02,0,-1
4307,2017-06,0,-1
4307,2017-10,0,-1
4308,2015-04,0,-1
4308,2015-07,0,-1
4308,2015-10,0,-1
4308,2016-02,0,-1
4308,2016-06,0,-1
4308,2016-10,0,-1
4308,2017-02,0,-1
4308,2017-06,0,-1
4308,2017-10,0,-1
4309,2015-04,0,-1
4309,2015-07,0,-1
4309,2015-10,0,-1
4309,2016-02,0,-1
4309,2016-06,0,-1
4309,2016-10,0,-1
4309,2017-02,0,-1
4309,2017-06,0,-1
4309,2017-10,0,-1
4310,2015-04,0,-1
4310,2015-07,0,-1
4310,2015-10,0,-1
4310,2016-02,0,-1
4310,2016-06,0,-1
4310,2016-10,0,-1
4310,2017-02,0,-1
4310,2017-06,0,-1
4310,2017-10,0,-1
4311,2015-04,0,-1
4311,2015-07,0,-1
4311,2015-10,0,-1
4311,2016-02,0,-1
4311,2016-06,0,-1
4311,2016-10,0,-1
4311,2017-02,0,-1
4311,2017-06,0,-1
4311,2017-10,0,-1
4312,2015-04,0,-1
4312,2015-07,0,-1
4312,2015-10,0,-1
4312,2016-02,0,-1
4312,2016-06,0,-1
4312,2016-10,0,-1
4312,2017-02,0,-1
4312,2017-06,0,-1
4312,2017-10,0,-1
4313,2015-04,0,-1
4313,2015-07,0,-1
4313,2015-10,0,-1
4313,2016-02,0,-1
4313,2016-06,0,-1
4313,2016-10,0,-1
4313,2017-02,0,-1
4313,2017-06,0,-1
4313,2017-10,0,-1
4314,2015-04,0,-1
4314,2015-07,0,-1
4314,2015-10,0,-1
4314,2016-02,0,-1
4314,2016-06,0,-1
4314,2016-10,0,-1
4314,2017-02,0,-1
4314,2017-06,0,-1
4314,2017-10,0,-1
4315,2015-04,0,-1
4315,2015-07,0,-1
4315,2015-10,0,-1
4315,2016-02,0,-1
4315,2016-06,0,-1
4315,2016-10,0,-1
4315,2017-02,0,-1
4315,2017-06,0,-1
4315,2017-10,0,-1
4316,2015-04,0,-1
4316,2015-07,0,-1
4316,2015-10,0,-1
4316,2016-02,0,-1
4316,2016-06,0,-1
4316,2016-10,0,-1
4316,2017-02,0,-1
4316,2017-06,0,-1
4316,2017-10,0,-1
4317,2015-04,0,-1
4317,2015-07,0,-1
4317,2015-10,0,-1
4317,2016-02,0,-1
4317,2016-06,0,-1
4317,2016-10,0,-1
4317,2017-02,0,-1
4317,2017-06,0,-1
4317,2017-10,0,-1
4318,2015-04,0,-1
4318,2015-07,0,-1
4318,2015-10,0,-1
4318,2016-02,0,-1
4318,2016-06,0,-1
4318,2016-10,0,-1
4318,2017-02,0,-1
4318,2017-06,0,-1
4318,2017-10,0,-1
4319,2015-04,0,-1
4319,2015-07,0,-1
4319,2015-10,0,-1
4319,2016-02,0,-1
4319,2016-06,0,-1
4319,2016-10,0,-1
4319,2017-02,0,-1
4319,2017-06,0,-1
4319,2017-10,0,-1
4320,2015-04,0,-1
4320,2015-07,0,-1
4320,2015-10,0,-1
4320,2016-02,0,-1
4320,2016-06,0,-1
4320,2016-10,0,-1
4320,2017-02,0,-1
4320,2017-06,0,-1
4320,2017-10,0,-1
4321,2015-04,0,-1
4321,2015-07,0,-1
4321,2015-10,0,-1
4321,2016-02,0,-1
4321,2016-06,0,-1
4321,2016-10,0,-1
4321,2017-02,0,-1
4321,2017-06,0,-1
4321,2017-10,0,-1
4322,2015-04,0,-1
4322,2015-07,0,-1
4322,2015-10,0,-1
4322,2016-02,0,-1
4322,2016-06,0,-1
4322,2016-10,0,-1
4322,2017-02,0,-1
4322,2017-06,0,-1
4322,2017-10,0,-1
4323,2015-04,0,-1
4323,2015-07,0,-1
4323,2015-10,0,-1
4323,2016-02,0,-1
4323,2016-06,0,-1
4323,2016-10,0,-1
4323,2017-02,0,-1
4323,2017-06,0,-1
4323,2017-10,0,-1
4324,2015-04,0,-1
4324,2015-07,0,-1
4324,2015-10,0,-1
4324,2016-02,0,-1
4324,2016-06,0,-1
4324,2016-10,0,-1
4324,2017-02,0,-1
4324,2017-06,0,-1
4324,2017-10,0,-1
4325,2015-04,0,-1
4325,2015-07,0,-1
4325,2015-10,0,-1
4325,2016-02,0,-1
4325,2016-06,0,-1
4325,2016-10,0,-1
4325,2017-02,0,-1
4325,2017-06,0,-1
4325,2017-10,0,-1
4326,2015-04,0,-1
4326,2015-07,0,-1
4326,2015-10,0,-1
4326,2016-02,0,-1
4326,2016-06,0,-1
4326,2016-10,0,-1
4326,2017-02,0,-1
4326,2017-06,0,-1
4326,2017-10,0,-1
4327,2015-04,0,-1
4327,2015-07,0,-1
4327,2015-10,0,-1
4327,2016-02,0,-1
4327,2016-06,1,-1
4327,2016-10,1,-1
4327,2017-02,1,-1
4327,2017-06,0,-1
4327,2017-10,0,-1
4328,2015-04,0,-1
4328,2015-07,0,-1
4328,2015-10,1,-1
4328,2016-02,1,-1
4328,2016-06,1,-1
4328,2016-10,0,-1
4328,2017-02,0,-1
4328,2017-06,0,-1
4328,2017-10,1,-1
4329,2015-04,0,-1
4329,2015-07,0,-1
4329,2015-10,1,-1
4329,2016-02,0,-1
4329,2016-06,1,-1
4329,2016-10,0,-1
4329,2017-02,0,-1
4329,2017-06,0,-1
4329,2017-10,1,-1
4330,2015-04,0,-1
4330,2015-07,0,-1
4330,2015-10,1,-1
4330,2016-02,0,-1
4330,2016-06,1,-1
4330,2016-10,1,-1
4330,2017-02,1,-1
4330,2017-06,0,-1
4330,2017-10,1,-1
4331,2015-04,0,-1
4331,2015-07,0,-1
4331,2015-10,0,-1
4331,2016-02,1,-1
4331,2016-06,0,-1
4331,2016-10,1,-1
4331,2017-02,1,-1
4331,2017-06,0,-1
4331,2017-10,0,-1
4332,2015-04,0,-1
4332,2015-07,0,-1
4332,2015-10,0,-1
4332,2016-02,0,-1
4332,2016-06,0,-1
4332,2016-10,0,-1
4332,2017-02,0,-1
4332,2017-06,0,-1
4332,2017-10,0,-1
4333,2015-04,0,-1
4333,2015-07,0,-1
4333,2015-10,1,-1
4333,2016-02,1,-1
4333,2016-06,0,-1
4333,2016-10,0,-1
4333,2017-02,0,-1
4333,2017-06,0,-1
4333,2017-10,0,-1
4334,2015-04,0,-1
4334,2015-07,0,-1
4334,2015-10,0,-1
4334,2016-02,0,-1
4334,2016-06,0,-1
4334,2016-10,0,-1
4334,2017-02,0,-1
4334,2017-06,0,-1
4334,2017-10,0,-1
4335,2015-04,0,-1
4335,2015-07,0,-1
4335,2015-10,0,-1
4335,2016-02,0,-1
4335,2016-06,0,-1
4335,2016-10,0,-1
4335,2017-02,0,-1
4335,2017-06,0,-1
4335,2017-10,0,-1
4336,2015-04,0,-1
4336,2015-07,0,-1
4336,2015-10,0,-1
4336,2016-02,0,-1
4336,2016-06,0,-1
4336,2016-10,1,-1
4336,2017-02,1,-1
4336,2017-06,0,-1
4336,2017-10,0,-1
4337,2015-04,0,-1
4337,2015-07,0,-1
4337,2015-10,0,-1
4337,2016-02,0,-1
4337,2016-06,0,-1
4337,2016-10,1,-1
4337,2017-02,1,-1
4337,2017-06,0,-1
4337,2017-10,0,-1
4338,2015-04,0,-1
4338,2015-07,0,-1
4338,2015-10,0,-1
4338,2016-02,0,-1
4338,2016-06,0,-1
4338,2016-10,0,-1
4338,2017-02,0,-1
4338,2017-06,0,-1
4338,2017-10,0,-1
4339,2015-04,0,-1
4339,2015-07,0,-1
4339,2015-10,0,-1
4339,2016-02,0,-1
4339,2016-06,0,-1
4339,2016-10,0,-1
4339,2017-02,0,-1
4339,2017-06,0,-1
4339,2017-10,0,-1
4340,2015-04,0,-1
4340,2015-07,0,-1
4340,2015-10,1,-1
4340,2016-02,1,-1
4340,2016-06,1,-1
4340,2016-10,1,-1
4340,2017-02,1,-1
4340,2017-06,0,-1
4340,2017-10,1,-1
4341,2015-04,0,-1
4341,2015-07,0,-1
4341,2015-10,1,-1
4341,2016-02,0,-1
4341,2016-06,1,-1
4341,2016-10,1,-1
4341,2017-02,1,-1
4341,2017-06,0,-1
4341,2017-10,1,-1
4342,2015-04,0,-1
4342,2015-07,0,-1
4342,2015-10,1,-1
4342,2016-02,1,-1
4342,2016-06,1,-1
4342,2016-10,1,-1
4342,2017-02,0,-1
4342,2017-06,0,-1
4342,2017-10,0,-1
4343,2015-04,0,-1
4343,2015-07,0,-1
4343,2015-10,0,-1
4343,2016-02,1,-1
4343,2016-06,1,-1
4343,2016-10,1,-1
4343,2017-02,1,-1
4343,2017-06,0,-1
4343,2017-10,0,-1
4344,2015-04,0,-1
4344,2015-07,0,-1
4344,2015-10,1,-1
4344,2016-02,1,-1
4344,2016-06,1,-1
4344,2016-10,1,-1
4344,2017-02,1,-1
4344,2017-06,0,-1
4344,2017-10,1,-1
4345,2015-04,0,-1
4345,2015-07,0,-1
4345,2015-10,1,-1
4345,2016-02,1,-1
4345,2016-06,1,-1
4345,2016-10,1,-1
4345,2017-02,1,-1
4345,2017-06,0,-1
4345,2017-10,0,-1
4346,2015-04,0,-1
4346,2015-07,0,-1
4346,2015-10,0,-1
4346,2016-02,1,-1
4346,2016-06,1,-1
4346,2016-10,0,-1
4346,2017-02,0,-1
4346,2017-06,0,-1
4346,2017-10,0,-1
4347,2015-04,0,-1
4347,2015-07,0,-1
4347,2015-10,1,-1
4347,2016-02,1,-1
4347,2016-06,1,-1
4347,2016-10,1,-1
4347,2017-02,1,-1
4347,2017-06,0,-1
4347,2017-10,0,-1
4348,2015-04,0,-1
4348,2015-07,0,-1
4348,2015-10,1,-1
4348,2016-02,0,-1
4348,2016-06,1,-1
4348,2016-10,1,-1
4348,2017-02,1,-1
4348,2017-06,0,-1
4348,2017-10,0,-1
4349,2015-04,0,-1
4349,2015-07,0,-1
4349,2015-10,1,-1
4349,2016-02,1,-1
4349,2016-06,1,-1
4349,2016-10,0,-1
4349,2017-02,0,-1
4349,2017-06,0,-1
4349,2017-10,0,-1
4350,2015-04,0,-1
4350,2015-07,0,-1
4350,2015-10,1,-1
4350,2016-02,0,-1
4350,2016-06,1,-1
4350,2016-10,1,-1
4350,2017-02,1,-1
4350,2017-06,0,-1
4350,2017-10,1,-1
4351,2015-04,0,-1
4351,2015-07,0,-1
4351,2015-10,1,-1
4351,2016-02,1,-1
4351,2016-06,1,-1
4351,2016-10,1,-1
4351,2017-02,1,-1
4351,2017-06,0,-1
4351,2017-10,0,-1
4352,2015-04,0,-1
4352,2015-07,0,-1
4352,2015-10,1,-1
4352,2016-02,1,-1
4352,2016-06,1,-1
4352,2016-10,1,-1
4352,2017-02,1,-1
4352,2017-06,0,-1
4352,2017-10,0,-1
4353,2015-04,0,-1
4353,2015-07,0,-1
4353,2015-10,1,-1
4353,2016-02,1,-1
4353,2016-06,1,-1
4353,2016-10,0,-1
4353,2017-02,0,-1
4353,2017-06,0,-1
4353,2017-10,0,-1
4354,2015-04,0,-1
4354,2015-07,0,-1
4354,2015-10,1,-1
4354,2016-02,1,-1
4354,2016-06,1,-1
4354,2016-10,1,-1
4354,2017-02,1,-1
4354,2017-06,0,-1
4354,2017-10,1,-1
4355,2015-04,0,-1
4355,2015-07,0,-1
4355,2015-10,1,-1
4355,2016-02,1,-1
4355,2016-06,1,-1
4355,2016-10,1,-1
4355,2017-02,1,-1
4355,2017-06,0,-1
4355,2017-10,0,-1
4356,2015-04,0,-1
4356,2015-07,0,-1
4356,2015-10,1,-1
4356,2016-02,0,-1
4356,2016-06,1,-1
4356,2016-10,1,-1
4356,2017-02,1,-1
4356,2017-06,0,-1
4356,2017-10,0,-1
4357,2015-04,0,-1
4357,2015-07,0,-1
4357,2015-10,0,-1
4357,2016-02,0,-1
4357,2016-06,0,-1
4357,2016-10,0,-1
4357,2017-02,0,-1
4357,2017-06,0,-1
4357,2017-10,0,-1
4358,2015-04,0,-1
4358,2015-07,0,-1
4358,2015-10,1,-1
4358,2016-02,1,-1
4358,2016-06,1,-1
4358,2016-10,1,-1
4358,2017-02,1,-1
4358,2017-06,0,-1
4358,2017-10,0,-1
4359,2015-04,0,-1
4359,2015-07,0,-1
4359,2015-10,1,-1
4359,2016-02,1,-1
4359,2016-06,1,-1
4359,2016-10,0,-1
4359,2017-02,0,-1
4359,2017-06,0,-1
4359,2017-10,0,-1
4360,2015-04,0,-1
4360,2015-07,0,-1
4360,2015-10,1,-1
4360,2016-02,1,-1
4360,2016-06,1,-1
4360,2016-10,1,-1
4360,2017-02,1,-1
4360,2017-06,0,-1
4360,2017-10,0,-1
4361,2015-04,0,-1
4361,2015-07,0,-1
4361,2015-10,1,-1
4361,2016-02,0,-1
4361,2016-06,1,-1
4361,2016-10,1,-1
4361,2017-02,1,-1
4361,2017-06,0,-1
4361,2017-10,0,-1
4362,2015-04,0,-1
4362,2015-07,0,-1
4362,2015-10,0,-1
4362,2016-02,0,-1
4362,2016-06,0,-1
4362,2016-10,1,-1
4362,2017-02,1,-1
4362,2017-06,0,-1
4362,2017-10,0,-1
4363,2015-04,0,-1
4363,2015-07,0,-1
4363,2015-10,0,-1
4363,2016-02,0,-1
4363,2016-06,0,-1
4363,2016-10,1,-1
4363,2017-02,1,-1
4363,2017-06,0,-1
4363,2017-10,0,-1
4364,2015-04,0,-1
4364,2015-07,0,-1
4364,2015-10,0,-1
4364,2016-02,0,-1
4364,2016-06,0,-1
4364,2016-10,1,-1
4364,2017-02,1,-1
4364,2017-06,0,-1
4364,2017-10,0,-1
4365,2015-04,0,-1
4365,2015-07,0,-1
4365,2015-10,0,-1
4365,2016-02,0,-1
4365,2016-06,0,-1
4365,2016-10,1,-1
4365,2017-02,1,-1
4365,2017-06,0,-1
4365,2017-10,0,-1
4366,2015-04,0,-1
4366,2015-07,0,-1
4366,2015-10,0,-1
4366,2016-02,0,-1
4366,2016-06,0,-1
4366,2016-10,1,-1
4366,2017-02,1,-1
4366,2017-06,0,-1
4366,2017-10,0,-1
4367,2015-04,0,-1
4367,2015-07,0,-1
4367,2015-10,0,-1
4367,2016-02,0,-1
4367,2016-06,0,-1
4367,2016-10,1,-1
4367,2017-02,1,-1
4367,2017-06,0,-1
4367,2017-10,0,-1
4368,2015-04,0,-1
4368,2015-07,0,-1
4368,2015-10,0,-1
4368,2016-02,0,-1
4368,2016-06,0,-1
4368,2016-10,0,-1
4368,2017-02,0,-1
4368,2017-06,0,-1
4368,2017-10,0,-1
4369,2015-04,0,-1
4369,2015-07,0,-1
4369,2015-10,0,-1
4369,2016-02,0,-1
4369,2016-06,0,-1
4369,2016-10,0,-1
4369,2017-02,0,-1
4369,2017-06,0,-1
4369,2017-10,0,-1
4370,2015-04,0,-1
4370,2015-07,0,-1
4370,2015-10,1,-1
4370,2016-02,0,-1
4370,2016-06,0,-1
4370,2016-10,1,-1
4370,2017-02,1,-1
4370,2017-06,0,-1
4370,2017-10,0,-1
4371,2015-04,0,-1
4371,2015-07,0,-1
4371,2015-10,1,-1
4371,2016-02,0,-1
4371,2016-06,0,-1
4371,2016-10,1,-1
4371,2017-02,1,-1
4371,2017-06,0,-1
4371,2017-10,0,-1
4372,2015-04,0,-1
4372,2015-07,0,-1
4372,2015-10,1,-1
4372,2016-02,1,-1
4372,2016-06,1,-1
4372,2016-10,1,-1
4372,2017-02,1,-1
4372,2017-06,0,-1
4372,2017-10,0,-1
4373,2015-04,0,-1
4373,2015-07,0,-1
4373,2015-10,1,-1
4373,2016-02,0,-1
4373,2016-06,1,-1
4373,2016-10,1,-1
4373,2017-02,1,-1
4373,2017-06,0,-1
4373,2017-10,1,-1
4374,2015-04,0,-1
4374,2015-07,0,-1
4374,2015-10,1,-1
4374,2016-02,1,-1
4374,2016-06,1,-1
4374,2016-10,0,-1
4374,2017-02,0,-1
4374,2017-06,0,-1
4374,2017-10,0,-1
4375,2015-04,0,-1
4375,2015-07,0,-1
4375,2015-10,1,-1
4375,2016-02,0,-1
4375,2016-06,1,-1
4375,2016-10,1,-1
4375,2017-02,1,-1
4375,2017-06,0,-1
4375,2017-10,0,-1
4376,2015-04,0,-1
4376,2015-07,0,-1
4376,2015-10,1,-1
4376,2016-02,1,-1
4376,2016-06,1,-1
4376,2016-10,1,-1
4376,2017-02,1,-1
4376,2017-06,0,-1
4376,2017-10,0,-1
4377,2015-04,0,-1
4377,2015-07,0,-1
4377,2015-10,1,-1
4377,2016-02,1,-1
4377,2016-06,1,-1
4377,2016-10,1,-1
4377,2017-02,1,-1
4377,2017-06,0,-1
4377,2017-10,0,-1
4378,2015-04,0,-1
4378,2015-07,0,-1
4378,2015-10,1,-1
4378,2016-02,1,-1
4378,2016-06,1,-1
4378,2016-10,1,-1
4378,2017-02,1,-1
4378,2017-06,0,-1
4378,2017-10,0,-1
4379,2015-04,0,-1
4379,2015-07,0,-1
4379,2015-10,1,-1
4379,2016-02,1,-1
4379,2016-06,1,-1
4379,2016-10,1,-1
4379,2017-02,1,-1
4379,2017-06,0,-1
4379,2017-10,0,-1
4380,2015-04,0,-1
4380,2015-07,0,-1
4380,2015-10,0,-1
4380,2016-02,1,-1
4380,2016-06,1,-1
4380,2016-10,1,-1
4380,2017-02,1,-1
4380,2017-06,0,-1
4380,2017-10,0,-1
4381,2015-04,0,-1
4381,2015-07,0,-1
4381,2015-10,0,-1
4381,2016-02,1,-1
4381,2016-06,1,-1
4381,2016-10,1,-1
4381,2017-02,1,-1
4381,2017-06,0,-1
4381,2017-10,0,-1
4382,2015-04,0,-1
4382,2015-07,0,-1
4382,2015-10,1,-1
4382,2016-02,1,-1
4382,2016-06,1,-1
4382,2016-10,1,-1
4382,2017-02,1,-1
4382,2017-06,0,-1
4382,2017-10,0,-1
4383,2015-04,0,-1
4383,2015-07,0,-1
4383,2015-10,1,-1
4383,2016-02,1,-1
4383,2016-06,1,-1
4383,2016-10,1,-1
4383,2017-02,1,-1
4383,2017-06,0,-1
4383,2017-10,0,-1
4384,2015-04,0,-1
4384,2015-07,0,-1
4384,2015-10,0,-1
4384,2016-02,1,-1
4384,2016-06,1,-1
4384,2016-10,0,-1
4384,2017-02,0,-1
4384,2017-06,0,-1
4384,2017-10,0,-1
4385,2015-04,0,-1
4385,2015-07,0,-1
4385,2015-10,1,-1
4385,2016-02,1,-1
4385,2016-06,1,-1
4385,2016-10,1,-1
4385,2017-02,1,-1
4385,2017-06,0,-1
4385,2017-10,0,-1
4386,2015-04,0,-1
4386,2015-07,0,-1
4386,2015-10,0,-1
4386,2016-02,0,-1
4386,2016-06,1,-1
4386,2016-10,0,-1
4386,2017-02,0,-1
4386,2017-06,0,-1
4386,2017-10,0,-1
4387,2015-04,0,-1
4387,2015-07,0,-1
4387,2015-10,0,-1
4387,2016-02,1,-1
4387,2016-06,1,-1
4387,2016-10,1,-1
4387,2017-02,1,-1
4387,2017-06,0,-1
4387,2017-10,0,-1
4388,2015-04,0,-1
4388,2015-07,0,-1
4388,2015-10,1,-1
4388,2016-02,1,-1
4388,2016-06,1,-1
4388,2016-10,0,-1
4388,2017-02,0,-1
4388,2017-06,0,-1
4388,2017-10,0,-1
4389,2015-04,0,-1
4389,2015-07,0,-1
4389,2015-10,1,-1
4389,2016-02,1,-1
4389,2016-06,1,-1
4389,2016-10,1,-1
4389,2017-02,1,-1
4389,2017-06,0,-1
4389,2017-10,0,-1
4390,2015-04,0,-1
4390,2015-07,0,-1
4390,2015-10,1,-1
4390,2016-02,0,-1
4390,2016-06,1,-1
4390,2016-10,1,-1
4390,2017-02,1,-1
4390,2017-06,0,-1
4390,2017-10,0,-1
4391,2015-04,0,-1
4391,2015-07,0,-1
4391,2015-10,1,-1
4391,2016-02,0,-1
4391,2016-06,1,-1
4391,2016-10,1,-1
4391,2017-02,1,-1
4391,2017-06,0,-1
4391,2017-10,0,-1
4392,2015-04,0,-1
4392,2015-07,0,-1
4392,2015-10,1,-1
4392,2016-02,1,-1
4392,2016-06,1,-1
4392,2016-10,1,-1
4392,2017-02,1,-1
4392,2017-06,0,-1
4392,2017-10,0,-1
4393,2015-04,0,-1
4393,2015-07,0,-1
4393,2015-10,1,-1
4393,2016-02,0,-1
4393,2016-06,1,-1
4393,2016-10,1,-1
4393,2017-02,1,-1
4393,2017-06,0,-1
4393,2017-10,0,-1
4394,2015-04,0,-1
4394,2015-07,0,-1
4394,2015-10,0,-1
4394,2016-02,0,-1
4394,2016-06,0,-1
4394,2016-10,0,-1
4394,2017-02,0,-1
4394,2017-06,0,-1
4394,2017-10,0,-1
4395,2015-04,0,-1
4395,2015-07,0,-1
4395,2015-10,0,-1
4395,2016-02,0,-1
4395,2016-06,0,-1
4395,2016-10,0,-1
4395,2017-02,0,-1
4395,2017-06,0,-1
4395,2017-10,0,-1
4396,2015-04,0,-1
4396,2015-07,0,-1
4396,2015-10,0,-1
4396,2016-02,0,-1
4396,2016-06,0,-1
4396,2016-10,0,-1
4396,2017-02,0,-1
4396,2017-06,0,-1
4396,2017-10,0,-1
4397,2015-04,0,-1
4397,2015-07,0,-1
4397,2015-10,0,-1
4397,2016-02,0,-1
4397,2016-06,0,-1
4397,2016-10,0,-1
4397,2017-02,0,-1
4397,2017-06,0,-1
4397,2017-10,0,-1
4398,2015-04,0,-1
4398,2015-07,0,-1
4398,2015-10,0,-1
4398,2016-02,0,-1
4398,2016-06,0,-1
4398,2016-10,0,-1
4398,2017-02,0,-1
4398,2017-06,0,-1
4398,2017-10,0,-1
4399,2015-04,0,-1
4399,2015-07,0,-1
4399,2015-10,0,-1
4399,2016-02,0,-1
4399,2016-06,0,-1
4399,2016-10,0,-1
4399,2017-02,0,-1
4399,2017-06,0,-1
4399,2017-10,0,-1
4400,2015-04,0,-1
4400,2015-07,0,-1
4400,2015-10,0,-1
4400,2016-02,0,-1
4400,2016-06,0,-1
4400,2016-10,0,-1
4400,2017-02,0,-1
4400,2017-06,0,-1
4400,2017-10,0,-1
4401,2015-04,0,-1
4401,2015-07,0,-1
4401,2015-10,0,-1
4401,2016-02,0,-1
4401,2016-06,0,-1
4401,2016-10,0,-1
4401,2017-02,0,-1
4401,2017-06,0,-1
4401,2017-10,0,-1
4402,2015-04,0,-1
4402,2015-07,0,-1
4402,2015-10,0,-1
4402,2016-02,0,-1
4402,2016-06,0,-1
4402,2016-10,1,-1
4402,2017-02,1,-1
4402,2017-06,0,-1
4402,2017-10,0,-1
4403,2015-04,0,-1
4403,2015-07,0,-1
4403,2015-10,0,-1
4403,2016-02,0,-1
4403,2016-06,1,-1
4403,2016-10,1,-1
4403,2017-02,1,-1
4403,2017-06,0,-1
4403,2017-10,0,-1
4404,2015-04,0,-1
4404,2015-07,0,-1
4404,2015-10,0,-1
4404,2016-02,0,-1
4404,2016-06,0,-1
4404,2016-10,0,-1
4404,2017-02,0,-1
4404,2017-06,0,-1
4404,2017-10,0,-1
4405,2015-04,0,-1
4405,2015-07,0,-1
4405,2015-10,0,-1
4405,2016-02,0,-1
4405,2016-06,0,-1
4405,2016-10,0,-1
4405,2017-02,0,-1
4405,2017-06,0,-1
4405,2017-10,0,-1
4406,2015-04,0,-1
4406,2015-07,0,-1
4406,2015-10,0,-1
4406,2016-02,0,-1
4406,2016-06,0,-1
4406,2016-10,0,-1
4406,2017-02,0,-1
4406,2017-06,0,-1
4406,2017-10,0,-1
4407,2015-04,0,-1
4407,2015-07,0,-1
4407,2015-10,0,-1
4407,2016-02,0,-1
4407,2016-06,0,-1
4407,2016-10,0,-1
4407,2017-02,0,-1
4407,2017-06,0,-1
4407,2017-10,0,-1
4408,2015-04,0,-1
4408,2015-07,0,-1
4408,2015-10,0,-1
4408,2016-02,0,-1
4408,2016-06,0,-1
4408,2016-10,0,-1
4408,2017-02,0,-1
4408,2017-06,0,-1
4408,2017-10,0,-1
4409,2015-04,0,-1
4409,2015-07,0,-1
4409,2015-10,0,-1
4409,2016-02,0,-1
4409,2016-06,0,-1
4409,2016-10,0,-1
4409,2017-02,0,-1
4409,2017-06,0,-1
4409,2017-10,0,-1
4410,2015-04,0,-1
4410,2015-07,0,-1
4410,2015-10,0,-1
4410,2016-02,0,-1
4410,2016-06,0,-1
4410,2016-10,0,-1
4410,2017-02,0,-1
4410,2017-06,0,-1
4410,2017-10,0,-1
4411,2015-04,0,-1
4411,2015-07,0,-1
4411,2015-10,0,-1
4411,2016-02,0,-1
4411,2016-06,0,-1
4411,2016-10,0,-1
4411,2017-02,0,-1
4411,2017-06,0,-1
4411,2017-10,0,-1
4412,2015-04,0,-1
4412,2015-07,0,-1
4412,2015-10,0,-1
4412,2016-02,0,-1
4412,2016-06,0,-1
4412,2016-10,0,-1
4412,2017-02,0,-1
4412,2017-06,0,-1
4412,2017-10,0,-1
4413,2015-04,0,-1
4413,2015-07,0,-1
4413,2015-10,0,-1
4413,2016-02,0,-1
4413,2016-06,0,-1
4413,2016-10,0,-1
4413,2017-02,0,-1
4413,2017-06,0,-1
4413,2017-10,0,-1
4414,2015-04,0,-1
4414,2015-07,0,-1
4414,2015-10,0,-1
4414,2016-02,0,-1
4414,2016-06,0,-1
4414,2016-10,0,-1
4414,2017-02,0,-1
4414,2017-06,0,-1
4414,2017-10,0,-1
4415,2015-04,0,-1
4415,2015-07,0,-1
4415,2015-10,0,-1
4415,2016-02,0,-1
4415,2016-06,0,-1
4415,2016-10,1,-1
4415,2017-02,1,-1
4415,2017-06,0,-1
4415,2017-10,0,-1
4416,2015-04,0,-1
4416,2015-07,0,-1
4416,2015-10,0,-1
4416,2016-02,0,-1
4416,2016-06,0,-1
4416,2016-10,0,-1
4416,2017-02,0,-1
4416,2017-06,0,-1
4416,2017-10,0,-1
4417,2015-04,0,-1
4417,2015-07,0,-1
4417,2015-10,0,-1
4417,2016-02,0,-1
4417,2016-06,0,-1
4417,2016-10,0,-1
4417,2017-02,0,-1
4417,2017-06,0,-1
4417,2017-10,0,-1
4418,2015-04,0,-1
4418,2015-07,0,-1
4418,2015-10,0,-1
4418,2016-02,0,-1
4418,2016-06,0,-1
4418,2016-10,0,-1
4418,2017-02,0,-1
4418,2017-06,0,-1
4418,2017-10,0,-1
4419,2015-04,0,-1
4419,2015-07,0,-1
4419,2015-10,0,-1
4419,2016-02,0,-1
4419,2016-06,0,-1
4419,2016-10,0,-1
4419,2017-02,0,-1
4419,2017-06,0,-1
4419,2017-10,0,-1
4420,2015-04,0,-1
4420,2015-07,0,-1
4420,2015-10,0,-1
4420,2016-02,0,-1
4420,2016-06,0,-1
4420,2016-10,0,-1
4420,2017-02,0,-1
4420,2017-06,0,-1
4420,2017-10,0,-1
4421,2015-04,0,-1
4421,2015-07,0,-1
4421,2015-10,0,-1
4421,2016-02,0,-1
4421,2016-06,0,-1
4421,2016-10,0,-1
4421,2017-02,0,-1
4421,2017-06,0,-1
4421,2017-10,0,-1
4422,2015-04,0,-1
4422,2015-07,0,-1
4422,2015-10,0,-1
4422,2016-02,0,-1
4422,2016-06,0,-1
4422,2016-10,0,-1
4422,2017-02,0,-1
4422,2017-06,0,-1
4422,2017-10,0,-1
4423,2015-04,0,-1
4423,2015-07,0,-1
4423,2015-10,0,-1
4423,2016-02,0,-1
4423,2016-06,0,-1
4423,2016-10,0,-1
4423,2017-02,0,-1
4423,2017-06,0,-1
4423,2017-10,0,-1
4424,2015-04,0,-1
4424,2015-07,0,-1
4424,2015-10,0,-1
4424,2016-02,0,-1
4424,2016-06,0,-1
4424,2016-10,0,-1
4424,2017-02,0,-1
4424,2017-06,0,-1
4424,2017-10,0,-1
4425,2015-04,0,-1
4425,2015-07,0,-1
4425,2015-10,0,-1
4425,2016-02,0,-1
4425,2016-06,0,-1
4425,2016-10,1,-1
4425,2017-02,1,-1
4425,2017-06,0,-1
4425,2017-10,0,-1
4426,2015-04,0,-1
4426,2015-07,0,-1
4426,2015-10,0,-1
4426,2016-02,0,-1
4426,2016-06,1,-1
4426,2016-10,1,-1
4426,2017-02,1,-1
4426,2017-06,0,-1
4426,2017-10,0,-1
4427,2015-04,0,-1
4427,2015-07,0,-1
4427,2015-10,0,-1
4427,2016-02,0,-1
4427,2016-06,0,-1
4427,2016-10,0,-1
4427,2017-02,0,-1
4427,2017-06,0,-1
4427,2017-10,0,-1
4428,2015-04,0,-1
4428,2015-07,0,-1
4428,2015-10,0,-1
4428,2016-02,0,-1
4428,2016-06,0,-1
4428,2016-10,0,-1
4428,2017-02,0,-1
4428,2017-06,0,-1
4428,2017-10,0,-1
4429,2015-04,0,-1
4429,2015-07,0,-1
4429,2015-10,0,-1
4429,2016-02,0,-1
4429,2016-06,0,-1
4429,2016-10,0,-1
4429,2017-02,0,-1
4429,2017-06,0,-1
4429,2017-10,0,-1
4430,2015-04,0,-1
4430,2015-07,0,-1
4430,2015-10,0,-1
4430,2016-02,0,-1
4430,2016-06,0,-1
4430,2016-10,0,-1
4430,2017-02,0,-1
4430,2017-06,0,-1
4430,2017-10,0,-1
4431,2015-04,0,-1
4431,2015-07,0,-1
4431,2015-10,0,-1
4431,2016-02,0,-1
4431,2016-06,0,-1
4431,2016-10,0,-1
4431,2017-02,0,-1
4431,2017-06,0,-1
4431,2017-10,0,-1
4432,2015-04,0,-1
4432,2015-07,0,-1
4432,2015-10,0,-1
4432,2016-02,0,-1
4432,2016-06,0,-1
4432,2016-10,0,-1
4432,2017-02,0,-1
4432,2017-06,0,-1
4432,2017-10,0,-1
4433,2015-04,0,-1
4433,2015-07,0,-1
4433,2015-10,0,-1
4433,2016-02,1,-1
4433,2016-06,1,-1
4433,2016-10,1,-1
4433,2017-02,1,-1
4433,2017-06,0,-1
4433,2017-10,1,-1
4434,2015-04,0,-1
4434,2015-07,0,-1
4434,2015-10,1,-1
4434,2016-02,0,-1
4434,2016-06,1,-1
4434,2016-10,0,-1
4434,2017-02,0,-1
4434,2017-06,0,-1
4434,2017-10,0,-1
4435,2015-04,0,-1
4435,2015-07,0,-1
4435,2015-10,1,-1
4435,2016-02,0,-1
4435,2016-06,1,-1
4435,2016-10,0,-1
4435,2017-02,0,-1
4435,2017-06,0,-1
4435,2017-10,1,-1
4436,2015-04,0,-1
4436,2015-07,0,-1
4436,2015-10,1,-1
4436,2016-02,0,-1
4436,2016-06,1,-1
4436,2016-10,1,-1
4436,2017-02,1,-1
4436,2017-06,0,-1
4436,2017-10,1,-1
4474,2015-04,0,7
4474,2015-07,0,7
4474,2015-10,0,7
4474,2016-02,0,7
4474,2016-06,0,7
4474,2016-10,0,7
4474,2017-02,0,7
4474,2017-06,0,7
4474,2017-10,0,7
4483,2015-04,0,7
4483,2015-07,0,7
4483,2015-10,0,7
4483,2016-02,0,7
4483,2016-06,0,7
4483,2016-10,1,7
4483,2017-02,0,7
4483,2017-06,0,7
4483,2017-10,0,7
4484,2015-04,0,7
4484,2015-07,0,7
4484,2015-10,0,7
4484,2016-02,0,7
4484,2016-06,0,7
4484,2016-10,0,7
4484,2017-02,0,7
4484,2017-06,0,7
4484,2017-10,0,7
4485,2015-04,0,7
4485,2015-07,0,7
4485,2015-10,0,7
4485,2016-02,0,7
4485,2016-06,1,7
4485,2016-10,0,7
4485,2017-02,0,7
4485,2017-06,0,7
4485,2017-10,0,7
4486,2015-04,0,7
4486,2015-07,0,7
4486,2015-10,0,7
4486,2016-02,0,7
4486,2016-06,0,7
4486,2016-10,0,7
4486,2017-02,0,7
4486,2017-06,0,7
4486,2017-10,0,7
4487,2015-04,0,7
4487,2015-07,0,7
4487,2015-10,0,7
4487,2016-02,0,7
4487,2016-06,0,7
4487,2016-10,0,7
4487,2017-02,0,7
4487,2017-06,0,7
4487,2017-10,0,7
4488,2015-04,0,7
4488,2015-07,0,7
4488,2015-10,0,7
4488,2016-02,0,7
4488,2016-06,0,7
4488,2016-10,0,7
4488,2017-02,0,7
4488,2017-06,0,7
4488,2017-10,0,7
4489,2015-04,0,7
4489,2015-07,0,7
4489,2015-10,0,7
4489,2016-02,0,7
4489,2016-06,0,7
4489,2016-10,1,7
4489,2017-02,0,7
4489,2017-06,0,7
4489,2017-10,0,7
4490,2015-04,0,7
4490,2015-07,0,7
4490,2015-10,0,7
4490,2016-02,0,7
4490,2016-06,0,7
4490,2016-10,1,7
4490,2017-02,0,7
4490,2017-06,0,7
4490,2017-10,0,7
4491,2015-04,0,7
4491,2015-07,0,7
4491,2015-10,0,7
4491,2016-02,0,7
4491,2016-06,0,7
4491,2016-10,1,7
4491,2017-02,0,7
4491,2017-06,0,7
4491,2017-10,0,7
4492,2015-04,0,7
4492,2015-07,0,7
4492,2015-10,0,7
4492,2016-02,0,7
4492,2016-06,0,7
4492,2016-10,1,7
4492,2017-02,0,7
4492,2017-06,0,7
4492,2017-10,0,7
4493,2015-04,0,7
4493,2015-07,0,7
4493,2015-10,0,7
4493,2016-02,0,7
4493,2016-06,0,7
4493,2016-10,1,7
4493,2017-02,0,7
4493,2017-06,0,7
4493,2017-10,0,7
4494,2015-04,0,7
4494,2015-07,0,7
4494,2015-10,0,7
4494,2016-02,0,7
4494,2016-06,0,7
4494,2016-10,0,7
4494,2017-02,0,7
4494,2017-06,0,7
4494,2017-10,0,7
4495,2015-04,0,7
4495,2015-07,0,7
4495,2015-10,0,7
4495,2016-02,0,7
4495,2016-06,0,7
4495,2016-10,0,7
4495,2017-02,0,7
4495,2017-06,0,7
4495,2017-10,0,7
4496,2015-04,0,7
4496,2015-07,0,7
4496,2015-10,1,7
4496,2016-02,0,7
4496,2016-06,0,7
4496,2016-10,0,7
4496,2017-02,0,7
4496,2017-06,0,7
4496,2017-10,0,7
4497,2015-04,0,7
4497,2015-07,0,7
4497,2015-10,1,7
4497,2016-02,0,7
4497,2016-06,0,7
4497,2016-10,0,7
4497,2017-02,0,7
4497,2017-06,0,7
4497,2017-10,0,7
4498,2015-04,0,7
4498,2015-07,0,7
4498,2015-10,1,7
4498,2016-02,0,7
4498,2016-06,0,7
4498,2016-10,1,7
4498,2017-02,0,7
4498,2017-06,0,7
4498,2017-10,0,7
4499,2015-04,0,7
4499,2015-07,0,7
4499,2015-10,1,7
4499,2016-02,0,7
4499,2016-06,0,7
4499,2016-10,0,7
4499,2017-02,0,7
4499,2017-06,0,7
4499,2017-10,0,7
4500,2015-04,0,7
4500,2015-07,0,7
4500,2015-10,1,7
4500,2016-02,0,7
4500,2016-06,0,7
4500,2016-10,1,7
4500,2017-02,0,7
4500,2017-06,0,7
4500,2017-10,0,7
4501,2015-04,0,7
4501,2015-07,0,7
4501,2015-10,1,7
4501,2016-02,0,7
4501,2016-06,1,7
4501,2016-10,0,7
4501,2017-02,0,7
4501,2017-06,0,7
4501,2017-10,0,7
4502,2015-04,0,7
4502,2015-07,0,7
4502,2015-10,1,7
4502,2016-02,0,7
4502,2016-06,1,7
4502,2016-10,0,7
4502,2017-02,0,7
4502,2017-06,0,7
4502,2017-10,0,7
4503,2015-04,0,7
4503,2015-07,0,7
4503,2015-10,1,7
4503,2016-02,0,7
4503,2016-06,1,7
4503,2016-10,0,7
4503,2017-02,0,7
4503,2017-06,0,7
4503,2017-10,0,7
4504,2015-04,0,7
4504,2015-07,0,7
4504,2015-10,1,7
4504,2016-02,0,7
4504,2016-06,0,7
4504,2016-10,0,7
4504,2017-02,0,7
4504,2017-06,0,7
4504,2017-10,0,7
4505,2015-04,0,7
4505,2015-07,0,7
4505,2015-10,1,7
4505,2016-02,0,7
4505,2016-06,1,7
4505,2016-10,0,7
4505,2017-02,0,7
4505,2017-06,0,7
4505,2017-10,0,7
4506,2015-04,0,7
4506,2015-07,0,7
4506,2015-10,0,7
4506,2016-02,0,7
4506,2016-06,0,7
4506,2016-10,0,7
4506,2017-02,0,7
4506,2017-06,0,7
4506,2017-10,0,7
4507,2015-04,0,7
4507,2015-07,0,7
4507,2015-10,0,7
4507,2016-02,0,7
4507,2016-06,1,7
4507,2016-10,0,7
4507,2017-02,0,7
4507,2017-06,0,7
4507,2017-10,0,7
4508,2015-04,0,7
4508,2015-07,0,7
4508,2015-10,0,7
4508,2016-02,0,7
4508,2016-06,0,7
4508,2016-10,1,7
4508,2017-02,0,7
4508,2017-06,0,7
4508,2017-10,0,7
4509,2015-04,0,7
4509,2015-07,0,7
4509,2015-10,0,7
4509,2016-02,0,7
4509,2016-06,0,7
4509,2016-10,0,7
4509,2017-02,0,7
4509,2017-06,0,7
4509,2017-10,0,7
4510,2015-04,0,7
4510,2015-07,0,7
4510,2015-10,0,7
4510,2016-02,0,7
4510,2016-06,0,7
4510,2016-10,0,7
4510,2017-02,0,7
4510,2017-06,0,7
4510,2017-10,0,7
4511,2015-04,0,7
4511,2015-07,0,7
4511,2015-10,0,7
4511,2016-02,0,7
4511,2016-06,0,7
4512,2015-04,0,7
4512,2015-07,0,7
4512,2015-10,0,7
4512,2016-02,0,7
4512,2016-06,0,7
4512,2016-10,0,7
4512,2017-02,0,7
4512,2017-06,0,7
4512,2017-10,0,7
4513,2015-04,0,7
4513,2015-07,0,7
4513,2015-10,0,7
4513,2016-02,0,7
4513,2016-06,0,7
4513,2016-10,0,7
4513,2017-02,0,7
4513,2017-06,0,7
4513,2017-10,0,7
4514,2015-04,0,7
4514,2015-07,0,7
4514,2015-10,0,7
4514,2016-02,0,7
4514,2016-06,0,7
4514,2016-10,0,7
4514,2017-02,0,7
4514,2017-06,0,7
4514,2017-10,0,7
4515,2015-04,0,7
4515,2015-07,0,7
4515,2015-10,0,7
4515,2016-02,0,7
4515,2016-06,0,7
4515,2016-10,0,7
4515,2017-02,0,7
4515,2017-06,0,7
4515,2017-10,0,7
4516,2015-04,0,7
4516,2015-07,0,7
4516,2015-10,0,7
4516,2016-02,0,7
4516,2016-06,0,7
4516,2016-10,0,7
4516,2017-02,0,7
4516,2017-06,0,7
4516,2017-10,0,7
4517,2015-04,0,7
4517,2015-07,0,7
4517,2015-10,0,7
4517,2016-02,0,7
4517,2016-06,0,7
4517,2016-10,0,7
4517,2017-02,0,7
4517,2017-06,0,7
4517,2017-10,0,7
4518,2015-04,0,7
4518,2015-07,0,7
4518,2015-10,0,7
4518,2016-02,0,7
4518,2016-06,0,7
4518,2016-10,0,7
4518,2017-02,0,7
4518,2017-06,0,7
4518,2017-10,0,7
4519,2015-04,0,7
4519,2015-07,0,7
4519,2015-10,0,7
4519,2016-02,0,7
4519,2016-06,0,7
4519,2016-10,0,7
4519,2017-02,0,7
4519,2017-06,0,7
4519,2017-10,0,7
4520,2015-04,0,7
4520,2015-07,0,7
4520,2015-10,0,7
4520,2016-02,0,7
4520,2016-06,0,7
4520,2016-10,0,7
4520,2017-02,0,7
4520,2017-06,0,7
4520,2017-10,0,7
4521,2015-04,0,7
4521,2015-07,0,7
4521,2015-10,0,7
4521,2016-02,0,7
4521,2016-06,0,7
4521,2016-10,0,7
4521,2017-02,0,7
4521,2017-06,0,7
4521,2017-10,0,7
4522,2015-04,0,7
4522,2015-07,0,7
4522,2015-10,0,7
4522,2016-02,0,7
4522,2016-06,0,7
4522,2016-10,1,7
4522,2017-02,0,7
4522,2017-06,0,7
4522,2017-10,0,7
4523,2015-04,0,7
4523,2015-07,0,7
4523,2015-10,1,7
4523,2016-02,0,7
4523,2016-06,0,7
4523,2016-10,1,7
4523,2017-02,0,7
4523,2017-06,0,7
4523,2017-10,0,7
4524,2015-04,0,7
4524,2015-07,0,7
4524,2015-10,0,7
4524,2016-02,0,7
4524,2016-06,0,7
4524,2016-10,0,7
4524,2017-02,0,7
4524,2017-06,0,7
4524,2017-10,0,7
4525,2015-04,0,7
4525,2015-07,0,7
4525,2015-10,0,7
4525,2016-02,0,7
4525,2016-06,1,7
4525,2016-10,0,7
4525,2017-02,0,7
4525,2017-06,0,7
4525,2017-10,0,7
4526,2015-04,0,7
4526,2015-07,0,7
4526,2015-10,0,7
4526,2016-02,0,7
4526,2016-06,0,7
4526,2016-10,0,7
4526,2017-02,0,7
4526,2017-06,0,7
4526,2017-10,0,7
4527,2015-04,0,7
4527,2015-07,0,7
4527,2015-10,0,7
4527,2016-02,0,7
4527,2016-06,0,7
4527,2016-10,0,7
4527,2017-02,0,7
4527,2017-06,0,7
4527,2017-10,0,7
4528,2015-04,0,7
4528,2015-07,0,7
4528,2015-10,0,7
4528,2016-02,0,7
4528,2016-06,0,7
4528,2016-10,0,7
4528,2017-02,0,7
4528,2017-06,0,7
4528,2017-10,0,7
4529,2015-04,0,7
4529,2015-07,0,7
4529,2015-10,0,7
4529,2016-02,0,7
4529,2016-06,0,7
4529,2016-10,0,7
4529,2017-02,0,7
4529,2017-06,0,7
4529,2017-10,0,7
4530,2015-04,0,7
4530,2015-07,0,7
4530,2015-10,0,7
4530,2016-02,0,7
4530,2016-06,0,7
4530,2016-10,0,7
4530,2017-02,0,7
4530,2017-06,0,7
4530,2017-10,0,7
4531,2015-04,0,7
4531,2015-07,0,7
4531,2015-10,0,7
4531,2016-02,0,7
4531,2016-06,0,7
4531,2016-10,0,7
4531,2017-02,0,7
4531,2017-06,0,7
4531,2017-10,0,7
4532,2015-04,0,7
4532,2015-07,0,7
4532,2015-10,0,7
4532,2016-02,0,7
4532,2016-06,0,7
4532,2016-10,1,7
4532,2017-02,0,7
4532,2017-06,0,7
4532,2017-10,0,7
4533,2015-04,0,7
4533,2015-07,0,7
4533,2015-10,0,7
4533,2016-02,0,7
4533,2016-06,0,7
4533,2016-10,1,7
4533,2017-02,0,7
4533,2017-06,0,7
4533,2017-10,0,7
4534,2015-04,0,7
4534,2015-07,0,7
4534,2015-10,0,7
4534,2016-02,0,7
4534,2016-06,0,7
4534,2016-10,1,7
4534,2017-02,0,7
4534,2017-06,0,7
4534,2017-10,0,7
4535,2015-04,0,7
4535,2015-07,0,7
4535,2015-10,0,7
4535,2016-02,0,7
4535,2016-06,0,7
4535,2016-10,1,7
4535,2017-02,0,7
4535,2017-06,0,7
4535,2017-10,0,7
4536,2015-04,0,7
4536,2015-07,0,7
4536,2015-10,0,7
4536,2016-02,0,7
4536,2016-06,0,7
4536,2016-10,1,7
4536,2017-02,0,7
4536,2017-06,0,7
4536,2017-10,0,7
4537,2015-04,0,7
4537,2015-07,0,7
4537,2015-10,0,7
4537,2016-02,0,7
4537,2016-06,0,7
4537,2016-10,0,7
4537,2017-02,0,7
4537,2017-06,0,7
4537,2017-10,0,7
4538,2015-04,0,7
4538,2015-07,0,7
4538,2015-10,0,7
4538,2016-02,0,7
4538,2016-06,0,7
4538,2016-10,1,7
4538,2017-02,0,7
4538,2017-06,0,7
4538,2017-10,0,7
4539,2015-04,0,7
4539,2015-07,0,7
4539,2015-10,0,7
4539,2016-02,0,7
4539,2016-06,0,7
4539,2016-10,1,7
4539,2017-02,0,7
4539,2017-06,0,7
4539,2017-10,0,7
4540,2015-04,0,7
4540,2015-07,0,7
4540,2015-10,1,7
4540,2016-02,0,7
4540,2016-06,1,7
4540,2016-10,0,7
4540,2017-02,0,7
4540,2017-06,0,7
4540,2017-10,0,7
4541,2015-04,0,7
4541,2015-07,0,7
4541,2015-10,0,7
4541,2016-02,0,7
4541,2016-06,0,7
4541,2016-10,0,7
4541,2017-02,0,7
4541,2017-06,0,7
4541,2017-10,0,7
4542,2015-04,0,7
4542,2015-07,0,7
4542,2015-10,1,7
4542,2016-02,0,7
4542,2016-06,1,7
4542,2016-10,0,7
4542,2017-02,0,7
4542,2017-06,0,7
4542,2017-10,0,7
4543,2015-04,0,7
4543,2015-07,0,7
4543,2015-10,0,7
4543,2016-02,0,7
4543,2016-06,0,7
4544,2015-04,0,7
4544,2015-07,0,7
4544,2015-10,0,7
4544,2016-02,0,7
4544,2016-06,0,7
4544,2016-10,0,7
4544,2017-02,0,7
4544,2017-06,0,7
4544,2017-10,0,7
4545,2015-04,0,7
4545,2015-07,0,7
4545,2015-10,0,7
4545,2016-02,0,7
4545,2016-06,0,7
4545,2016-10,1,7
4545,2017-02,0,7
4545,2017-06,0,7
4545,2017-10,0,7
4546,2015-04,0,7
4546,2015-07,0,7
4546,2015-10,0,7
4546,2016-02,0,7
4546,2016-06,0,7
4546,2016-10,1,7
4546,2017-02,0,7
4546,2017-06,0,7
4546,2017-10,0,7
4547,2015-04,0,7
4547,2015-07,0,7
4547,2015-10,0,7
4547,2016-02,0,7
4547,2016-06,0,7
4547,2016-10,0,7
4547,2017-02,0,7
4547,2017-06,0,7
4547,2017-10,0,7
4548,2015-04,0,7
4548,2015-07,0,7
4548,2015-10,0,7
4548,2016-02,0,7
4548,2016-06,0,7
4548,2016-10,1,7
4548,2017-02,0,7
4548,2017-06,0,7
4548,2017-10,0,7
4549,2015-04,0,7
4549,2015-07,0,7
4549,2015-10,0,7
4549,2016-02,0,7
4549,2016-06,0,7
4549,2016-10,0,7
4549,2017-02,0,7
4549,2017-06,0,7
4549,2017-10,0,7
4550,2015-04,0,7
4550,2015-07,0,7
4550,2015-10,1,7
4550,2016-02,0,7
4550,2016-06,1,7
4550,2016-10,0,7
4550,2017-02,0,7
4550,2017-06,0,7
4550,2017-10,0,7
4551,2015-04,0,7
4551,2015-07,0,7
4551,2015-10,0,7
4551,2016-02,0,7
4551,2016-06,0,7
4551,2016-10,1,7
4551,2017-02,0,7
4551,2017-06,0,7
4551,2017-10,0,7
4552,2015-04,0,7
4552,2015-07,0,7
4552,2015-10,0,7
4552,2016-02,0,7
4552,2016-06,0,7
4552,2016-10,1,7
4552,2017-02,0,7
4552,2017-06,0,7
4552,2017-10,0,7
4553,2015-04,0,7
4553,2015-07,0,7
4553,2015-10,0,7
4553,2016-02,0,7
4553,2016-06,0,7
4553,2016-10,1,7
4553,2017-02,0,7
4553,2017-06,0,7
4553,2017-10,0,7
4554,2015-04,0,7
4554,2015-07,0,7
4554,2015-10,0,7
4554,2016-02,0,7
4554,2016-06,0,7
4554,2016-10,0,7
4554,2017-02,0,7
4554,2017-06,0,7
4554,2017-10,0,7
4555,2015-04,0,7
4555,2015-07,0,7
4555,2015-10,0,7
4555,2016-02,0,7
4555,2016-06,0,7
4555,2016-10,0,7
4555,2017-02,0,7
4555,2017-06,0,7
4555,2017-10,0,7
4556,2015-04,0,7
4556,2015-07,0,7
4556,2015-10,0,7
4556,2016-02,0,7
4556,2016-06,0,7
4556,2016-10,0,7
4556,2017-02,0,7
4556,2017-06,0,7
4556,2017-10,0,7
4557,2015-04,0,7
4557,2015-07,0,7
4557,2015-10,0,7
4557,2016-02,0,7
4557,2016-06,0,7
4557,2016-10,0,7
4557,2017-02,0,7
4557,2017-06,0,7
4557,2017-10,0,7
4558,2015-04,0,7
4558,2015-07,0,7
4558,2015-10,1,7
4558,2016-02,0,7
4558,2016-06,1,7
4558,2016-10,0,7
4558,2017-02,0,7
4558,2017-06,0,7
4558,2017-10,0,7
4559,2015-04,0,7
4559,2015-07,0,7
4559,2015-10,0,7
4559,2016-02,0,7
4559,2016-06,0,7
4559,2016-10,0,7
4559,2017-02,0,7
4559,2017-06,0,7
4559,2017-10,0,7
4560,2015-04,0,7
4560,2015-07,0,7
4560,2015-10,0,7
4560,2016-02,0,7
4560,2016-06,0,7
4560,2016-10,0,7
4560,2017-02,0,7
4560,2017-06,0,7
4560,2017-10,0,7
4561,2015-04,0,7
4561,2015-07,0,7
4561,2015-10,0,7
4561,2016-02,0,7
4561,2016-06,0,7
4562,2015-04,0,7
4562,2015-07,0,7
4562,2015-10,0,7
4562,2016-02,0,7
4562,2016-06,0,7
4562,2016-10,1,7
4562,2017-02,0,7
4562,2017-06,0,7
4562,2017-10,0,7
4563,2015-04,0,7
4563,2015-07,0,7
4563,2015-10,0,7
4563,2016-02,0,7
4563,2016-06,0,7
4563,2016-10,1,7
4563,2017-02,0,7
4563,2017-06,0,7
4563,2017-10,0,7
4564,2015-04,0,7
4564,2015-07,0,7
4564,2015-10,0,7
4564,2016-02,0,7
4564,2016-06,0,7
4564,2016-10,0,7
4564,2017-02,0,7
4564,2017-06,0,7
4564,2017-10,0,7
4565,2015-04,0,7
4565,2015-07,0,7
4565,2015-10,0,7
4565,2016-02,0,7
4565,2016-06,0,7
4565,2016-10,0,7
4565,2017-02,0,7
4565,2017-06,0,7
4565,2017-10,0,7
4566,2015-04,0,0
4566,2015-07,1,0
4566,2015-10,1,0
4566,2016-02,1,0
4566,2016-06,1,0
4566,2016-10,1,0
4566,2017-06,1,0
4566,2017-10,1,0
4567,2015-04,0,0
4567,2015-07,1,0
4567,2015-10,1,0
4567,2016-02,1,0
4567,2016-06,1,0
4567,2016-10,1,0
4567,2017-06,1,0
4567,2017-10,1,0
4568,2015-04,0,0
4568,2015-07,0,0
4568,2015-10,0,0
4568,2016-02,0,0
4568,2016-06,0,0
4568,2016-10,0,0
4568,2017-06,0,0
4568,2017-10,0,0
4569,2015-04,0,0
4569,2015-07,0,0
4569,2015-10,0,0
4569,2016-02,0,0
4569,2016-06,0,0
4569,2016-10,0,0
4569,2017-06,1,0
4569,2017-10,1,0
4570,2015-04,1,1
4570,2015-07,1,1
4570,2015-10,1,1
4570,2016-02,1,1
4570,2016-06,1,1
4570,2016-10,1,1
4570,2017-06,1,1
4570,2017-10,1,1
4571,2015-04,1,1
4571,2015-07,1,1
4571,2015-10,1,1
4571,2016-02,1,1
4571,2016-06,1,1
4571,2016-10,1,1
4571,2017-06,1,1
4571,2017-10,1,1
4572,2015-04,1,1
4572,2015-07,1,1
4572,2015-10,1,1
4572,2016-02,1,1
4572,2016-06,1,1
4572,2016-10,1,1
4572,2017-06,1,1
4572,2017-10,1,1
4573,2015-04,0,0
4573,2015-07,0,0
4573,2015-10,0,0
4573,2016-02,0,0
4573,2016-06,0,0
4573,2016-10,0,0
4573,2017-06,0,0
4573,2017-10,0,0
4574,2015-04,0,0
4574,2015-07,0,0
4574,2015-10,0,0
4574,2016-02,0,0
4574,2016-06,0,0
4574,2016-10,0,0
4574,2017-06,1,0
4574,2017-10,1,0
4575,2015-04,1,1
4575,2015-07,1,1
4575,2015-10,1,1
4575,2016-02,1,1
4575,2016-06,1,1
4575,2016-10,1,1
4575,2017-06,1,1
4575,2017-10,1,1
4576,2015-04,0,0
4576,2015-07,1,0
4576,2015-10,1,0
4576,2016-02,1,0
4576,2016-06,1,0
4576,2016-10,1,0
4576,2017-06,1,0
4576,2017-10,1,0
4577,2015-04,0,0
4577,2015-07,0,0
4577,2015-10,0,0
4577,2016-02,0,0
4577,2016-06,0,0
4577,2016-10,0,0
4577,2017-06,0,0
4577,2017-10,0,0
4578,2015-04,0,0
4578,2015-07,0,0
4578,2015-10,0,0
4578,2016-02,0,0
4578,2016-06,0,0
4578,2016-10,0,0
4578,2017-06,1,0
4578,2017-10,1,0
4579,2015-04,1,1
4579,2015-07,1,1
4579,2015-10,1,1
4579,2016-02,1,1
4579,2016-06,1,1
4579,2016-10,1,1
4579,2017-06,1,1
4579,2017-10,1,1
4580,2015-04,0,0
4580,2015-07,1,0
4580,2015-10,1,0
4580,2016-02,1,0
4580,2016-06,1,0
4580,2016-10,1,0
4580,2017-06,1,0
4580,2017-10,1,0
4581,2015-04,0,0
4581,2015-07,1,0
4581,2015-10,1,0
4581,2016-02,1,0
4581,2016-06,1,0
4581,2016-10,1,0
4581,2017-06,1,0
4581,2017-10,1,0
4582,2015-04,0,0
4582,2015-07,1,0
4582,2015-10,1,0
4582,2016-02,1,0
4582,2016-06,1,0
4582,2016-10,1,0
4582,2017-06,1,0
4582,2017-10,1,0
4583,2015-04,1,1
4583,2015-07,1,1
4583,2015-10,1,1
4583,2016-02,1,1
4583,2016-06,1,1
4583,2016-10,1,1
4583,2017-06,1,1
4583,2017-10,1,1
4584,2015-04,1,1
4584,2015-07,1,1
4584,2015-10,1,1
4584,2016-02,1,1
4584,2016-06,1,1
4584,2016-10,1,1
4584,2017-06,1,1
4584,2017-10,1,1
4585,2015-04,1,1
4585,2015-07,1,1
4585,2015-10,1,1
4585,2016-02,1,1
4585,2016-06,1,1
4585,2016-10,1,1
4585,2017-06,1,1
4585,2017-10,1,1
4586,2015-04,1,1
4586,2015-07,1,1
4586,2015-10,1,1
4586,2016-02,1,1
4586,2016-06,1,1
4586,2016-10,1,1
4586,2017-06,1,1
4586,2017-10,1,1
4587,2015-04,1,1
4587,2015-07,1,1
4587,2015-10,1,1
4587,2016-02,1,1
4587,2016-06,1,1
4587,2016-10,1,1
4587,2017-06,1,1
4587,2017-10,1,1
4588,2015-04,1,1
4588,2015-07,1,1
4588,2015-10,1,1
4588,2016-02,1,1
4588,2016-06,1,1
4588,2016-10,1,1
4588,2017-06,1,1
4588,2017-10,1,1
4589,2015-04,1,1
4589,2015-07,1,1
4589,2015-10,1,1
4589,2016-02,1,1
4589,2016-06,1,1
4589,2016-10,1,1
4589,2017-06,1,1
4589,2017-10,1,1
4590,2015-04,1,1
4590,2015-07,1,1
4590,2015-10,1,1
4590,2016-02,1,1
4590,2016-06,1,1
4590,2016-10,1,1
4590,2017-06,1,1
4590,2017-10,1,1
4591,2015-04,0,0
4591,2015-07,0,0
4591,2015-10,0,0
4591,2016-02,0,0
4591,2016-06,0,0
4591,2016-10,0,0
4591,2017-06,0,0
4591,2017-10,0,0
4592,2015-04,1,1
4592,2015-07,1,1
4592,2015-10,1,1
4592,2016-02,1,1
4592,2016-06,1,1
4592,2016-10,1,1
4592,2017-06,1,1
4592,2017-10,1,1
4593,2015-04,1,1
4593,2015-07,1,1
4593,2015-10,1,1
4593,2016-02,1,1
4593,2016-06,1,1
4593,2016-10,1,1
4593,2017-06,1,1
4593,2017-10,1,1
4594,2015-04,1,1
4594,2015-07,1,1
4594,2015-10,1,1
4594,2016-02,1,1
4594,2016-06,1,1
4594,2016-10,1,1
4594,2017-06,1,1
4594,2017-10,1,1
4595,2015-04,1,1
4595,2015-07,1,1
4595,2015-10,1,1
4595,2016-02,1,1
4595,2016-06,1,1
4595,2016-10,1,1
4595,2017-06,1,1
4595,2017-10,1,1
4596,2015-04,1,1
4596,2015-07,1,1
4596,2015-10,1,1
4596,2016-02,1,1
4596,2016-06,1,1
4596,2016-10,1,1
4596,2017-06,1,1
4596,2017-10,1,1
4597,2015-04,1,1
4597,2015-07,1,1
4597,2015-10,1,1
4597,2016-02,1,1
4597,2016-06,1,1
4597,2016-10,1,1
4597,2017-06,1,1
4597,2017-10,1,1
4598,2015-04,1,1
4598,2015-07,1,1
4598,2015-10,1,1
4598,2016-02,1,1
4598,2016-06,1,1
4598,2016-10,1,1
4598,2017-06,1,1
4598,2017-10,1,1
4599,2015-04,1,0
4599,2015-07,1,0
4599,2015-10,1,0
4599,2016-02,1,0
4599,2016-06,1,0
4599,2016-10,1,0
4599,2017-06,1,0
4599,2017-10,1,0
4600,2015-04,0,0
4600,2015-07,0,0
4600,2015-10,0,0
4600,2016-02,1,0
4600,2016-06,0,0
4600,2016-10,0,0
4600,2017-06,1,0
4600,2017-10,1,0
4601,2015-04,1,1
4601,2015-07,1,1
4601,2015-10,1,1
4601,2016-02,1,1
4601,2016-06,1,1
4601,2016-10,1,1
4601,2017-06,1,1
4601,2017-10,1,1
4602,2015-04,1,1
4602,2015-07,1,1
4602,2015-10,1,1
4602,2016-02,1,1
4602,2016-06,1,1
4602,2016-10,1,1
4602,2017-06,1,1
4602,2017-10,1,1
4603,2015-04,1,0
4603,2015-07,1,0
4603,2015-10,1,0
4603,2016-02,1,0
4603,2016-06,1,0
4603,2016-10,1,0
4603,2017-06,1,0
4603,2017-10,1,0
4604,2015-04,1,1
4604,2015-07,1,1
4604,2015-10,1,1
4604,2016-02,1,1
4604,2016-06,1,1
4604,2016-10,1,1
4604,2017-06,1,1
4604,2017-10,1,1
4605,2015-04,0,-1
4605,2015-07,0,-1
4605,2015-10,0,-1
4605,2016-02,1,-1
4606,2015-04,0,0
4606,2015-07,1,0
4606,2015-10,1,0
4606,2016-02,1,0
4606,2016-06,1,0
4606,2016-10,1,0
4606,2017-06,1,0
4606,2017-10,1,0
4607,2015-04,0,0
4607,2015-07,0,0
4607,2015-10,0,0
4607,2016-02,0,0
4607,2016-06,0,0
4607,2016-10,0,0
4607,2017-06,0,0
4607,2017-10,0,0
4608,2015-04,0,0
4608,2015-07,0,0
4608,2015-10,0,0
4608,2016-02,0,0
4608,2016-06,0,0
4608,2016-10,0,0
4608,2017-06,1,0
4608,2017-10,1,0
4609,2015-04,1,1
4609,2015-07,1,1
4609,2015-10,1,1
4609,2016-02,1,1
4609,2016-06,1,1
4609,2016-10,1,1
4609,2017-06,1,1
4609,2017-10,1,1
4610,2015-04,1,1
4610,2015-07,1,1
4610,2015-10,1,1
4610,2016-02,1,1
4610,2016-06,1,1
4610,2016-10,1,1
4610,2017-06,1,1
4610,2017-10,1,1
4611,2015-04,1,0
4611,2015-07,1,0
4611,2015-10,1,0
4611,2016-02,1,0
4611,2016-06,1,0
4611,2016-10,1,0
4611,2017-06,1,0
4611,2017-10,1,0
4612,2015-04,0,0
4612,2015-07,1,0
4612,2015-10,1,0
4612,2016-02,1,0
4612,2016-06,1,0
4612,2016-10,1,0
4612,2017-06,1,0
4612,2017-10,1,0
4613,2015-04,0,0
4613,2015-07,1,0
4613,2015-10,1,0
4613,2016-02,1,0
4613,2016-06,1,0
4613,2016-10,1,0
4613,2017-06,1,0
4613,2017-10,1,0
4614,2015-04,1,1
4614,2015-07,1,1
4614,2015-10,1,1
4614,2016-02,1,1
4614,2016-06,1,1
4614,2016-10,1,1
4614,2017-06,1,1
4614,2017-10,1,1
4615,2015-04,1,1
4615,2015-07,1,1
4615,2015-10,1,1
4615,2016-02,1,1
4615,2016-06,1,1
4615,2016-10,1,1
4615,2017-06,1,1
4615,2017-10,1,1
4616,2015-04,1,1
4616,2015-07,1,1
4616,2015-10,1,1
4616,2016-02,1,1
4616,2016-06,1,1
4616,2016-10,1,1
4616,2017-06,1,1
4616,2017-10,1,1
4617,2015-04,1,1
4617,2015-07,1,1
4617,2015-10,1,1
4617,2016-02,1,1
4617,2016-06,1,1
4617,2016-10,1,1
4617,2017-06,1,1
4617,2017-10,1,1
4618,2015-04,1,1
4618,2015-07,1,1
4618,2015-10,1,1
4618,2016-02,1,1
4618,2016-06,1,1
4618,2016-10,1,1
4618,2017-06,1,1
4618,2017-10,1,1
4619,2015-04,1,1
4619,2015-07,1,1
4619,2015-10,1,1
4619,2016-02,1,1
4619,2016-06,1,1
4619,2016-10,1,1
4619,2017-06,1,1
4619,2017-10,1,1
4620,2015-04,1,1
4620,2015-07,1,1
4620,2015-10,1,1
4620,2016-02,1,1
4620,2016-06,1,1
4620,2016-10,1,1
4620,2017-06,1,1
4620,2017-10,1,1
4621,2015-04,1,1
4621,2015-07,1,1
4621,2015-10,1,1
4621,2016-02,1,1
4621,2016-06,1,1
4621,2016-10,1,1
4621,2017-06,1,1
4621,2017-10,1,1
4622,2015-04,1,1
4622,2015-07,1,1
4622,2015-10,1,1
4622,2016-02,1,1
4622,2016-06,1,1
4622,2016-10,1,1
4622,2017-06,1,1
4622,2017-10,1,1
4623,2015-04,1,1
4623,2015-07,1,1
4623,2015-10,1,1
4623,2016-02,1,1
4623,2016-06,1,1
4623,2016-10,1,1
4623,2017-06,1,1
4623,2017-10,1,1
4624,2015-04,1,0
4624,2015-07,1,0
4624,2015-10,1,0
4624,2016-02,1,0
4624,2016-06,1,0
4624,2016-10,1,0
4624,2017-06,1,0
4624,2017-10,1,0
4625,2015-04,1,1
4625,2015-07,1,1
4625,2015-10,1,1
4625,2016-02,1,1
4625,2016-06,1,1
4625,2016-10,1,1
4625,2017-06,1,1
4625,2017-10,1,1
4626,2015-04,1,0
4626,2015-07,1,0
4626,2015-10,1,0
4626,2016-02,1,0
4626,2016-06,1,0
4626,2016-10,1,0
4626,2017-06,1,0
4626,2017-10,1,0
4627,2015-04,1,1
4627,2015-07,1,1
4627,2015-10,1,1
4627,2016-02,1,1
4627,2016-06,1,1
4627,2016-10,1,1
4627,2017-06,1,1
4627,2017-10,1,1
4628,2015-04,1,0
4628,2015-07,1,0
4628,2015-10,1,0
4628,2016-02,1,0
4628,2016-06,1,0
4628,2016-10,1,0
4628,2017-06,1,0
4628,2017-10,1,0
4629,2015-04,1,1
4629,2015-07,1,1
4629,2015-10,1,1
4629,2016-02,1,1
4629,2016-06,1,1
4629,2016-10,1,1
4629,2017-06,1,1
4629,2017-10,1,1
4630,2015-04,1,1
4630,2015-07,1,1
4630,2015-10,1,1
4630,2016-02,1,1
4630,2016-06,1,1
4630,2016-10,1,1
4630,2017-06,1,1
4630,2017-10,1,1
4631,2015-04,1,1
4631,2015-07,1,1
4631,2015-10,1,1
4631,2016-02,1,1
4631,2016-06,1,1
4631,2016-10,1,1
4631,2017-06,1,1
4631,2017-10,1,1
4632,2015-04,1,1
4632,2015-07,1,1
4632,2015-10,1,1
4632,2016-02,1,1
4632,2016-06,1,1
4632,2016-10,1,1
4632,2017-06,1,1
4632,2017-10,1,1
4633,2015-04,1,1
4633,2015-07,1,1
4633,2015-10,1,1
4633,2016-02,1,1
4633,2016-06,1,1
4633,2016-10,1,1
4633,2017-06,1,1
4633,2017-10,1,1
4634,2015-04,1,1
4634,2015-07,1,1
4634,2015-10,1,1
4634,2016-02,1,1
4634,2016-06,1,1
4634,2016-10,1,1
4634,2017-06,1,1
4634,2017-10,1,1
4635,2015-04,1,1
4635,2015-07,1,1
4635,2015-10,1,1
4635,2016-02,1,1
4635,2016-06,1,1
4635,2016-10,1,1
4635,2017-06,1,1
4635,2017-10,1,1
4636,2015-04,1,1
4636,2015-07,1,1
4636,2015-10,1,1
4636,2016-02,1,1
4636,2016-06,1,1
4636,2016-10,1,1
4636,2017-06,1,1
4636,2017-10,1,1
4637,2015-04,0,0
4637,2015-07,1,0
4637,2015-10,1,0
4637,2016-02,1,0
4637,2016-06,1,0
4637,2016-10,1,0
4637,2017-06,1,0
4637,2017-10,1,0
4638,2015-04,1,1
4638,2015-07,1,1
4638,2015-10,1,1
4638,2016-02,1,1
4638,2016-06,1,1
4638,2016-10,1,1
4638,2017-06,1,1
4638,2017-10,1,1
4639,2015-04,1,1
4639,2015-07,1,1
4639,2015-10,1,1
4639,2016-02,1,1
4639,2016-06,1,1
4639,2016-10,1,1
4639,2017-06,1,1
4639,2017-10,1,1
4640,2015-04,1,1
4640,2015-07,1,1
4640,2015-10,1,1
4640,2016-02,1,1
4640,2016-06,1,1
4640,2016-10,1,1
4640,2017-06,1,1
4640,2017-10,1,1
4641,2015-04,1,1
4641,2015-07,1,1
4641,2015-10,1,1
4641,2016-02,1,1
4641,2016-06,1,1
4641,2016-10,1,1
4641,2017-06,1,1
4641,2017-10,1,1
4642,2015-04,1,1
4642,2015-07,1,1
4642,2015-10,1,1
4642,2016-02,1,1
4642,2016-06,1,1
4642,2016-10,1,1
4642,2017-06,1,1
4642,2017-10,1,1
4643,2015-04,1,1
4643,2015-07,1,1
4643,2015-10,1,1
4643,2016-02,1,1
4643,2016-06,1,1
4643,2016-10,1,1
4643,2017-06,1,1
4643,2017-10,1,1
4644,2015-04,1,1
4644,2015-07,1,1
4644,2015-10,1,1
4644,2016-02,1,1
4644,2016-06,1,1
4644,2016-10,1,1
4644,2017-06,1,1
4644,2017-10,1,1
4645,2015-04,1,1
4645,2015-07,1,1
4645,2015-10,1,1
4645,2016-02,1,1
4645,2016-06,1,1
4645,2016-10,1,1
4645,2017-06,1,1
4645,2017-10,1,1
4646,2015-04,1,1
4646,2015-07,1,1
4646,2015-10,1,1
4646,2016-02,1,1
4646,2016-06,1,1
4646,2016-10,1,1
4646,2017-06,1,1
4646,2017-10,1,1
4647,2015-04,1,0
4647,2015-07,1,0
4647,2015-10,1,0
4647,2016-02,1,0
4647,2016-06,1,0
4647,2016-10,1,0
4647,2017-06,1,0
4647,2017-10,1,0
4648,2015-04,1,1
4648,2015-07,1,1
4648,2015-10,1,1
4648,2016-02,1,1
4648,2016-06,1,1
4648,2016-10,1,1
4648,2017-06,1,1
4648,2017-10,1,1
4649,2015-04,1,1
4649,2015-07,1,1
4649,2015-10,1,1
4649,2016-02,1,1
4649,2016-06,1,1
4649,2016-10,1,1
4649,2017-06,1,1
4649,2017-10,1,1
4650,2015-04,1,1
4650,2015-07,1,1
4650,2015-10,1,1
4650,2016-02,1,1
4650,2016-06,1,1
4650,2016-10,1,1
4650,2017-06,1,1
4650,2017-10,1,1
4651,2015-04,1,1
4651,2015-07,1,1
4651,2015-10,1,1
4651,2016-02,1,1
4651,2016-06,1,1
4651,2016-10,1,1
4651,2017-06,1,1
4651,2017-10,1,1
4652,2015-04,1,1
4652,2015-07,1,1
4652,2015-10,1,1
4652,2016-02,1,1
4652,2016-06,1,1
4652,2016-10,1,1
4652,2017-06,1,1
4652,2017-10,1,1
4653,2015-04,1,1
4653,2015-07,1,1
4653,2015-10,1,1
4653,2016-02,1,1
4653,2016-06,1,1
4653,2016-10,1,1
4653,2017-06,1,1
4653,2017-10,1,1
4654,2015-04,1,1
4654,2015-07,1,1
4654,2015-10,1,1
4654,2016-02,1,1
4654,2016-06,1,1
4654,2016-10,1,1
4654,2017-06,1,1
4654,2017-10,1,1
4655,2015-04,1,1
4655,2015-07,1,1
4655,2015-10,1,1
4655,2016-02,1,1
4655,2016-06,1,1
4655,2016-10,1,1
4655,2017-06,1,1
4655,2017-10,1,1
4656,2015-04,1,1
4656,2015-07,1,1
4656,2015-10,1,1
4656,2016-02,1,1
4656,2016-06,1,1
4656,2016-10,1,1
4656,2017-06,1,1
4656,2017-10,1,1
4657,2015-04,0,0
4657,2015-07,1,0
4657,2015-10,1,0
4657,2016-02,1,0
4657,2016-06,1,0
4657,2016-10,1,0
4657,2017-06,1,0
4657,2017-10,1,0
4658,2015-04,0,0
4658,2015-07,1,0
4658,2015-10,1,0
4658,2016-02,1,0
4658,2016-06,1,0
4658,2016-10,1,0
4658,2017-06,1,0
4658,2017-10,1,0
4659,2015-04,0,0
4659,2015-07,1,0
4659,2015-10,1,0
4659,2016-02,1,0
4659,2016-06,1,0
4659,2016-10,1,0
4659,2017-06,1,0
4659,2017-10,1,0
4660,2015-04,0,0
4660,2015-07,1,0
4660,2015-10,1,0
4660,2016-02,1,0
4660,2016-06,1,0
4660,2016-10,1,0
4660,2017-06,1,0
4660,2017-10,1,0
4661,2015-04,1,1
4661,2015-07,1,1
4661,2015-10,1,1
4661,2016-02,1,1
4661,2016-06,1,1
4661,2016-10,1,1
4661,2017-06,1,1
4661,2017-10,1,1
4662,2015-04,1,1
4662,2015-07,1,1
4662,2015-10,1,1
4662,2016-02,1,1
4662,2016-06,1,1
4662,2016-10,1,1
4662,2017-06,1,1
4662,2017-10,1,1
4663,2015-04,0,0
4663,2015-07,1,0
4663,2015-10,1,0
4663,2016-02,1,0
4663,2016-06,1,0
4663,2016-10,1,0
4663,2017-06,1,0
4663,2017-10,1,0
4664,2015-04,1,0
4664,2015-07,1,0
4664,2015-10,1,0
4664,2016-02,1,0
4664,2016-06,1,0
4664,2016-10,1,0
4664,2017-06,1,0
4664,2017-10,1,0
4665,2015-04,0,0
4665,2015-07,1,0
4665,2015-10,1,0
4665,2016-02,1,0
4665,2016-06,1,0
4665,2016-10,1,0
4665,2017-06,1,0
4665,2017-10,1,0
4666,2015-04,1,1
4666,2015-07,1,1
4666,2015-10,1,1
4666,2016-02,1,1
4666,2016-06,1,1
4666,2016-10,1,1
4666,2017-06,1,1
4666,2017-10,1,1
4667,2015-04,0,0
4667,2015-07,1,0
4667,2015-10,1,0
4667,2016-02,1,0
4667,2016-06,1,0
4667,2016-10,1,0
4667,2017-06,1,0
4667,2017-10,1,0
4668,2015-04,0,0
4668,2015-07,1,0
4668,2015-10,1,0
4668,2016-02,1,0
4668,2016-06,1,0
4668,2016-10,1,0
4668,2017-06,1,0
4668,2017-10,1,0
4669,2015-04,0,0
4669,2015-07,1,0
4669,2015-10,1,0
4669,2016-02,1,0
4669,2016-06,1,0
4669,2016-10,1,0
4669,2017-06,1,0
4669,2017-10,1,0
4670,2015-04,1,0
4670,2015-07,1,0
4670,2015-10,1,0
4670,2016-02,1,0
4670,2016-06,1,0
4670,2016-10,1,0
4670,2017-06,1,0
4670,2017-10,1,0
4671,2015-04,0,1
4671,2015-07,1,1
4671,2015-10,1,1
4671,2016-02,1,1
4671,2016-06,1,1
4671,2016-10,1,1
4671,2017-06,1,1
4671,2017-10,1,1
4672,2015-04,1,1
4672,2015-07,1,1
4672,2015-10,1,1
4672,2016-02,1,1
4672,2016-06,1,1
4672,2016-10,1,1
4672,2017-06,1,1
4672,2017-10,1,1
4673,2015-04,0,0
4673,2015-07,1,0
4673,2015-10,1,0
4673,2016-02,1,0
4673,2016-06,1,0
4673,2016-10,1,0
4673,2017-06,1,0
4673,2017-10,1,0
4674,2015-04,1,1
4674,2015-07,1,1
4674,2015-10,1,1
4674,2016-02,1,1
4674,2016-06,1,1
4674,2016-10,1,1
4674,2017-06,1,1
4674,2017-10,1,1
4675,2015-04,1,1
4675,2015-07,1,1
4675,2015-10,1,1
4675,2016-02,1,1
4675,2016-06,1,1
4675,2016-10,1,1
4675,2017-06,1,1
4675,2017-10,1,1
4676,2015-04,1,1
4676,2015-07,1,1
4676,2015-10,1,1
4676,2016-02,1,1
4676,2016-06,1,1
4676,2016-10,1,1
4676,2017-06,1,1
4676,2017-10,1,1
4677,2015-04,1,1
4677,2015-07,1,1
4677,2015-10,1,1
4677,2016-02,1,1
4677,2016-06,1,1
4677,2016-10,1,1
4677,2017-06,1,1
4677,2017-10,1,1
4678,2015-04,1,1
4678,2015-07,1,1
4678,2015-10,1,1
4678,2016-02,1,1
4678,2016-06,1,1
4678,2016-10,1,1
4678,2017-06,1,1
4678,2017-10,1,1
4679,2015-04,1,1
4679,2015-07,1,1
4679,2015-10,1,1
4679,2016-02,1,1
4679,2016-06,1,1
4679,2016-10,1,1
4679,2017-06,1,1
4679,2017-10,1,1
4680,2015-04,1,1
4680,2015-07,1,1
4680,2015-10,1,1
4680,2016-02,1,1
4680,2016-06,1,1
4680,2016-10,1,1
4680,2017-06,1,1
4680,2017-10,1,1
4681,2015-04,1,1
4681,2015-07,1,1
4681,2015-10,1,1
4681,2016-02,1,1
4681,2016-06,1,1
4681,2016-10,1,1
4681,2017-06,1,1
4681,2017-10,1,1
4682,2015-04,1,1
4682,2015-07,1,1
4682,2015-10,1,1
4682,2016-02,1,1
4682,2016-06,1,1
4682,2016-10,1,1
4682,2017-06,1,1
4682,2017-10,1,1
4683,2015-04,1,1
4683,2015-07,1,1
4683,2015-10,1,1
4683,2016-02,1,1
4683,2016-06,1,1
4683,2016-10,1,1
4683,2017-06,1,1
4683,2017-10,1,1
4684,2015-04,1,1
4684,2015-07,1,1
4684,2015-10,1,1
4684,2016-02,1,1
4684,2016-06,1,1
4684,2016-10,1,1
4684,2017-06,1,1
4684,2017-10,1,1
4685,2015-04,1,1
4685,2015-07,1,1
4685,2015-10,1,1
4685,2016-02,1,1
4685,2016-06,1,1
4685,2016-10,1,1
4685,2017-06,1,1
4685,2017-10,1,1
4686,2015-04,1,1
4686,2015-07,1,1
4686,2015-10,1,1
4686,2016-02,1,1
4686,2016-06,1,1
4686,2016-10,1,1
4686,2017-06,1,1
4686,2017-10,1,1
4687,2015-04,1,1
4687,2015-07,1,1
4687,2015-10,1,1
4687,2016-02,1,1
4687,2016-06,1,1
4687,2016-10,1,1
4687,2017-06,1,1
4687,2017-10,1,1
4688,2015-04,1,1
4688,2015-07,1,1
4688,2015-10,1,1
4688,2016-02,1,1
4688,2016-06,1,1
4688,2016-10,1,1
4688,2017-06,1,1
4688,2017-10,1,1
4689,2015-04,1,1
4689,2015-07,1,1
4689,2015-10,1,1
4689,2016-02,1,1
4689,2016-06,1,1
4689,2016-10,1,1
4689,2017-06,1,1
4689,2017-10,1,1
4690,2015-04,1,1
4690,2015-07,1,1
4690,2015-10,1,1
4690,2016-02,1,1
4690,2016-06,1,1
4690,2016-10,1,1
4690,2017-06,1,1
4690,2017-10,1,1
4691,2015-04,1,1
4691,2015-07,1,1
4691,2015-10,1,1
4691,2016-02,1,1
4691,2016-06,1,1
4691,2016-10,1,1
4691,2017-06,1,1
4691,2017-10,1,1
4692,2015-04,1,1
4692,2015-07,1,1
4692,2015-10,1,1
4692,2016-02,1,1
4692,2016-06,1,1
4692,2016-10,1,1
4692,2017-06,1,1
4692,2017-10,1,1
4693,2015-04,1,1
4693,2015-07,1,1
4693,2015-10,1,1
4693,2016-02,1,1
4693,2016-06,1,1
4693,2016-10,1,1
4693,2017-06,1,1
4693,2017-10,1,1
4694,2015-04,1,1
4694,2015-07,1,1
4694,2015-10,1,1
4694,2016-02,1,1
4694,2016-06,1,1
4694,2016-10,1,1
4694,2017-06,1,1
4694,2017-10,1,1
4695,2015-04,1,1
4695,2015-07,1,1
4695,2015-10,1,1
4695,2016-02,1,1
4695,2016-06,1,1
4695,2016-10,1,1
4695,2017-06,1,1
4695,2017-10,1,1
4696,2015-04,1,1
4696,2015-07,1,1
4696,2015-10,1,1
4696,2016-02,1,1
4696,2016-06,1,1
4696,2016-10,1,1
4696,2017-06,1,1
4696,2017-10,1,1
4697,2015-04,1,1
4697,2015-07,1,1
4697,2015-10,1,1
4697,2016-02,1,1
4697,2016-06,1,1
4697,2016-10,1,1
4697,2017-06,1,1
4697,2017-10,1,1
4698,2015-04,1,1
4698,2015-07,1,1
4698,2015-10,1,1
4698,2016-02,1,1
4698,2016-06,1,1
4698,2016-10,1,1
4698,2017-06,1,1
4698,2017-10,1,1
4699,2015-04,1,0
4699,2015-07,1,0
4699,2015-10,1,0
4699,2016-02,1,0
4699,2016-06,1,0
4699,2016-10,1,0
4699,2017-06,1,0
4699,2017-10,1,0
4700,2015-04,1,1
4700,2015-07,1,1
4700,2015-10,1,1
4700,2016-02,1,1
4700,2016-06,1,1
4700,2016-10,1,1
4700,2017-06,1,1
4700,2017-10,1,1
4701,2015-04,1,1
4701,2015-07,1,1
4701,2015-10,1,1
4701,2016-02,1,1
4701,2016-06,1,1
4701,2016-10,1,1
4701,2017-06,1,1
4701,2017-10,1,1
4702,2015-04,1,1
4702,2015-07,1,1
4702,2015-10,1,1
4702,2016-02,1,1
4702,2016-06,1,1
4702,2016-10,1,1
4702,2017-06,1,1
4702,2017-10,1,1
4703,2015-04,0,0
4703,2015-07,1,0
4703,2015-10,1,0
4703,2016-02,1,0
4703,2016-06,1,0
4703,2016-10,1,0
4703,2017-06,1,0
4703,2017-10,1,0
4704,2015-04,1,1
4704,2015-07,1,1
4704,2015-10,1,1
4704,2016-02,1,1
4704,2016-06,1,1
4704,2016-10,1,1
4704,2017-06,1,1
4704,2017-10,1,1
4705,2015-04,1,1
4705,2015-07,1,1
4705,2015-10,1,1
4705,2016-02,1,1
4705,2016-06,1,1
4705,2016-10,1,1
4705,2017-06,1,1
4705,2017-10,1,1
4706,2015-04,1,1
4706,2015-07,1,1
4706,2015-10,1,1
4706,2016-02,1,1
4706,2016-06,1,1
4706,2016-10,1,1
4706,2017-06,1,1
4706,2017-10,1,1
4707,2015-04,1,1
4707,2015-07,1,1
4707,2015-10,1,1
4707,2016-02,1,1
4707,2016-06,1,1
4707,2016-10,1,1
4707,2017-06,1,1
4707,2017-10,1,1
4708,2015-04,1,1
4708,2015-07,1,1
4708,2015-10,1,1
4708,2016-02,1,1
4708,2016-06,1,1
4708,2016-10,1,1
4708,2017-06,1,1
4708,2017-10,1,1
4709,2015-04,1,1
4709,2015-07,1,1
4709,2015-10,1,1
4709,2016-02,1,1
4709,2016-06,1,1
4709,2016-10,1,1
4709,2017-06,1,1
4709,2017-10,1,1
4710,2015-04,1,1
4710,2015-07,1,1
4710,2015-10,1,1
4710,2016-02,1,1
4710,2016-06,1,1
4710,2016-10,1,1
4710,2017-06,1,1
4710,2017-10,1,1
4711,2015-04,0,-1
4711,2015-07,0,-1
4711,2015-10,0,-1
4711,2016-02,0,-1
4711,2016-06,0,-1
4711,2016-10,0,-1
4711,2017-02,0,-1
4711,2017-06,0,-1
4711,2017-10,0,-1
4712,2015-04,0,-1
4712,2015-07,0,-1
4712,2015-10,0,-1
4712,2016-02,1,-1
4712,2016-06,0,-1
4712,2016-10,0,-1
4712,2017-02,1,-1
4712,2017-06,0,-1
4712,2017-10,0,-1
4713,2015-04,0,-1
4713,2015-07,0,-1
4713,2015-10,0,-1
4713,2016-02,0,-1
4713,2016-06,0,-1
4713,2016-10,0,-1
4713,2017-02,0,-1
4713,2017-06,0,-1
4713,2017-10,0,-1
4714,2015-04,0,-1
4714,2015-07,0,-1
4714,2015-10,0,-1
4714,2016-02,0,-1
4714,2016-06,0,-1
4714,2016-10,0,-1
4714,2017-02,0,-1
4714,2017-06,0,-1
4714,2017-10,0,-1
4715,2015-04,0,-1
4715,2015-07,0,-1
4715,2015-10,0,-1
4715,2016-02,0,-1
4715,2016-06,0,-1
4715,2016-10,0,-1
4715,2017-02,0,-1
4715,2017-06,0,-1
4715,2017-10,0,-1
4716,2015-04,0,-1
4716,2015-07,0,-1
4716,2015-10,0,-1
4716,2016-02,1,-1
4716,2016-06,0,-1
4716,2016-10,0,-1
4716,2017-02,1,-1
4716,2017-06,0,-1
4716,2017-10,1,-1
4717,2015-04,0,-1
4717,2015-07,0,-1
4717,2015-10,0,-1
4717,2016-02,0,-1
4717,2016-06,0,-1
4717,2016-10,0,-1
4717,2017-02,0,-1
4717,2017-06,0,-1
4717,2017-10,0,-1
4718,2015-04,0,-1
4718,2015-07,0,-1
4718,2015-10,0,-1
4718,2016-02,0,-1
4718,2016-06,0,-1
4718,2016-10,0,-1
4718,2017-02,0,-1
4718,2017-06,0,-1
4718,2017-10,0,-1
4719,2015-04,0,-1
4719,2015-07,0,-1
4719,2015-10,0,-1
4719,2016-02,0,-1
4719,2016-06,0,-1
4719,2016-10,0,-1
4719,2017-02,0,-1
4719,2017-06,0,-1
4719,2017-10,0,-1
4720,2015-04,0,-1
4720,2015-07,0,-1
4720,2015-10,0,-1
4720,2016-02,0,-1
4720,2016-06,0,-1
4720,2016-10,0,-1
4720,2017-02,0,-1
4720,2017-06,0,-1
4720,2017-10,0,-1
4721,2015-04,0,-1
4721,2015-07,0,-1
4721,2015-10,0,-1
4721,2016-02,0,-1
4721,2016-06,0,-1
4721,2016-10,0,-1
4721,2017-02,0,-1
4721,2017-06,1,-1
4721,2017-10,0,-1
4722,2015-04,0,-1
4722,2015-07,0,-1
4722,2015-10,0,-1
4722,2016-02,0,-1
4722,2016-06,0,-1
4722,2016-10,0,-1
4722,2017-02,0,-1
4722,2017-06,0,-1
4722,2017-10,0,-1
4723,2015-04,0,-1
4723,2015-07,0,-1
4723,2015-10,0,-1
4723,2016-02,0,-1
4723,2016-06,0,-1
4723,2016-10,0,-1
4723,2017-02,0,-1
4723,2017-06,0,-1
4723,2017-10,0,-1
4724,2015-04,0,-1
4724,2015-07,0,-1
4724,2015-10,0,-1
4724,2016-02,0,-1
4724,2016-06,0,-1
4724,2016-10,0,-1
4724,2017-02,0,-1
4724,2017-06,0,-1
4724,2017-10,0,-1
4725,2015-04,0,-1
4725,2015-07,0,-1
4725,2015-10,0,-1
4725,2016-02,0,-1
4725,2016-06,0,-1
4725,2016-10,0,-1
4725,2017-02,0,-1
4725,2017-06,0,-1
4725,2017-10,0,-1
4726,2015-04,0,-1
4726,2015-07,0,-1
4726,2015-10,0,-1
4726,2016-02,0,-1
4726,2016-06,0,-1
4726,2016-10,0,-1
4726,2017-02,0,-1
4726,2017-06,0,-1
4726,2017-10,0,-1
4727,2015-04,0,-1
4727,2015-07,0,-1
4727,2015-10,0,-1
4727,2016-02,0,-1
4727,2016-06,0,-1
4727,2016-10,0,-1
4727,2017-02,0,-1
4727,2017-06,0,-1
4727,2017-10,0,-1
4728,2015-04,0,-1
4728,2015-07,0,-1
4728,2015-10,0,-1
4728,2016-02,0,-1
4728,2016-06,0,-1
4728,2016-10,0,-1
4728,2017-02,0,-1
4728,2017-06,0,-1
4728,2017-10,0,-1
4729,2015-04,0,-1
4729,2015-07,0,-1
4729,2015-10,0,-1
4729,2016-02,0,-1
4729,2016-06,0,-1
4729,2016-10,0,-1
4729,2017-02,0,-1
4729,2017-06,0,-1
4729,2017-10,0,-1
4730,2015-04,0,-1
4730,2015-07,0,-1
4730,2015-10,0,-1
4730,2016-02,0,-1
4730,2016-06,0,-1
4730,2016-10,0,-1
4730,2017-02,0,-1
4730,2017-06,0,-1
4730,2017-10,0,-1
4731,2015-04,0,-1
4731,2015-07,0,-1
4731,2015-10,0,-1
4731,2016-02,1,-1
4731,2016-06,0,-1
4731,2016-10,0,-1
4731,2017-02,1,-1
4731,2017-06,0,-1
4731,2017-10,0,-1
4732,2015-04,0,-1
4732,2015-07,0,-1
4732,2015-10,0,-1
4732,2016-02,0,-1
4732,2016-06,0,-1
4732,2016-10,0,-1
4732,2017-02,0,-1
4732,2017-06,0,-1
4732,2017-10,0,-1
4733,2015-04,0,-1
4733,2015-07,0,-1
4733,2015-10,0,-1
4733,2016-02,0,-1
4733,2016-06,0,-1
4733,2016-10,0,-1
4733,2017-02,1,-1
4733,2017-06,0,-1
4733,2017-10,0,-1
4734,2015-04,0,-1
4734,2015-07,0,-1
4734,2015-10,0,-1
4734,2016-02,0,-1
4734,2016-06,0,-1
4734,2016-10,0,-1
4734,2017-02,0,-1
4734,2017-06,0,-1
4734,2017-10,0,-1
4735,2015-04,0,-1
4735,2015-07,0,-1
4735,2015-10,0,-1
4735,2016-02,0,-1
4735,2016-06,0,-1
4735,2016-10,0,-1
4735,2017-02,0,-1
4735,2017-06,0,-1
4735,2017-10,0,-1
4736,2015-04,0,-1
4736,2015-07,0,-1
4736,2015-10,0,-1
4736,2016-02,1,-1
4736,2016-06,0,-1
4736,2016-10,0,-1
4736,2017-02,1,-1
4736,2017-06,1,-1
4736,2017-10,0,-1
4737,2015-04,0,-1
4737,2015-07,0,-1
4737,2015-10,0,-1
4737,2016-02,0,-1
4737,2016-06,0,-1
4737,2016-10,0,-1
4737,2017-02,0,-1
4737,2017-06,0,-1
4737,2017-10,0,-1
4738,2015-04,0,-1
4738,2015-07,0,-1
4738,2015-10,0,-1
4738,2016-02,0,-1
4738,2016-06,0,-1
4738,2016-10,0,-1
4738,2017-02,0,-1
4738,2017-06,0,-1
4738,2017-10,0,-1
4739,2015-04,0,-1
4739,2015-07,0,-1
4739,2015-10,0,-1
4739,2016-02,0,-1
4739,2016-06,0,-1
4739,2016-10,0,-1
4739,2017-02,0,-1
4739,2017-06,0,-1
4739,2017-10,0,-1
4740,2015-04,0,-1
4740,2015-07,0,-1
4740,2015-10,0,-1
4740,2016-02,0,-1
4740,2016-06,0,-1
4740,2016-10,0,-1
4740,2017-02,0,-1
4740,2017-06,0,-1
4740,2017-10,0,-1
4741,2015-04,0,-1
4741,2015-07,0,-1
4741,2015-10,0,-1
4741,2016-02,0,-1
4741,2016-06,0,-1
4741,2016-10,0,-1
4741,2017-02,0,-1
4741,2017-06,0,-1
4741,2017-10,0,-1
4742,2015-04,0,-1
4742,2015-07,0,-1
4742,2015-10,0,-1
4742,2016-02,0,-1
4742,2016-06,0,-1
4742,2016-10,0,-1
4742,2017-02,0,-1
4742,2017-06,0,-1
4742,2017-10,0,-1
4743,2015-04,0,-1
4743,2015-07,0,-1
4743,2015-10,0,-1
4743,2016-02,1,-1
4743,2016-06,0,-1
4743,2016-10,0,-1
4743,2017-02,1,-1
4743,2017-06,0,-1
4743,2017-10,0,-1
4744,2015-04,0,-1
4744,2015-07,0,-1
4744,2015-10,0,-1
4744,2016-02,0,-1
4744,2016-06,0,-1
4744,2016-10,0,-1
4744,2017-02,0,-1
4744,2017-06,0,-1
4744,2017-10,0,-1
4745,2015-04,0,-1
4745,2015-07,0,-1
4745,2015-10,0,-1
4745,2016-02,0,-1
4745,2016-06,0,-1
4745,2016-10,0,-1
4745,2017-02,0,-1
4745,2017-06,0,-1
4745,2017-10,0,-1
4746,2015-04,0,-1
4746,2015-07,0,-1
4746,2015-10,0,-1
4746,2016-02,0,-1
4746,2016-06,0,-1
4746,2016-10,0,-1
4746,2017-02,0,-1
4746,2017-06,0,-1
4746,2017-10,0,-1
4747,2015-04,0,-1
4747,2015-07,0,-1
4747,2015-10,0,-1
4747,2016-02,0,-1
4747,2016-06,0,-1
4747,2016-10,0,-1
4747,2017-02,0,-1
4747,2017-06,0,-1
4747,2017-10,0,-1
4748,2015-04,0,-1
4748,2015-07,0,-1
4748,2015-10,0,-1
4748,2016-02,0,-1
4748,2016-06,0,-1
4748,2016-10,0,-1
4748,2017-02,0,-1
4748,2017-06,0,-1
4748,2017-10,0,-1
4749,2015-04,0,-1
4749,2015-07,0,-1
4749,2015-10,0,-1
4749,2016-02,1,-1
4749,2016-06,0,-1
4749,2016-10,0,-1
4749,2017-02,1,-1
4749,2017-06,1,-1
4749,2017-10,0,-1
4750,2015-04,0,-1
4750,2015-07,0,-1
4750,2015-10,0,-1
4750,2016-02,1,-1
4750,2016-06,0,-1
4750,2016-10,0,-1
4750,2017-02,1,-1
4750,2017-06,1,-1
4750,2017-10,0,-1
4751,2015-04,0,-1
4751,2015-07,0,-1
4751,2015-10,0,-1
4751,2016-02,0,-1
4751,2016-06,0,-1
4751,2016-10,0,-1
4751,2017-02,0,-1
4751,2017-06,0,-1
4751,2017-10,0,-1
4752,2015-04,0,-1
4752,2015-07,0,-1
4752,2015-10,0,-1
4752,2016-02,0,-1
4752,2016-06,0,-1
4752,2016-10,0,-1
4752,2017-02,0,-1
4752,2017-06,1,-1
4752,2017-10,0,-1
4753,2015-04,0,-1
4753,2015-07,0,-1
4753,2015-10,0,-1
4753,2016-02,0,-1
4753,2016-06,0,-1
4753,2016-10,0,-1
4753,2017-02,0,-1
4753,2017-06,0,-1
4753,2017-10,0,-1
4754,2015-04,0,-1
4754,2015-07,0,-1
4754,2015-10,0,-1
4754,2016-02,0,-1
4754,2016-06,0,-1
4754,2016-10,0,-1
4754,2017-02,0,-1
4754,2017-06,0,-1
4754,2017-10,0,-1
4755,2015-04,0,-1
4755,2015-07,0,-1
4755,2015-10,0,-1
4755,2016-02,0,-1
4755,2016-06,0,-1
4755,2016-10,0,-1
4755,2017-02,0,-1
4755,2017-06,0,-1
4755,2017-10,0,-1
4756,2015-04,0,-1
4756,2015-07,0,-1
4756,2015-10,0,-1
4756,2016-02,0,-1
4756,2016-06,0,-1
4756,2016-10,0,-1
4756,2017-02,0,-1
4756,2017-06,0,-1
4756,2017-10,0,-1
4757,2015-04,0,-1
4757,2015-07,0,-1
4757,2015-10,0,-1
4757,2016-02,0,-1
4757,2016-06,0,-1
4757,2016-10,0,-1
4757,2017-02,0,-1
4757,2017-06,0,-1
4757,2017-10,0,-1
4758,2015-04,0,-1
4758,2015-07,0,-1
4758,2015-10,0,-1
4758,2016-02,0,-1
4758,2016-06,0,-1
4758,2016-10,0,-1
4758,2017-02,0,-1
4758,2017-06,0,-1
4758,2017-10,0,-1
4759,2015-04,0,-1
4759,2015-07,0,-1
4759,2015-10,0,-1
4759,2016-02,0,-1
4759,2016-06,0,-1
4759,2016-10,0,-1
4759,2017-02,0,-1
4759,2017-06,0,-1
4759,2017-10,0,-1
4760,2015-04,0,-1
4760,2015-07,0,-1
4760,2015-10,0,-1
4760,2016-02,0,-1
4760,2016-06,0,-1
4760,2016-10,0,-1
4760,2017-02,0,-1
4760,2017-06,0,-1
4760,2017-10,0,-1
4761,2015-04,0,-1
4761,2015-07,0,-1
4761,2015-10,0,-1
4761,2016-02,0,-1
4761,2016-06,0,-1
4761,2016-10,0,-1
4761,2017-02,0,-1
4761,2017-06,0,-1
4761,2017-10,0,-1
4762,2015-04,0,-1
4762,2015-07,0,-1
4762,2015-10,0,-1
4762,2016-02,0,-1
4762,2016-06,0,-1
4762,2016-10,0,-1
4762,2017-02,0,-1
4762,2017-06,0,-1
4762,2017-10,0,-1
4763,2015-04,0,-1
4763,2015-07,0,-1
4763,2015-10,0,-1
4763,2016-02,0,-1
4763,2016-06,0,-1
4763,2016-10,0,-1
4763,2017-02,0,-1
4763,2017-06,0,-1
4763,2017-10,0,-1
4764,2015-04,0,-1
4764,2015-07,0,-1
4764,2015-10,0,-1
4764,2016-02,0,-1
4764,2016-06,0,-1
4764,2016-10,0,-1
4764,2017-02,0,-1
4764,2017-06,0,-1
4764,2017-10,0,-1
4765,2015-04,0,-1
4765,2015-07,0,-1
4765,2015-10,0,-1
4765,2016-02,0,-1
4765,2016-06,0,-1
4765,2016-10,0,-1
4765,2017-02,0,-1
4765,2017-06,0,-1
4765,2017-10,0,-1
4766,2015-04,0,-1
4766,2015-07,0,-1
4766,2015-10,0,-1
4766,2016-02,0,-1
4766,2016-06,0,-1
4766,2016-10,0,-1
4766,2017-02,0,-1
4766,2017-06,0,-1
4766,2017-10,0,-1
4767,2015-04,0,-1
4767,2015-07,0,-1
4767,2015-10,0,-1
4767,2016-02,0,-1
4767,2016-06,0,-1
4767,2016-10,0,-1
4767,2017-02,0,-1
4767,2017-06,0,-1
4767,2017-10,0,-1
4768,2015-04,0,-1
4768,2015-07,0,-1
4768,2015-10,0,-1
4768,2016-02,0,-1
4768,2016-06,0,-1
4768,2016-10,0,-1
4768,2017-02,0,-1
4768,2017-06,0,-1
4768,2017-10,0,-1
4769,2015-04,0,-1
4769,2015-07,0,-1
4769,2015-10,0,-1
4769,2016-02,0,-1
4769,2016-06,0,-1
4769,2016-10,0,-1
4769,2017-02,0,-1
4769,2017-06,0,-1
4769,2017-10,0,-1
4770,2015-04,0,-1
4770,2015-07,0,-1
4770,2015-10,0,-1
4770,2016-02,0,-1
4770,2016-06,0,-1
4770,2016-10,0,-1
4770,2017-02,0,-1
4770,2017-06,0,-1
4770,2017-10,0,-1
4771,2015-04,0,-1
4771,2015-07,0,-1
4771,2015-10,0,-1
4771,2016-02,0,-1
4771,2016-06,0,-1
4771,2016-10,0,-1
4771,2017-02,0,-1
4771,2017-06,0,-1
4771,2017-10,0,-1
4772,2015-04,0,-1
4772,2015-07,0,-1
4772,2015-10,0,-1
4772,2016-02,0,-1
4772,2016-06,0,-1
4772,2016-10,0,-1
4772,2017-02,0,-1
4772,2017-06,0,-1
4772,2017-10,0,-1
4773,2015-04,0,-1
4773,2015-07,0,-1
4773,2015-10,0,-1
4773,2016-02,1,-1
4773,2016-06,0,-1
4773,2016-10,0,-1
4773,2017-02,1,-1
4773,2017-06,0,-1
4773,2017-10,1,-1
4774,2015-04,0,-1
4774,2015-07,0,-1
4774,2015-10,0,-1
4774,2016-02,0,-1
4774,2016-06,0,-1
4774,2016-10,0,-1
4774,2017-02,0,-1
4774,2017-06,0,-1
4774,2017-10,0,-1
4775,2015-04,0,-1
4775,2015-07,0,-1
4775,2015-10,0,-1
4775,2016-02,0,-1
4775,2016-06,0,-1
4775,2016-10,0,-1
4775,2017-02,0,-1
4775,2017-06,0,-1
4775,2017-10,0,-1
4776,2015-04,0,-1
4776,2015-07,0,-1
4776,2015-10,0,-1
4776,2016-02,0,-1
4776,2016-06,0,-1
4776,2016-10,0,-1
4776,2017-02,0,-1
4776,2017-06,0,-1
4776,2017-10,0,-1
4777,2015-04,0,-1
4777,2015-07,0,-1
4777,2015-10,0,-1
4777,2016-02,0,-1
4777,2016-06,0,-1
4777,2016-10,0,-1
4777,2017-02,0,-1
4777,2017-06,0,-1
4777,2017-10,0,-1
4778,2015-04,0,-1
4778,2015-07,0,-1
4778,2015-10,0,-1
4778,2016-02,0,-1
4778,2016-06,0,-1
4778,2016-10,0,-1
4778,2017-02,0,-1
4778,2017-06,0,-1
4778,2017-10,0,-1
4779,2015-04,0,-1
4779,2015-07,0,-1
4779,2015-10,0,-1
4779,2016-02,0,-1
4779,2016-06,0,-1
4779,2016-10,0,-1
4779,2017-02,0,-1
4779,2017-06,0,-1
4779,2017-10,0,-1
4780,2015-04,0,-1
4780,2015-07,0,-1
4780,2015-10,0,-1
4780,2016-02,0,-1
4780,2016-06,0,-1
4780,2016-10,0,-1
4780,2017-02,0,-1
4780,2017-06,0,-1
4780,2017-10,0,-1
4781,2015-04,0,-1
4781,2015-07,0,-1
4781,2015-10,0,-1
4781,2016-02,0,-1
4781,2016-06,0,-1
4781,2016-10,0,-1
4781,2017-02,0,-1
4781,2017-06,0,-1
4781,2017-10,0,-1
4782,2015-04,0,-1
4782,2015-07,0,-1
4782,2015-10,0,-1
4782,2016-02,0,-1
4782,2016-06,0,-1
4782,2016-10,0,-1
4782,2017-02,0,-1
4782,2017-06,0,-1
4782,2017-10,0,-1
4783,2015-04,0,-1
4783,2015-07,0,-1
4783,2015-10,0,-1
4783,2016-02,0,-1
4783,2016-06,0,-1
4783,2016-10,0,-1
4783,2017-02,0,-1
4783,2017-06,0,-1
4783,2017-10,0,-1
4784,2015-04,0,-1
4784,2015-07,0,-1
4784,2015-10,0,-1
4784,2016-02,0,-1
4784,2016-06,0,-1
4784,2016-10,0,-1
4784,2017-02,0,-1
4784,2017-06,0,-1
4784,2017-10,0,-1
4785,2015-04,0,-1
4785,2015-07,0,-1
4785,2015-10,0,-1
4785,2016-02,0,-1
4785,2016-06,0,-1
4785,2016-10,0,-1
4785,2017-02,0,-1
4785,2017-06,0,-1
4785,2017-10,0,-1
4786,2015-04,0,-1
4786,2015-07,0,-1
4786,2015-10,0,-1
4786,2016-02,0,-1
4786,2016-06,0,-1
4786,2016-10,0,-1
4786,2017-02,0,-1
4786,2017-06,0,-1
4786,2017-10,0,-1
4787,2015-04,0,-1
4787,2015-07,0,-1
4787,2015-10,0,-1
4787,2016-02,0,-1
4787,2016-06,0,-1
4787,2016-10,0,-1
4787,2017-02,0,-1
4787,2017-06,1,-1
4787,2017-10,0,-1
4788,2015-04,0,-1
4788,2015-07,0,-1
4788,2015-10,0,-1
4788,2016-02,0,-1
4788,2016-06,0,-1
4788,2016-10,0,-1
4788,2017-02,0,-1
4788,2017-06,0,-1
4788,2017-10,0,-1
4789,2015-04,0,-1
4789,2015-07,0,-1
4789,2015-10,0,-1
4789,2016-02,1,-1
4789,2016-06,0,-1
4789,2016-10,0,-1
4789,2017-02,0,-1
4789,2017-06,0,-1
4789,2017-10,0,-1
4790,2015-04,0,-1
4790,2015-07,0,-1
4790,2015-10,0,-1
4790,2016-02,0,-1
4790,2016-06,0,-1
4790,2016-10,0,-1
4790,2017-02,0,-1
4790,2017-06,0,-1
4790,2017-10,0,-1
4791,2015-04,0,-1
4791,2015-07,0,-1
4791,2015-10,0,-1
4791,2016-02,1,-1
4791,2016-06,0,-1
4791,2016-10,0,-1
4791,2017-02,0,-1
4791,2017-06,0,-1
4791,2017-10,0,-1
4792,2015-04,0,-1
4792,2015-07,0,-1
4792,2015-10,0,-1
4792,2016-02,0,-1
4792,2016-06,0,-1
4792,2016-10,0,-1
4792,2017-02,0,-1
4792,2017-06,0,-1
4792,2017-10,0,-1
4793,2015-04,0,-1
4793,2015-07,0,-1
4793,2015-10,0,-1
4793,2016-02,0,-1
4793,2016-06,0,-1
4793,2016-10,0,-1
4793,2017-02,0,-1
4793,2017-06,1,-1
4793,2017-10,0,-1
4794,2015-04,0,-1
4794,2015-07,0,-1
4794,2015-10,0,-1
4794,2016-02,0,-1
4794,2016-06,0,-1
4794,2016-10,0,-1
4794,2017-02,0,-1
4794,2017-06,0,-1
4794,2017-10,0,-1
4795,2015-04,0,-1
4795,2015-07,0,-1
4795,2015-10,0,-1
4795,2016-02,1,-1
4795,2016-06,0,-1
4795,2016-10,0,-1
4795,2017-02,1,-1
4795,2017-06,0,-1
4795,2017-10,0,-1
4796,2015-04,0,-1
4796,2015-07,0,-1
4796,2015-10,0,-1
4796,2016-02,0,-1
4796,2016-06,0,-1
4796,2016-10,0,-1
4796,2017-02,0,-1
4796,2017-06,0,-1
4796,2017-10,0,-1
4797,2015-04,0,-1
4797,2015-07,0,-1
4797,2015-10,0,-1
4797,2016-02,1,-1
4797,2016-06,0,-1
4797,2016-10,0,-1
4797,2017-02,1,-1
4797,2017-06,0,-1
4797,2017-10,0,-1
4798,2015-04,0,-1
4798,2015-07,0,-1
4798,2015-10,0,-1
4798,2016-02,0,-1
4798,2016-06,0,-1
4798,2016-10,0,-1
4798,2017-02,0,-1
4798,2017-06,0,-1
4798,2017-10,0,-1
4799,2015-04,0,-1
4799,2015-07,0,-1
4799,2015-10,0,-1
4799,2016-02,1,-1
4799,2016-06,0,-1
4799,2016-10,0,-1
4799,2017-02,1,-1
4799,2017-06,1,-1
4799,2017-10,0,-1
4800,2015-04,0,-1
4800,2015-07,0,-1
4800,2015-10,0,-1
4800,2016-02,0,-1
4800,2016-06,0,-1
4800,2016-10,0,-1
4800,2017-02,0,-1
4800,2017-06,0,-1
4800,2017-10,0,-1
4801,2015-04,0,-1
4801,2015-07,0,-1
4801,2015-10,0,-1
4801,2016-02,0,-1
4801,2016-06,0,-1
4801,2016-10,0,-1
4801,2017-02,0,-1
4801,2017-06,1,-1
4801,2017-10,0,-1
4802,2015-04,0,-1
4802,2015-07,0,-1
4802,2015-10,0,-1
4802,2016-02,1,-1
4802,2016-06,0,-1
4802,2016-10,0,-1
4802,2017-02,1,-1
4802,2017-06,1,-1
4802,2017-10,0,-1
4803,2015-04,0,-1
4803,2015-07,0,-1
4803,2015-10,0,-1
4803,2016-02,0,-1
4803,2016-06,0,-1
4803,2016-10,0,-1
4803,2017-02,0,-1
4803,2017-06,0,-1
4803,2017-10,0,-1
4804,2015-04,0,-1
4804,2015-07,0,-1
4804,2015-10,0,-1
4804,2016-02,1,-1
4804,2016-06,0,-1
4804,2016-10,0,-1
4804,2017-02,1,-1
4804,2017-06,1,-1
4804,2017-10,0,-1
4805,2015-04,0,-1
4805,2015-07,0,-1
4805,2015-10,0,-1
4805,2016-02,0,-1
4805,2016-06,0,-1
4805,2016-10,0,-1
4805,2017-02,0,-1
4805,2017-06,0,-1
4805,2017-10,0,-1
4806,2015-04,0,-1
4806,2015-07,0,-1
4806,2015-10,0,-1
4806,2016-02,0,-1
4806,2016-06,0,-1
4806,2016-10,0,-1
4806,2017-02,1,-1
4806,2017-06,0,-1
4806,2017-10,0,-1
4807,2015-04,0,-1
4807,2015-07,0,-1
4807,2015-10,0,-1
4807,2016-02,0,-1
4807,2016-06,0,-1
4807,2016-10,0,-1
4807,2017-02,1,-1
4807,2017-06,0,-1
4807,2017-10,0,-1
4808,2015-04,0,-1
4808,2015-07,0,-1
4808,2015-10,0,-1
4808,2016-02,0,-1
4808,2016-06,0,-1
4808,2016-10,0,-1
4808,2017-02,0,-1
4808,2017-06,0,-1
4808,2017-10,0,-1
4809,2015-04,0,-1
4809,2015-07,0,-1
4809,2015-10,0,-1
4809,2016-02,1,-1
4809,2016-06,0,-1
4809,2016-10,0,-1
4809,2017-02,1,-1
4809,2017-06,1,-1
4809,2017-10,0,-1
4810,2015-04,0,-1
4810,2015-07,0,-1
4810,2015-10,0,-1
4810,2016-02,0,-1
4810,2016-06,0,-1
4810,2016-10,0,-1
4810,2017-02,1,-1
4810,2017-06,0,-1
4810,2017-10,0,-1
4811,2015-04,0,-1
4811,2015-07,0,-1
4811,2015-10,0,-1
4811,2016-02,0,-1
4811,2016-06,0,-1
4811,2016-10,0,-1
4811,2017-02,0,-1
4811,2017-06,0,-1
4811,2017-10,0,-1
4812,2015-04,0,-1
4812,2015-07,0,-1
4812,2015-10,0,-1
4812,2016-02,0,-1
4812,2016-06,0,-1
4812,2016-10,0,-1
4812,2017-02,0,-1
4812,2017-06,0,-1
4812,2017-10,0,-1
4813,2015-04,0,-1
4813,2015-07,0,-1
4813,2015-10,0,-1
4813,2016-02,0,-1
4813,2016-06,0,-1
4813,2016-10,0,-1
4813,2017-02,0,-1
4813,2017-06,0,-1
4813,2017-10,0,-1
4814,2015-04,0,-1
4814,2015-07,0,-1
4814,2015-10,0,-1
4814,2016-02,0,-1
4814,2016-06,0,-1
4814,2016-10,0,-1
4814,2017-02,0,-1
4814,2017-06,0,-1
4814,2017-10,0,-1
4815,2015-04,0,-1
4815,2015-07,0,-1
4815,2015-10,0,-1
4815,2016-02,0,-1
4815,2016-06,0,-1
4815,2016-10,0,-1
4815,2017-02,0,-1
4815,2017-06,0,-1
4815,2017-10,0,-1
4816,2015-04,0,-1
4816,2015-07,0,-1
4816,2015-10,0,-1
4816,2016-02,0,-1
4816,2016-06,0,-1
4816,2016-10,0,-1
4816,2017-02,0,-1
4816,2017-06,0,-1
4816,2017-10,0,-1
4817,2015-04,0,-1
4817,2015-07,0,-1
4817,2015-10,0,-1
4817,2016-02,0,-1
4817,2016-06,0,-1
4817,2016-10,0,-1
4817,2017-02,0,-1
4817,2017-06,0,-1
4817,2017-10,0,-1
4818,2015-04,0,-1
4818,2015-07,0,-1
4818,2015-10,0,-1
4818,2016-02,0,-1
4818,2016-06,0,-1
4818,2016-10,0,-1
4818,2017-02,0,-1
4818,2017-06,0,-1
4818,2017-10,0,-1
4819,2015-04,0,-1
4819,2015-07,0,-1
4819,2015-10,0,-1
4819,2016-02,0,-1
4819,2016-06,0,-1
4819,2016-10,0,-1
4819,2017-02,0,-1
4819,2017-06,0,-1
4819,2017-10,0,-1
4820,2015-04,0,-1
4820,2015-07,0,-1
4820,2015-10,0,-1
4820,2016-02,0,-1
4820,2016-06,0,-1
4820,2016-10,0,-1
4820,2017-02,0,-1
4820,2017-06,0,-1
4820,2017-10,0,-1
4821,2015-04,0,-1
4821,2015-07,0,-1
4821,2015-10,0,-1
4821,2016-02,0,-1
4821,2016-06,0,-1
4821,2016-10,0,-1
4821,2017-02,0,-1
4821,2017-06,0,-1
4821,2017-10,0,-1
4822,2015-04,0,-1
4822,2015-07,0,-1
4822,2015-10,0,-1
4822,2016-02,0,-1
4822,2016-06,0,-1
4822,2016-10,0,-1
4822,2017-02,0,-1
4822,2017-06,0,-1
4822,2017-10,0,-1
4823,2015-04,0,-1
4823,2015-07,0,-1
4823,2015-10,0,-1
4823,2016-02,0,-1
4823,2016-06,0,-1
4823,2016-10,0,-1
4823,2017-02,0,-1
4823,2017-06,0,-1
4823,2017-10,0,-1
4824,2015-04,0,-1
4824,2015-07,0,-1
4824,2015-10,0,-1
4824,2016-02,0,-1
4824,2016-06,0,-1
4824,2016-10,0,-1
4824,2017-02,0,-1
4824,2017-06,0,-1
4824,2017-10,0,-1
4825,2015-04,0,-1
4825,2015-07,0,-1
4825,2015-10,0,-1
4825,2016-02,0,-1
4825,2016-06,0,-1
4825,2016-10,0,-1
4825,2017-02,0,-1
4825,2017-06,0,-1
4825,2017-10,0,-1
4826,2015-04,0,-1
4826,2015-07,0,-1
4826,2015-10,0,-1
4826,2016-02,1,-1
4826,2016-06,0,-1
4826,2016-10,0,-1
4826,2017-02,0,-1
4826,2017-06,0,-1
4826,2017-10,0,-1
4827,2015-04,0,-1
4827,2015-07,0,-1
4827,2015-10,0,-1
4827,2016-02,0,-1
4827,2016-06,0,-1
4827,2016-10,0,-1
4827,2017-02,0,-1
4827,2017-06,0,-1
4827,2017-10,0,-1
4828,2015-04,0,-1
4828,2015-07,0,-1
4828,2015-10,0,-1
4828,2016-02,0,-1
4828,2016-06,0,-1
4828,2016-10,0,-1
4828,2017-02,0,-1
4828,2017-06,0,-1
4828,2017-10,0,-1
4829,2015-04,0,-1
4829,2015-07,0,-1
4829,2015-10,0,-1
4829,2016-02,0,-1
4829,2016-06,0,-1
4829,2016-10,0,-1
4829,2017-02,0,-1
4829,2017-06,0,-1
4829,2017-10,0,-1
4830,2015-04,0,-1
4830,2015-07,0,-1
4830,2015-10,0,-1
4830,2016-02,0,-1
4830,2016-06,0,-1
4830,2016-10,0,-1
4830,2017-02,0,-1
4830,2017-06,0,-1
4830,2017-10,0,-1
4831,2015-04,0,-1
4831,2015-07,0,-1
4831,2015-10,0,-1
4831,2016-02,0,-1
4831,2016-06,0,-1
4831,2016-10,0,-1
4831,2017-02,0,-1
4831,2017-06,0,-1
4831,2017-10,0,-1
4832,2015-04,0,-1
4832,2015-07,0,-1
4832,2015-10,0,-1
4832,2016-02,0,-1
4832,2016-06,0,-1
4832,2016-10,0,-1
4832,2017-02,0,-1
4832,2017-06,0,-1
4832,2017-10,0,-1
4833,2015-04,0,-1
4833,2015-07,0,-1
4833,2015-10,0,-1
4833,2016-02,0,-1
4833,2016-06,0,-1
4833,2016-10,0,-1
4833,2017-02,0,-1
4833,2017-06,0,-1
4833,2017-10,0,-1
4834,2015-04,0,-1
4834,2015-07,0,-1
4834,2015-10,0,-1
4834,2016-02,0,-1
4834,2016-06,0,-1
4834,2016-10,0,-1
4834,2017-02,0,-1
4834,2017-06,0,-1
4834,2017-10,0,-1
4835,2015-04,0,-1
4835,2015-07,0,-1
4835,2015-10,0,-1
4835,2016-02,1,-1
4835,2016-06,0,-1
4835,2016-10,0,-1
4835,2017-02,1,-1
4835,2017-06,0,-1
4835,2017-10,0,-1
4836,2015-04,0,-1
4836,2015-07,0,-1
4836,2015-10,0,-1
4836,2016-02,0,-1
4836,2016-06,0,-1
4836,2016-10,0,-1
4836,2017-02,1,-1
4836,2017-06,0,-1
4836,2017-10,0,-1
4837,2015-04,0,-1
4837,2015-07,0,-1
4837,2015-10,0,-1
4837,2016-02,0,-1
4837,2016-06,0,-1
4837,2016-10,0,-1
4837,2017-02,0,-1
4837,2017-06,0,-1
4837,2017-10,0,-1
4838,2015-04,0,-1
4838,2015-07,0,-1
4838,2015-10,0,-1
4838,2016-02,0,-1
4838,2016-06,0,-1
4838,2016-10,0,-1
4838,2017-02,0,-1
4838,2017-06,0,-1
4838,2017-10,0,-1
4839,2015-04,0,-1
4839,2015-07,0,-1
4839,2015-10,0,-1
4839,2016-02,0,-1
4839,2016-06,0,-1
4839,2016-10,0,-1
4839,2017-02,0,-1
4839,2017-06,0,-1
4839,2017-10,0,-1
4840,2015-04,0,-1
4840,2015-07,0,-1
4840,2015-10,0,-1
4840,2016-02,0,-1
4840,2016-06,0,-1
4840,2016-10,0,-1
4840,2017-02,0,-1
4840,2017-06,0,-1
4840,2017-10,0,-1
4841,2015-04,0,-1
4841,2015-07,0,-1
4841,2015-10,0,-1
4841,2016-02,0,-1
4841,2016-06,0,-1
4841,2016-10,0,-1
4841,2017-02,0,-1
4841,2017-06,0,-1
4841,2017-10,0,-1
4842,2015-04,0,-1
4842,2015-07,0,-1
4842,2015-10,0,-1
4842,2016-02,0,-1
4842,2016-06,0,-1
4842,2016-10,0,-1
4842,2017-02,1,-1
4842,2017-06,0,-1
4842,2017-10,0,-1
4843,2015-04,0,-1
4843,2015-07,0,-1
4843,2015-10,0,-1
4843,2016-02,1,-1
4843,2016-06,0,-1
4843,2016-10,0,-1
4843,2017-02,1,-1
4843,2017-06,1,-1
4843,2017-10,0,-1
4844,2015-04,0,-1
4844,2015-07,0,-1
4844,2015-10,0,-1
4844,2016-02,0,-1
4844,2016-06,0,-1
4844,2016-10,0,-1
4844,2017-02,0,-1
4844,2017-06,0,-1
4844,2017-10,0,-1
4845,2015-04,0,-1
4845,2015-07,0,-1
4845,2015-10,0,-1
4845,2016-02,0,-1
4845,2016-06,0,-1
4845,2016-10,0,-1
4845,2017-02,0,-1
4845,2017-06,0,-1
4845,2017-10,0,-1
4846,2015-04,0,-1
4846,2015-07,0,-1
4846,2015-10,0,-1
4846,2016-02,0,-1
4846,2016-06,0,-1
4846,2016-10,0,-1
4846,2017-02,0,-1
4846,2017-06,0,-1
4846,2017-10,0,-1
4847,2015-04,0,-1
4847,2015-07,0,-1
4847,2015-10,0,-1
4847,2016-02,0,-1
4847,2016-06,0,-1
4847,2016-10,0,-1
4847,2017-02,0,-1
4847,2017-06,0,-1
4847,2017-10,0,-1
4848,2015-04,0,-1
4848,2015-07,0,-1
4848,2015-10,0,-1
4848,2016-02,0,-1
4848,2016-06,0,-1
4848,2016-10,0,-1
4848,2017-02,0,-1
4848,2017-06,0,-1
4848,2017-10,0,-1
4849,2015-04,0,-1
4849,2015-07,0,-1
4849,2015-10,0,-1
4849,2016-02,0,-1
4849,2016-06,0,-1
4849,2016-10,0,-1
4849,2017-02,0,-1
4849,2017-06,0,-1
4849,2017-10,0,-1
4850,2015-04,0,-1
4850,2015-07,0,-1
4850,2015-10,0,-1
4850,2016-02,1,-1
4850,2016-06,0,-1
4850,2016-10,0,-1
4850,2017-02,1,-1
4850,2017-06,1,-1
4850,2017-10,0,-1
4851,2015-04,0,-1
4851,2015-07,0,-1
4851,2015-10,0,-1
4851,2016-02,0,-1
4851,2016-06,0,-1
4851,2016-10,0,-1
4851,2017-02,0,-1
4851,2017-06,0,-1
4851,2017-10,0,-1
4852,2015-04,0,-1
4852,2015-07,0,-1
4852,2015-10,0,-1
4852,2016-02,0,-1
4852,2016-06,0,-1
4852,2016-10,0,-1
4852,2017-02,0,-1
4852,2017-06,0,-1
4852,2017-10,0,-1
4853,2015-04,0,-1
4853,2015-07,0,-1
4853,2015-10,0,-1
4853,2016-02,0,-1
4853,2016-06,0,-1
4853,2016-10,0,-1
4853,2017-02,0,-1
4853,2017-06,0,-1
4853,2017-10,0,-1
4854,2015-04,0,-1
4854,2015-07,0,-1
4854,2015-10,0,-1
4854,2016-02,1,-1
4854,2016-06,0,-1
4854,2016-10,0,-1
4854,2017-02,1,-1
4854,2017-06,1,-1
4854,2017-10,0,-1
4855,2015-04,0,-1
4855,2015-07,0,-1
4855,2015-10,0,-1
4855,2016-02,0,-1
4855,2016-06,0,-1
4855,2016-10,0,-1
4855,2017-02,0,-1
4855,2017-06,0,-1
4855,2017-10,0,-1
4856,2015-04,0,-1
4856,2015-07,0,-1
4856,2015-10,0,-1
4856,2016-02,0,-1
4856,2016-06,0,-1
4856,2016-10,0,-1
4856,2017-02,0,-1
4856,2017-06,0,-1
4856,2017-10,0,-1
4857,2015-04,0,-1
4857,2015-07,0,-1
4857,2015-10,0,-1
4857,2016-02,0,-1
4857,2016-06,0,-1
4857,2016-10,0,-1
4857,2017-02,0,-1
4857,2017-06,1,-1
4857,2017-10,0,-1
4858,2015-04,0,-1
4858,2015-07,0,-1
4858,2015-10,0,-1
4858,2016-02,0,-1
4858,2016-06,0,-1
4858,2016-10,0,-1
4858,2017-02,0,-1
4858,2017-06,0,-1
4858,2017-10,0,-1
4859,2015-04,0,-1
4859,2015-07,0,-1
4859,2015-10,0,-1
4859,2016-02,1,-1
4859,2016-06,0,-1
4859,2016-10,0,-1
4859,2017-02,1,-1
4859,2017-06,1,-1
4859,2017-10,0,-1
4860,2015-04,0,-1
4860,2015-07,0,-1
4860,2015-10,0,-1
4860,2016-02,0,-1
4860,2016-06,0,-1
4860,2016-10,0,-1
4860,2017-02,0,-1
4860,2017-06,0,-1
4860,2017-10,0,-1
4861,2015-04,0,-1
4861,2015-07,0,-1
4861,2015-10,0,-1
4861,2016-02,1,-1
4861,2016-06,0,-1
4861,2016-10,0,-1
4861,2017-02,1,-1
4861,2017-06,1,-1
4861,2017-10,0,-1
4862,2015-04,0,-1
4862,2015-07,0,-1
4862,2015-10,0,-1
4862,2016-02,0,-1
4862,2016-06,0,-1
4862,2016-10,0,-1
4862,2017-02,0,-1
4862,2017-06,0,-1
4862,2017-10,0,-1
4863,2015-04,0,-1
4863,2015-07,0,-1
4863,2015-10,0,-1
4863,2016-02,1,-1
4863,2016-06,0,-1
4863,2016-10,0,-1
4863,2017-02,1,-1
4863,2017-06,1,-1
4863,2017-10,0,-1
4864,2015-04,0,-1
4864,2015-07,0,-1
4864,2015-10,0,-1
4864,2016-02,0,-1
4864,2016-06,0,-1
4864,2016-10,0,-1
4864,2017-02,0,-1
4864,2017-06,0,-1
4864,2017-10,0,-1
4865,2015-04,0,-1
4865,2015-07,0,-1
4865,2015-10,0,-1
4865,2016-02,0,-1
4865,2016-06,0,-1
4865,2016-10,0,-1
4865,2017-02,0,-1
4865,2017-06,0,-1
4865,2017-10,0,-1
4866,2015-04,0,-1
4866,2015-07,0,-1
4866,2015-10,0,-1
4866,2016-02,0,-1
4866,2016-06,0,-1
4866,2016-10,0,-1
4866,2017-02,0,-1
4866,2017-06,0,-1
4866,2017-10,0,-1
4867,2015-04,0,-1
4867,2015-07,0,-1
4867,2015-10,0,-1
4867,2016-02,1,-1
4867,2016-06,0,-1
4867,2016-10,0,-1
4867,2017-02,1,-1
4867,2017-06,1,-1
4867,2017-10,0,-1
4868,2015-04,0,-1
4868,2015-07,0,-1
4868,2015-10,0,-1
4868,2016-02,0,-1
4868,2016-06,0,-1
4868,2016-10,0,-1
4868,2017-02,0,-1
4868,2017-06,0,-1
4868,2017-10,0,-1
4869,2015-04,0,-1
4869,2015-07,0,-1
4869,2015-10,0,-1
4869,2016-02,0,-1
4869,2016-06,0,-1
4869,2016-10,0,-1
4869,2017-02,0,-1
4869,2017-06,0,-1
4869,2017-10,0,-1
4870,2015-04,0,-1
4870,2015-07,0,-1
4870,2015-10,0,-1
4870,2016-02,1,-1
4870,2016-06,0,-1
4870,2016-10,0,-1
4870,2017-02,0,-1
4870,2017-06,0,-1
4870,2017-10,0,-1
4871,2015-04,0,-1
4871,2015-07,0,-1
4871,2015-10,0,-1
4871,2016-02,1,-1
4871,2016-06,0,-1
4871,2016-10,0,-1
4871,2017-02,1,-1
4871,2017-06,1,-1
4871,2017-10,0,-1
4872,2015-04,0,-1
4872,2015-07,0,-1
4872,2015-10,0,-1
4872,2016-02,1,-1
4872,2016-06,0,-1
4872,2016-10,0,-1
4872,2017-02,1,-1
4872,2017-06,0,-1
4872,2017-10,0,-1
4873,2015-04,0,-1
4873,2015-07,0,-1
4873,2015-10,0,-1
4873,2016-02,0,-1
4873,2016-06,0,-1
4873,2016-10,0,-1
4873,2017-02,0,-1
4873,2017-06,0,-1
4873,2017-10,0,-1
4874,2015-04,0,-1
4874,2015-07,0,-1
4874,2015-10,0,-1
4874,2016-02,0,-1
4874,2016-06,0,-1
4874,2016-10,0,-1
4874,2017-02,0,-1
4874,2017-06,1,-1
4874,2017-10,0,-1
4875,2015-04,0,-1
4875,2015-07,0,-1
4875,2015-10,0,-1
4875,2016-02,0,-1
4875,2016-06,0,-1
4875,2016-10,0,-1
4875,2017-02,0,-1
4875,2017-06,0,-1
4875,2017-10,0,-1
4876,2015-04,0,-1
4876,2015-07,0,-1
4876,2015-10,0,-1
4876,2016-02,1,-1
4876,2016-06,0,-1
4876,2016-10,0,-1
4876,2017-02,1,-1
4876,2017-06,1,-1
4876,2017-10,0,-1
4877,2015-04,0,-1
4877,2015-07,0,-1
4877,2015-10,0,-1
4877,2016-02,0,-1
4877,2016-06,0,-1
4877,2016-10,0,-1
4877,2017-02,0,-1
4877,2017-06,0,-1
4877,2017-10,0,-1
4878,2015-04,0,-1
4878,2015-07,0,-1
4878,2015-10,0,-1
4878,2016-02,0,-1
4878,2016-06,0,-1
4878,2016-10,0,-1
4878,2017-02,0,-1
4878,2017-06,0,-1
4878,2017-10,0,-1
4879,2015-04,0,-1
4879,2015-07,0,-1
4879,2015-10,0,-1
4879,2016-02,0,-1
4879,2016-06,0,-1
4879,2016-10,0,-1
4879,2017-02,0,-1
4879,2017-06,0,-1
4879,2017-10,0,-1
4880,2015-04,0,-1
4880,2015-07,0,-1
4880,2015-10,0,-1
4880,2016-02,0,-1
4880,2016-06,0,-1
4880,2016-10,0,-1
4880,2017-02,0,-1
4880,2017-06,0,-1
4880,2017-10,0,-1
4881,2015-04,0,-1
4881,2015-07,0,-1
4881,2015-10,0,-1
4881,2016-02,1,-1
4881,2016-06,0,-1
4881,2016-10,0,-1
4881,2017-02,1,-1
4881,2017-06,1,-1
4881,2017-10,0,-1
4882,2015-04,0,-1
4882,2015-07,0,-1
4882,2015-10,0,-1
4882,2016-02,0,-1
4882,2016-06,0,-1
4882,2016-10,0,-1
4882,2017-02,0,-1
4882,2017-06,0,-1
4882,2017-10,0,-1
4883,2015-04,0,-1
4883,2015-07,0,-1
4883,2015-10,0,-1
4883,2016-02,0,-1
4883,2016-06,0,-1
4883,2016-10,0,-1
4883,2017-02,0,-1
4883,2017-06,0,-1
4883,2017-10,0,-1
4884,2015-04,0,-1
4884,2015-07,0,-1
4884,2015-10,0,-1
4884,2016-02,0,-1
4884,2016-06,0,-1
4884,2016-10,0,-1
4884,2017-02,0,-1
4884,2017-06,0,-1
4884,2017-10,0,-1
4885,2015-04,0,-1
4885,2015-07,0,-1
4885,2015-10,0,-1
4885,2016-02,0,-1
4885,2016-06,0,-1
4885,2016-10,0,-1
4885,2017-02,1,-1
4885,2017-06,1,-1
4885,2017-10,0,-1
4886,2015-04,0,-1
4886,2015-07,0,-1
4886,2015-10,0,-1
4886,2016-02,0,-1
4886,2016-06,0,-1
4886,2016-10,0,-1
4886,2017-02,0,-1
4886,2017-06,0,-1
4886,2017-10,0,-1
4887,2015-04,0,-1
4887,2015-07,0,-1
4887,2015-10,0,-1
4887,2016-02,0,-1
4887,2016-06,0,-1
4887,2016-10,0,-1
4887,2017-02,0,-1
4887,2017-06,0,-1
4887,2017-10,0,-1
4888,2015-04,0,-1
4888,2015-07,0,-1
4888,2015-10,0,-1
4888,2016-02,1,-1
4888,2016-06,0,-1
4888,2016-10,0,-1
4888,2017-02,1,-1
4888,2017-06,1,-1
4888,2017-10,0,-1
4889,2015-04,0,-1
4889,2015-07,0,-1
4889,2015-10,0,-1
4889,2016-02,0,-1
4889,2016-06,0,-1
4889,2016-10,0,-1
4889,2017-02,0,-1
4889,2017-06,0,-1
4889,2017-10,0,-1
4890,2015-04,0,-1
4890,2015-07,0,-1
4890,2015-10,0,-1
4890,2016-02,0,-1
4890,2016-06,0,-1
4890,2016-10,0,-1
4890,2017-02,0,-1
4890,2017-06,0,-1
4890,2017-10,0,-1
4891,2015-04,0,-1
4891,2015-07,0,-1
4891,2015-10,0,-1
4891,2016-02,0,-1
4891,2016-06,0,-1
4891,2016-10,0,-1
4891,2017-02,0,-1
4891,2017-06,0,-1
4891,2017-10,0,-1
4892,2015-04,0,-1
4892,2015-07,0,-1
4892,2015-10,0,-1
4892,2016-02,0,-1
4892,2016-06,0,-1
4892,2016-10,0,-1
4892,2017-02,0,-1
4892,2017-06,0,-1
4892,2017-10,0,-1
4893,2015-04,0,-1
4893,2015-07,0,-1
4893,2015-10,0,-1
4893,2016-02,0,-1
4893,2016-06,0,-1
4893,2016-10,0,-1
4893,2017-02,0,-1
4893,2017-06,0,-1
4893,2017-10,0,-1
4894,2015-04,0,-1
4894,2015-07,0,-1
4894,2015-10,0,-1
4894,2016-02,0,-1
4894,2016-06,0,-1
4894,2016-10,0,-1
4894,2017-02,0,-1
4894,2017-06,0,-1
4894,2017-10,0,-1
4895,2015-04,0,-1
4895,2015-07,0,-1
4895,2015-10,0,-1
4895,2016-02,0,-1
4895,2016-06,0,-1
4895,2016-10,0,-1
4895,2017-02,0,-1
4895,2017-06,0,-1
4895,2017-10,0,-1
4896,2015-04,0,-1
4896,2015-07,0,-1
4896,2015-10,0,-1
4896,2016-02,1,-1
4896,2016-06,0,-1
4896,2016-10,0,-1
4896,2017-02,1,-1
4896,2017-06,0,-1
4896,2017-10,0,-1
4897,2015-04,0,-1
4897,2015-07,0,-1
4897,2015-10,0,-1
4897,2016-02,0,-1
4897,2016-06,0,-1
4897,2016-10,0,-1
4897,2017-02,0,-1
4897,2017-06,0,-1
4897,2017-10,0,-1
4898,2015-04,0,-1
4898,2015-07,0,-1
4898,2015-10,0,-1
4898,2016-02,0,-1
4898,2016-06,0,-1
4898,2016-10,0,-1
4898,2017-02,0,-1
4898,2017-06,0,-1
4898,2017-10,0,-1
4899,2015-04,0,-1
4899,2015-07,0,-1
4899,2015-10,0,-1
4899,2016-02,1,-1
4899,2016-06,0,-1
4899,2016-10,0,-1
4899,2017-02,0,-1
4899,2017-06,0,-1
4899,2017-10,0,-1
4900,2015-04,0,-1
4900,2015-07,0,-1
4900,2015-10,0,-1
4900,2016-02,1,-1
4900,2016-06,0,-1
4900,2016-10,0,-1
4900,2017-02,0,-1
4900,2017-06,0,-1
4900,2017-10,0,-1
4901,2015-04,0,-1
4901,2015-07,0,-1
4901,2015-10,0,-1
4901,2016-02,0,-1
4901,2016-06,0,-1
4901,2016-10,0,-1
4901,2017-02,0,-1
4901,2017-06,0,-1
4901,2017-10,0,-1
4902,2015-04,0,-1
4902,2015-07,0,-1
4902,2015-10,0,-1
4902,2016-02,0,-1
4902,2016-06,0,-1
4902,2016-10,0,-1
4902,2017-02,0,-1
4902,2017-06,0,-1
4902,2017-10,0,-1
4903,2015-04,0,-1
4903,2015-07,0,-1
4903,2015-10,0,-1
4903,2016-02,1,-1
4903,2016-06,0,-1
4903,2016-10,0,-1
4903,2017-02,1,-1
4903,2017-06,0,-1
4903,2017-10,0,-1
4904,2015-04,0,-1
4904,2015-07,0,-1
4904,2015-10,0,-1
4904,2016-02,0,-1
4904,2016-06,0,-1
4904,2016-10,0,-1
4904,2017-02,0,-1
4904,2017-06,0,-1
4904,2017-10,0,-1
4905,2015-04,0,-1
4905,2015-07,0,-1
4905,2015-10,0,-1
4905,2016-02,1,-1
4905,2016-06,0,-1
4905,2016-10,0,-1
4905,2017-02,1,-1
4905,2017-06,0,-1
4905,2017-10,0,-1
4906,2015-04,0,-1
4906,2015-07,0,-1
4906,2015-10,0,-1
4906,2016-02,0,-1
4906,2016-06,0,-1
4906,2016-10,0,-1
4906,2017-02,0,-1
4906,2017-06,0,-1
4906,2017-10,0,-1
4907,2015-04,0,-1
4907,2015-07,0,-1
4907,2015-10,0,-1
4907,2016-02,0,-1
4907,2016-06,0,-1
4907,2016-10,0,-1
4907,2017-02,0,-1
4907,2017-06,0,-1
4907,2017-10,0,-1
4908,2015-04,0,-1
4908,2015-07,0,-1
4908,2015-10,0,-1
4908,2016-02,0,-1
4908,2016-06,0,-1
4908,2016-10,0,-1
4908,2017-02,0,-1
4908,2017-06,0,-1
4908,2017-10,0,-1
4909,2015-04,0,-1
4909,2015-07,0,-1
4909,2015-10,0,-1
4909,2016-02,0,-1
4909,2016-06,0,-1
4909,2016-10,0,-1
4909,2017-02,0,-1
4909,2017-06,0,-1
4909,2017-10,0,-1
4910,2015-04,0,-1
4910,2015-07,0,-1
4910,2015-10,0,-1
4910,2016-02,1,-1
4910,2016-06,0,-1
4910,2016-10,0,-1
4910,2017-02,1,-1
4910,2017-06,0,-1
4910,2017-10,0,-1
4911,2015-04,0,-1
4911,2015-07,0,-1
4911,2015-10,0,-1
4911,2016-02,0,-1
4911,2016-06,0,-1
4911,2016-10,0,-1
4911,2017-02,0,-1
4911,2017-06,0,-1
4911,2017-10,0,-1
4912,2015-04,0,-1
4912,2015-07,0,-1
4912,2015-10,0,-1
4912,2016-02,0,-1
4912,2016-06,0,-1
4912,2016-10,0,-1
4912,2017-02,0,-1
4912,2017-06,0,-1
4912,2017-10,0,-1
4913,2015-04,0,-1
4913,2015-07,0,-1
4913,2015-10,0,-1
4913,2016-02,0,-1
4913,2016-06,0,-1
4913,2016-10,0,-1
4913,2017-02,0,-1
4913,2017-06,0,-1
4913,2017-10,0,-1
4914,2015-04,0,-1
4914,2015-07,0,-1
4914,2015-10,0,-1
4914,2016-02,0,-1
4914,2016-06,0,-1
4914,2016-10,0,-1
4914,2017-02,0,-1
4914,2017-06,0,-1
4914,2017-10,0,-1
4915,2015-04,0,-1
4915,2015-07,0,-1
4915,2015-10,0,-1
4915,2016-02,1,-1
4915,2016-06,0,-1
4915,2016-10,0,-1
4915,2017-02,1,-1
4915,2017-06,0,-1
4915,2017-10,0,-1
4916,2015-04,0,-1
4916,2015-07,0,-1
4916,2015-10,0,-1
4916,2016-02,0,-1
4916,2016-06,0,-1
4916,2016-10,0,-1
4916,2017-02,0,-1
4916,2017-06,0,-1
4916,2017-10,0,-1
4917,2015-04,0,-1
4917,2015-07,0,-1
4917,2015-10,0,-1
4917,2016-02,0,-1
4917,2016-06,0,-1
4917,2016-10,0,-1
4917,2017-02,0,-1
4917,2017-06,0,-1
4917,2017-10,0,-1
4918,2015-04,0,-1
4918,2015-07,0,-1
4918,2015-10,0,-1
4918,2016-02,0,-1
4918,2016-06,0,-1
4918,2016-10,0,-1
4918,2017-02,0,-1
4918,2017-06,0,-1
4918,2017-10,0,-1
4919,2015-04,0,-1
4919,2015-07,0,-1
4919,2015-10,0,-1
4919,2016-02,0,-1
4919,2016-06,0,-1
4919,2016-10,0,-1
4919,2017-02,0,-1
4919,2017-06,0,-1
4919,2017-10,0,-1
4920,2015-04,0,-1
4920,2015-07,0,-1
4920,2015-10,0,-1
4920,2016-02,1,-1
4920,2016-06,0,-1
4920,2016-10,0,-1
4920,2017-02,1,-1
4920,2017-06,0,-1
4920,2017-10,0,-1
4921,2015-04,0,-1
4921,2015-07,0,-1
4921,2015-10,0,-1
4921,2016-02,1,-1
4921,2016-06,0,-1
4921,2016-10,0,-1
4921,2017-02,1,-1
4921,2017-06,0,-1
4921,2017-10,0,-1
4922,2015-04,0,-1
4922,2015-07,0,-1
4922,2015-10,0,-1
4922,2016-02,1,-1
4922,2016-06,0,-1
4922,2016-10,0,-1
4922,2017-02,1,-1
4922,2017-06,0,-1
4922,2017-10,0,-1
4923,2015-04,0,-1
4923,2015-07,0,-1
4923,2015-10,0,-1
4923,2016-02,1,-1
4923,2016-06,0,-1
4923,2016-10,0,-1
4923,2017-02,1,-1
4923,2017-06,0,-1
4923,2017-10,0,-1
4924,2015-04,0,-1
4924,2015-07,0,-1
4924,2015-10,0,-1
4924,2016-02,1,-1
4924,2016-06,0,-1
4924,2016-10,0,-1
4924,2017-02,1,-1
4924,2017-06,1,-1
4924,2017-10,0,-1
4925,2015-04,0,-1
4925,2015-07,0,-1
4925,2015-10,0,-1
4925,2016-02,0,-1
4925,2016-06,0,-1
4925,2016-10,0,-1
4925,2017-02,0,-1
4925,2017-06,0,-1
4925,2017-10,0,-1
4926,2015-04,0,-1
4926,2015-07,0,-1
4926,2015-10,0,-1
4926,2016-02,0,-1
4926,2016-06,0,-1
4926,2016-10,0,-1
4926,2017-02,0,-1
4926,2017-06,0,-1
4926,2017-10,0,-1
4927,2015-04,0,-1
4927,2015-07,0,-1
4927,2015-10,0,-1
4927,2016-02,0,-1
4927,2016-06,0,-1
4927,2016-10,0,-1
4927,2017-02,0,-1
4927,2017-06,0,-1
4927,2017-10,0,-1
4928,2015-04,0,-1
4928,2015-07,0,-1
4928,2015-10,0,-1
4928,2016-02,0,-1
4928,2016-06,0,-1
4928,2016-10,0,-1
4928,2017-02,0,-1
4928,2017-06,0,-1
4928,2017-10,0,-1
4929,2015-04,0,-1
4929,2015-07,0,-1
4929,2015-10,0,-1
4929,2016-02,0,-1
4929,2016-06,0,-1
4929,2016-10,0,-1
4929,2017-02,0,-1
4929,2017-06,0,-1
4929,2017-10,0,-1
4930,2015-04,0,-1
4930,2015-07,0,-1
4930,2015-10,0,-1
4930,2016-02,0,-1
4930,2016-06,0,-1
4930,2016-10,0,-1
4930,2017-02,0,-1
4930,2017-06,0,-1
4930,2017-10,0,-1
4931,2015-04,0,-1
4931,2015-07,0,-1
4931,2015-10,0,-1
4931,2016-02,1,-1
4931,2016-06,0,-1
4931,2016-10,0,-1
4931,2017-02,1,-1
4931,2017-06,1,-1
4931,2017-10,0,-1
4932,2015-04,0,-1
4932,2015-07,0,-1
4932,2015-10,0,-1
4932,2016-02,1,-1
4932,2016-06,0,-1
4932,2016-10,0,-1
4932,2017-02,1,-1
4932,2017-06,0,-1
4932,2017-10,0,-1
4933,2015-04,0,-1
4933,2015-07,0,-1
4933,2015-10,0,-1
4933,2016-02,0,-1
4933,2016-06,0,-1
4933,2016-10,0,-1
4933,2017-02,0,-1
4933,2017-06,0,-1
4933,2017-10,0,-1
4934,2015-04,0,-1
4934,2015-07,0,-1
4934,2015-10,0,-1
4934,2016-02,0,-1
4934,2016-06,0,-1
4934,2016-10,0,-1
4934,2017-02,0,-1
4934,2017-06,0,-1
4934,2017-10,0,-1
4935,2015-04,0,-1
4935,2015-07,0,-1
4935,2015-10,0,-1
4935,2016-02,0,-1
4935,2016-06,0,-1
4935,2016-10,0,-1
4935,2017-02,0,-1
4935,2017-06,0,-1
4935,2017-10,0,-1
4936,2015-04,0,-1
4936,2015-07,0,-1
4936,2015-10,0,-1
4936,2016-02,0,-1
4936,2016-06,0,-1
4936,2016-10,0,-1
4936,2017-02,0,-1
4936,2017-06,0,-1
4936,2017-10,0,-1
4937,2015-04,0,-1
4937,2015-07,0,-1
4937,2015-10,0,-1
4937,2016-02,0,-1
4937,2016-06,0,-1
4937,2016-10,0,-1
4937,2017-02,0,-1
4937,2017-06,0,-1
4937,2017-10,0,-1
4938,2015-04,0,-1
4938,2015-07,0,-1
4938,2015-10,0,-1
4938,2016-02,0,-1
4938,2016-06,0,-1
4938,2016-10,0,-1
4938,2017-02,0,-1
4938,2017-06,1,-1
4938,2017-10,0,-1
4939,2015-04,0,-1
4939,2015-07,0,-1
4939,2015-10,0,-1
4939,2016-02,1,-1
4939,2016-06,0,-1
4939,2016-10,0,-1
4939,2017-02,1,-1
4939,2017-06,1,-1
4939,2017-10,0,-1
4940,2015-04,0,-1
4940,2015-07,0,-1
4940,2015-10,0,-1
4940,2016-02,1,-1
4940,2016-06,0,-1
4940,2016-10,0,-1
4940,2017-02,1,-1
4940,2017-06,0,-1
4940,2017-10,0,-1
4941,2015-04,0,-1
4941,2015-07,0,-1
4941,2015-10,0,-1
4941,2016-02,1,-1
4941,2016-06,0,-1
4941,2016-10,0,-1
4941,2017-02,1,-1
4941,2017-06,1,-1
4941,2017-10,0,-1
4942,2015-04,0,-1
4942,2015-07,0,-1
4942,2015-10,0,-1
4942,2016-02,1,-1
4942,2016-06,0,-1
4942,2016-10,0,-1
4942,2017-02,1,-1
4942,2017-06,1,-1
4942,2017-10,1,-1
4943,2015-04,0,-1
4943,2015-07,0,-1
4943,2015-10,0,-1
4943,2016-02,1,-1
4943,2016-06,0,-1
4943,2016-10,0,-1
4943,2017-02,1,-1
4943,2017-06,1,-1
4943,2017-10,1,-1
4944,2015-04,0,-1
4944,2015-07,0,-1
4944,2015-10,0,-1
4944,2016-02,0,-1
4944,2016-06,0,-1
4944,2016-10,0,-1
4944,2017-02,0,-1
4944,2017-06,0,-1
4944,2017-10,0,-1
4945,2015-04,0,-1
4945,2015-07,0,-1
4945,2015-10,0,-1
4945,2016-02,0,-1
4945,2016-06,0,-1
4945,2016-10,0,-1
4945,2017-02,0,-1
4945,2017-06,0,-1
4945,2017-10,0,-1
4946,2015-04,0,-1
4946,2015-07,0,-1
4946,2015-10,0,-1
4946,2016-02,1,-1
4946,2016-06,0,-1
4946,2016-10,0,-1
4946,2017-02,1,-1
4946,2017-06,0,-1
4946,2017-10,0,-1
4947,2015-04,0,-1
4947,2015-07,0,-1
4947,2015-10,0,-1
4947,2016-02,0,-1
4947,2016-06,0,-1
4947,2016-10,0,-1
4947,2017-02,0,-1
4947,2017-06,0,-1
4947,2017-10,0,-1
4948,2015-04,0,-1
4948,2015-07,0,-1
4948,2015-10,0,-1
4948,2016-02,1,-1
4948,2016-06,0,-1
4948,2016-10,0,-1
4948,2017-02,1,-1
4948,2017-06,0,-1
4948,2017-10,0,-1
4949,2015-04,0,-1
4949,2015-07,0,-1
4949,2015-10,0,-1
4949,2016-02,1,-1
4949,2016-06,0,-1
4949,2016-10,0,-1
4949,2017-02,1,-1
4949,2017-06,0,-1
4949,2017-10,0,-1
4950,2015-04,0,-1
4950,2015-07,0,-1
4950,2015-10,0,-1
4950,2016-02,1,-1
4950,2016-06,0,-1
4950,2016-10,0,-1
4950,2017-02,1,-1
4950,2017-06,0,-1
4950,2017-10,0,-1
4951,2015-04,0,-1
4951,2015-07,0,-1
4951,2015-10,0,-1
4951,2016-02,1,-1
4951,2016-06,0,-1
4951,2016-10,0,-1
4951,2017-02,1,-1
4951,2017-06,1,-1
4951,2017-10,0,-1
4952,2015-04,0,-1
4952,2015-07,0,-1
4952,2015-10,0,-1
4952,2016-02,1,-1
4952,2016-06,0,-1
4952,2016-10,0,-1
4952,2017-02,1,-1
4952,2017-06,0,-1
4952,2017-10,0,-1
4953,2015-04,0,-1
4953,2015-07,0,-1
4953,2015-10,0,-1
4953,2016-02,1,-1
4953,2016-06,0,-1
4953,2016-10,0,-1
4953,2017-02,1,-1
4953,2017-06,0,-1
4953,2017-10,0,-1
4954,2015-04,0,-1
4954,2015-07,0,-1
4954,2015-10,0,-1
4954,2016-02,1,-1
4954,2016-06,0,-1
4954,2016-10,0,-1
4954,2017-02,1,-1
4954,2017-06,0,-1
4954,2017-10,0,-1
4955,2015-04,0,-1
4955,2015-07,0,-1
4955,2015-10,0,-1
4955,2016-02,1,-1
4955,2016-06,0,-1
4955,2016-10,0,-1
4955,2017-02,1,-1
4955,2017-06,1,-1
4955,2017-10,1,-1
4956,2015-04,0,-1
4956,2015-07,0,-1
4956,2015-10,0,-1
4956,2016-02,1,-1
4956,2016-06,0,-1
4956,2016-10,0,-1
4956,2017-02,1,-1
4956,2017-06,0,-1
4956,2017-10,0,-1
4957,2015-04,0,-1
4957,2015-07,0,-1
4957,2015-10,0,-1
4957,2016-02,0,-1
4957,2016-06,0,-1
4957,2016-10,0,-1
4957,2017-02,1,-1
4957,2017-06,0,-1
4957,2017-10,0,-1
4958,2015-04,0,-1
4958,2015-07,0,-1
4958,2015-10,0,-1
4958,2016-02,1,-1
4958,2016-06,0,-1
4958,2016-10,0,-1
4958,2017-02,1,-1
4958,2017-06,0,-1
4958,2017-10,0,-1
4959,2015-04,0,-1
4959,2015-07,0,-1
4959,2015-10,0,-1
4959,2016-02,1,-1
4959,2016-06,0,-1
4959,2016-10,0,-1
4959,2017-02,1,-1
4959,2017-06,0,-1
4959,2017-10,0,-1
4960,2015-04,0,-1
4960,2015-07,0,-1
4960,2015-10,0,-1
4960,2016-02,1,-1
4960,2016-06,0,-1
4960,2016-10,0,-1
4960,2017-02,1,-1
4960,2017-06,0,-1
4960,2017-10,0,-1
4961,2015-04,0,-1
4961,2015-07,0,-1
4961,2015-10,0,-1
4961,2016-02,1,-1
4961,2016-06,0,-1
4961,2016-10,0,-1
4961,2017-02,0,-1
4961,2017-06,0,-1
4961,2017-10,0,-1
4962,2015-04,0,-1
4962,2015-07,0,-1
4962,2015-10,0,-1
4962,2016-02,1,-1
4962,2016-06,0,-1
4962,2016-10,0,-1
4962,2017-02,1,-1
4962,2017-06,0,-1
4962,2017-10,0,-1
4963,2015-04,0,-1
4963,2015-07,0,-1
4963,2015-10,0,-1
4963,2016-02,1,-1
4963,2016-06,0,-1
4963,2016-10,0,-1
4963,2017-02,1,-1
4963,2017-06,0,-1
4963,2017-10,0,-1
4964,2015-04,0,-1
4964,2015-07,0,-1
4964,2015-10,0,-1
4964,2016-02,1,-1
4964,2016-06,0,-1
4964,2016-10,0,-1
4964,2017-02,1,-1
4964,2017-06,0,-1
4964,2017-10,0,-1
4965,2015-04,0,-1
4965,2015-07,0,-1
4965,2015-10,0,-1
4965,2016-02,1,-1
4965,2016-06,0,-1
4965,2016-10,0,-1
4965,2017-02,1,-1
4965,2017-06,0,-1
4965,2017-10,0,-1
4966,2015-04,0,-1
4966,2015-07,0,-1
4966,2015-10,0,-1
4966,2016-02,0,-1
4966,2016-06,0,-1
4966,2016-10,0,-1
4966,2017-02,0,-1
4966,2017-06,0,-1
4966,2017-10,0,-1
4967,2015-04,0,-1
4967,2015-07,0,-1
4967,2015-10,0,-1
4967,2016-02,0,-1
4967,2016-06,0,-1
4967,2016-10,0,-1
4967,2017-02,0,-1
4967,2017-06,0,-1
4967,2017-10,0,-1
4968,2015-04,0,-1
4968,2015-07,0,-1
4968,2015-10,0,-1
4968,2016-02,0,-1
4968,2016-06,0,-1
4968,2016-10,0,-1
4968,2017-02,0,-1
4968,2017-06,0,-1
4968,2017-10,0,-1
4969,2015-04,0,-1
4969,2015-07,0,-1
4969,2015-10,0,-1
4969,2016-02,0,-1
4969,2016-06,0,-1
4969,2016-10,0,-1
4969,2017-02,0,-1
4969,2017-06,0,-1
4969,2017-10,0,-1
4970,2015-04,0,-1
4970,2015-07,0,-1
4970,2015-10,0,-1
4970,2016-02,0,-1
4970,2016-06,0,-1
4970,2016-10,0,-1
4970,2017-02,0,-1
4970,2017-06,0,-1
4970,2017-10,0,-1
4971,2015-04,0,-1
4971,2015-07,0,-1
4971,2015-10,0,-1
4971,2016-02,0,-1
4971,2016-06,0,-1
4971,2016-10,0,-1
4971,2017-02,0,-1
4971,2017-06,0,-1
4971,2017-10,0,-1
4972,2015-04,0,-1
4972,2015-07,0,-1
4972,2015-10,0,-1
4972,2016-02,0,-1
4972,2016-06,0,-1
4972,2016-10,0,-1
4972,2017-02,0,-1
4972,2017-06,0,-1
4972,2017-10,0,-1
4973,2015-04,0,-1
4973,2015-07,0,-1
4973,2015-10,0,-1
4973,2016-02,0,-1
4973,2016-06,0,-1
4973,2016-10,0,-1
4973,2017-02,0,-1
4973,2017-06,0,-1
4973,2017-10,0,-1
4974,2015-04,0,-1
4974,2015-07,0,-1
4974,2015-10,0,-1
4974,2016-02,0,-1
4974,2016-06,0,-1
4974,2016-10,0,-1
4974,2017-02,0,-1
4974,2017-06,0,-1
4974,2017-10,0,-1
4975,2015-04,0,-1
4975,2015-07,0,-1
4975,2015-10,0,-1
4975,2016-02,0,-1
4975,2016-06,0,-1
4975,2016-10,0,-1
4975,2017-02,0,-1
4975,2017-06,0,-1
4975,2017-10,0,-1
4976,2015-04,0,-1
4976,2015-07,0,-1
4976,2015-10,0,-1
4976,2016-02,1,-1
4976,2016-06,0,-1
4976,2016-10,0,-1
4976,2017-02,1,-1
4976,2017-06,0,-1
4976,2017-10,0,-1
4977,2015-04,0,-1
4977,2015-07,0,-1
4977,2015-10,0,-1
4977,2016-02,0,-1
4977,2016-06,0,-1
4977,2016-10,0,-1
4977,2017-02,0,-1
4977,2017-06,0,-1
4977,2017-10,0,-1
4978,2015-04,0,-1
4978,2015-07,0,-1
4978,2015-10,0,-1
4978,2016-02,1,-1
4978,2016-06,0,-1
4978,2016-10,0,-1
4978,2017-02,1,-1
4978,2017-06,0,-1
4978,2017-10,0,-1
4979,2015-04,0,-1
4979,2015-07,0,-1
4979,2015-10,0,-1
4979,2016-02,0,-1
4979,2016-06,0,-1
4979,2016-10,0,-1
4979,2017-02,0,-1
4979,2017-06,0,-1
4979,2017-10,0,-1
4980,2015-04,0,-1
4980,2015-07,0,-1
4980,2015-10,0,-1
4980,2016-02,0,-1
4980,2016-06,0,-1
4980,2016-10,0,-1
4980,2017-02,0,-1
4980,2017-06,0,-1
4980,2017-10,0,-1
4981,2015-04,0,-1
4981,2015-07,0,-1
4981,2015-10,0,-1
4981,2016-02,0,-1
4981,2016-06,0,-1
4981,2016-10,0,-1
4981,2017-02,0,-1
4981,2017-06,0,-1
4981,2017-10,0,-1
4982,2015-04,0,-1
4982,2015-07,0,-1
4982,2015-10,0,-1
4982,2016-02,0,-1
4982,2016-06,0,-1
4982,2016-10,0,-1
4982,2017-02,0,-1
4982,2017-06,0,-1
4982,2017-10,0,-1
4983,2015-04,0,-1
4983,2015-07,0,-1
4983,2015-10,0,-1
4983,2016-02,1,-1
4983,2016-06,0,-1
4983,2016-10,0,-1
4983,2017-02,1,-1
4983,2017-06,0,-1
4983,2017-10,0,-1
4984,2015-04,0,-1
4984,2015-07,0,-1
4984,2015-10,0,-1
4984,2016-02,0,-1
4984,2016-06,0,-1
4984,2016-10,0,-1
4984,2017-02,0,-1
4984,2017-06,0,-1
4984,2017-10,0,-1
4985,2015-04,0,-1
4985,2015-07,0,-1
4985,2015-10,0,-1
4985,2016-02,1,-1
4985,2016-06,0,-1
4985,2016-10,0,-1
4985,2017-02,1,-1
4985,2017-06,0,-1
4985,2017-10,0,-1
4986,2015-04,0,-1
4986,2015-07,0,-1
4986,2015-10,0,-1
4986,2016-02,0,-1
4986,2016-06,0,-1
4986,2016-10,0,-1
4986,2017-02,0,-1
4986,2017-06,0,-1
4986,2017-10,0,-1
4987,2015-04,0,-1
4987,2015-07,0,-1
4987,2015-10,0,-1
4987,2016-02,1,-1
4987,2016-06,0,-1
4987,2016-10,0,-1
4987,2017-02,1,-1
4987,2017-06,0,-1
4987,2017-10,0,-1
4988,2015-04,0,-1
4988,2015-07,0,-1
4988,2015-10,0,-1
4988,2016-02,0,-1
4988,2016-06,0,-1
4988,2016-10,0,-1
4988,2017-02,0,-1
4988,2017-06,0,-1
4988,2017-10,0,-1
4989,2015-04,0,-1
4989,2015-07,0,-1
4989,2015-10,0,-1
4989,2016-02,0,-1
4989,2016-06,0,-1
4989,2016-10,0,-1
4989,2017-02,0,-1
4989,2017-06,0,-1
4989,2017-10,0,-1
4990,2015-04,0,-1
4990,2015-07,0,-1
4990,2015-10,0,-1
4990,2016-02,0,-1
4990,2016-06,0,-1
4990,2016-10,0,-1
4990,2017-02,1,-1
4990,2017-06,0,-1
4990,2017-10,0,-1
4991,2015-04,0,-1
4991,2015-07,0,-1
4991,2015-10,0,-1
4991,2016-02,0,-1
4991,2016-06,0,-1
4991,2016-10,0,-1
4991,2017-02,0,-1
4991,2017-06,0,-1
4991,2017-10,0,-1
4992,2015-04,0,-1
4992,2015-07,0,-1
4992,2015-10,0,-1
4992,2016-02,1,-1
4992,2016-06,0,-1
4992,2016-10,0,-1
4992,2017-02,1,-1
4992,2017-06,0,-1
4992,2017-10,0,-1
4993,2015-04,0,-1
4993,2015-07,0,-1
4993,2015-10,0,-1
4993,2016-02,0,-1
4993,2016-06,0,-1
4993,2016-10,0,-1
4993,2017-02,0,-1
4993,2017-06,1,-1
4993,2017-10,0,-1
4994,2015-04,0,-1
4994,2015-07,0,-1
4994,2015-10,0,-1
4994,2016-02,0,-1
4994,2016-06,0,-1
4994,2016-10,0,-1
4994,2017-02,0,-1
4994,2017-06,0,-1
4994,2017-10,0,-1
4995,2015-04,0,-1
4995,2015-07,0,-1
4995,2015-10,0,-1
4995,2016-02,0,-1
4995,2016-06,0,-1
4995,2016-10,0,-1
4995,2017-02,0,-1
4995,2017-06,0,-1
4995,2017-10,0,-1
4996,2015-04,0,-1
4996,2015-07,0,-1
4996,2015-10,0,-1
4996,2016-02,0,-1
4996,2016-06,0,-1
4996,2016-10,0,-1
4996,2017-02,0,-1
4996,2017-06,0,-1
4996,2017-10,0,-1
4997,2015-04,0,-1
4997,2015-07,0,-1
4997,2015-10,0,-1
4997,2016-02,0,-1
4997,2016-06,0,-1
4997,2016-10,0,-1
4997,2017-02,0,-1
4997,2017-06,1,-1
4997,2017-10,0,-1
4998,2015-04,0,-1
4998,2015-07,0,-1
4998,2015-10,0,-1
4998,2016-02,0,-1
4998,2016-06,0,-1
4998,2016-10,0,-1
4998,2017-02,0,-1
4998,2017-06,0,-1
4998,2017-10,0,-1
4999,2015-04,0,-1
4999,2015-07,0,-1
4999,2015-10,0,-1
4999,2016-02,0,-1
4999,2016-06,0,-1
4999,2016-10,0,-1
4999,2017-02,0,-1
4999,2017-06,0,-1
4999,2017-10,0,-1
5000,2015-04,0,-1
5000,2015-07,0,-1
5000,2015-10,0,-1
5000,2016-02,1,-1
5000,2016-06,0,-1
5000,2016-10,0,-1
5000,2017-02,1,-1
5000,2017-06,0,-1
5000,2017-10,0,-1
5001,2015-04,0,-1
5001,2015-07,0,-1
5001,2015-10,0,-1
5001,2016-02,0,-1
5001,2016-06,0,-1
5001,2016-10,0,-1
5001,2017-02,0,-1
5001,2017-06,0,-1
5001,2017-10,0,-1
5002,2015-04,0,-1
5002,2015-07,0,-1
5002,2015-10,0,-1
5002,2016-02,0,-1
5002,2016-06,0,-1
5002,2016-10,0,-1
5002,2017-02,0,-1
5002,2017-06,0,-1
5002,2017-10,0,-1
5003,2015-04,0,-1
5003,2015-07,0,-1
5003,2015-10,0,-1
5003,2016-02,0,-1
5003,2016-06,0,-1
5003,2016-10,0,-1
5003,2017-02,0,-1
5003,2017-06,0,-1
5003,2017-10,0,-1
5004,2015-04,0,-1
5004,2015-07,0,-1
5004,2015-10,0,-1
5004,2016-02,0,-1
5004,2016-06,0,-1
5004,2016-10,0,-1
5004,2017-02,0,-1
5004,2017-06,0,-1
5004,2017-10,0,-1
5005,2015-04,0,-1
5005,2015-07,0,-1
5005,2015-10,0,-1
5005,2016-02,0,-1
5005,2016-06,0,-1
5005,2016-10,0,-1
5005,2017-02,0,-1
5005,2017-06,0,-1
5005,2017-10,0,-1
5006,2015-04,0,-1
5006,2015-07,0,-1
5006,2015-10,0,-1
5006,2016-02,1,-1
5006,2016-06,0,-1
5006,2016-10,0,-1
5006,2017-02,1,-1
5006,2017-06,0,-1
5006,2017-10,0,-1
5007,2015-04,0,-1
5007,2015-07,0,-1
5007,2015-10,0,-1
5007,2016-02,0,-1
5007,2016-06,0,-1
5007,2016-10,0,-1
5007,2017-02,0,-1
5007,2017-06,0,-1
5007,2017-10,0,-1
5008,2015-04,0,-1
5008,2015-07,0,-1
5008,2015-10,0,-1
5008,2016-02,0,-1
5008,2016-06,0,-1
5008,2016-10,0,-1
5008,2017-02,0,-1
5008,2017-06,0,-1
5008,2017-10,0,-1
5009,2015-04,0,-1
5009,2015-07,0,-1
5009,2015-10,0,-1
5009,2016-02,0,-1
5009,2016-06,0,-1
5009,2016-10,0,-1
5009,2017-02,0,-1
5009,2017-06,0,-1
5009,2017-10,0,-1
5010,2015-04,0,-1
5010,2015-07,0,-1
5010,2015-10,0,-1
5010,2016-02,0,-1
5010,2016-06,0,-1
5010,2016-10,0,-1
5010,2017-02,0,-1
5010,2017-06,0,-1
5010,2017-10,0,-1
5011,2015-04,0,-1
5011,2015-07,0,-1
5011,2015-10,0,-1
5011,2016-02,0,-1
5011,2016-06,0,-1
5011,2016-10,0,-1
5011,2017-02,0,-1
5011,2017-06,0,-1
5011,2017-10,0,-1
5012,2015-04,0,-1
5012,2015-07,0,-1
5012,2015-10,0,-1
5012,2016-02,0,-1
5012,2016-06,0,-1
5012,2016-10,0,-1
5012,2017-02,0,-1
5012,2017-06,0,-1
5012,2017-10,0,-1
5013,2015-04,0,-1
5013,2015-07,0,-1
5013,2015-10,0,-1
5013,2016-02,1,-1
5013,2016-06,0,-1
5013,2016-10,0,-1
5013,2017-02,1,-1
5013,2017-06,1,-1
5013,2017-10,0,-1
5014,2015-04,0,-1
5014,2015-07,0,-1
5014,2015-10,0,-1
5014,2016-02,0,-1
5014,2016-06,0,-1
5014,2016-10,0,-1
5014,2017-02,0,-1
5014,2017-06,0,-1
5014,2017-10,0,-1
5015,2015-04,0,-1
5015,2015-07,0,-1
5015,2015-10,0,-1
5015,2016-02,0,-1
5015,2016-06,0,-1
5015,2016-10,0,-1
5015,2017-02,0,-1
5015,2017-06,0,-1
5015,2017-10,0,-1
5016,2015-04,0,-1
5016,2015-07,0,-1
5016,2015-10,0,-1
5016,2016-02,0,-1
5016,2016-06,0,-1
5016,2016-10,0,-1
5016,2017-02,0,-1
5016,2017-06,0,-1
5016,2017-10,0,-1
5017,2015-04,0,-1
5017,2015-07,0,-1
5017,2015-10,0,-1
5017,2016-02,1,-1
5017,2016-06,0,-1
5017,2016-10,0,-1
5017,2017-02,1,-1
5017,2017-06,0,-1
5017,2017-10,0,-1
5018,2015-04,0,-1
5018,2015-07,0,-1
5018,2015-10,0,-1
5018,2016-02,1,-1
5018,2016-06,0,-1
5018,2016-10,0,-1
5018,2017-02,1,-1
5018,2017-06,0,-1
5018,2017-10,0,-1
5019,2015-04,0,-1
5019,2015-07,0,-1
5019,2015-10,0,-1
5019,2016-02,0,-1
5019,2016-06,0,-1
5019,2016-10,0,-1
5019,2017-02,0,-1
5019,2017-06,0,-1
5019,2017-10,0,-1
5020,2015-04,0,-1
5020,2015-07,0,-1
5020,2015-10,0,-1
5020,2016-02,0,-1
5020,2016-06,0,-1
5020,2016-10,0,-1
5020,2017-02,1,-1
5020,2017-06,0,-1
5020,2017-10,0,-1
5021,2015-04,0,-1
5021,2015-07,0,-1
5021,2015-10,0,-1
5021,2016-02,1,-1
5021,2016-06,0,-1
5021,2016-10,0,-1
5021,2017-02,1,-1
5021,2017-06,0,-1
5021,2017-10,0,-1
5022,2015-04,0,-1
5022,2015-07,0,-1
5022,2015-10,0,-1
5022,2016-02,0,-1
5022,2016-06,0,-1
5022,2016-10,0,-1
5022,2017-02,0,-1
5022,2017-06,0,-1
5022,2017-10,0,-1
5023,2015-04,0,-1
5023,2015-07,0,-1
5023,2015-10,0,-1
5023,2016-02,0,-1
5023,2016-06,0,-1
5023,2016-10,0,-1
5023,2017-02,0,-1
5023,2017-06,0,-1
5023,2017-10,0,-1
5024,2015-04,1,-1
5024,2015-07,0,-1
5024,2015-10,0,-1
5024,2016-02,0,-1
5024,2016-06,0,-1
5024,2016-10,0,-1
5024,2017-02,1,-1
5024,2017-06,0,-1
5024,2017-10,0,-1
5025,2015-04,0,-1
5025,2015-07,0,-1
5025,2015-10,0,-1
5025,2016-02,1,-1
5025,2016-06,0,-1
5025,2016-10,0,-1
5025,2017-02,1,-1
5025,2017-06,0,-1
5025,2017-10,0,-1
5026,2015-04,0,-1
5026,2015-07,0,-1
5026,2015-10,0,-1
5026,2016-02,1,-1
5026,2016-06,0,-1
5026,2016-10,0,-1
5026,2017-02,1,-1
5026,2017-06,1,-1
5026,2017-10,0,-1
5027,2015-04,0,-1
5027,2015-07,0,-1
5027,2015-10,0,-1
5027,2016-02,0,-1
5027,2016-06,0,-1
5027,2016-10,0,-1
5027,2017-02,0,-1
5027,2017-06,0,-1
5027,2017-10,0,-1
5028,2015-04,0,-1
5028,2015-07,0,-1
5028,2015-10,0,-1
5028,2016-02,0,-1
5028,2016-06,0,-1
5028,2016-10,0,-1
5028,2017-02,0,-1
5028,2017-06,0,-1
5028,2017-10,0,-1
5029,2015-04,0,-1
5029,2015-07,0,-1
5029,2015-10,0,-1
5029,2016-02,0,-1
5029,2016-06,0,-1
5029,2016-10,0,-1
5029,2017-02,0,-1
5029,2017-06,0,-1
5029,2017-10,0,-1
5030,2015-04,0,-1
5030,2015-07,0,-1
5030,2015-10,0,-1
5030,2016-02,0,-1
5030,2016-06,0,-1
5030,2016-10,0,-1
5030,2017-02,0,-1
5030,2017-06,0,-1
5030,2017-10,0,-1
5031,2015-04,0,-1
5031,2015-07,0,-1
5031,2015-10,0,-1
5031,2016-02,0,-1
5031,2016-06,0,-1
5031,2016-10,0,-1
5031,2017-02,0,-1
5031,2017-06,0,-1
5031,2017-10,0,-1
5032,2015-04,1,-1
5032,2015-07,0,-1
5032,2015-10,0,-1
5032,2016-02,1,-1
5032,2016-06,0,-1
5032,2016-10,0,-1
5032,2017-02,0,-1
5032,2017-06,1,-1
5032,2017-10,0,-1
5033,2015-04,0,-1
5033,2015-07,0,-1
5033,2015-10,0,-1
5033,2016-02,1,-1
5033,2016-06,0,-1
5033,2016-10,0,-1
5033,2017-02,1,-1
5033,2017-06,0,-1
5033,2017-10,0,-1
5034,2015-04,1,-1
5034,2015-07,0,-1
5034,2015-10,0,-1
5034,2016-02,0,-1
5034,2016-06,0,-1
5034,2016-10,0,-1
5034,2017-02,0,-1
5034,2017-06,1,-1
5034,2017-10,0,-1
5035,2015-04,0,-1
5035,2015-07,0,-1
5035,2015-10,0,-1
5035,2016-02,0,-1
5035,2016-06,0,-1
5035,2016-10,0,-1
5035,2017-02,0,-1
5035,2017-06,0,-1
5035,2017-10,0,-1
5036,2015-04,0,-1
5036,2015-07,0,-1
5036,2015-10,0,-1
5036,2016-02,1,-1
5036,2016-06,0,-1
5036,2016-10,0,-1
5036,2017-02,1,-1
5036,2017-06,1,-1
5036,2017-10,0,-1
5037,2015-04,0,-1
5037,2015-07,0,-1
5037,2015-10,0,-1
5037,2016-02,0,-1
5037,2016-06,0,-1
5037,2016-10,0,-1
5037,2017-02,1,-1
5037,2017-06,0,-1
5037,2017-10,0,-1
5038,2015-04,0,-1
5038,2015-07,0,-1
5038,2015-10,0,-1
5038,2016-02,0,-1
5038,2016-06,0,-1
5038,2016-10,0,-1
5038,2017-02,1,-1
5038,2017-06,0,-1
5038,2017-10,0,-1
5039,2015-04,0,-1
5039,2015-07,0,-1
5039,2015-10,0,-1
5039,2016-02,0,-1
5039,2016-06,0,-1
5039,2016-10,0,-1
5039,2017-02,0,-1
5039,2017-06,0,-1
5039,2017-10,0,-1
5040,2015-04,1,-1
5040,2015-07,0,-1
5040,2015-10,0,-1
5040,2016-02,0,-1
5040,2016-06,0,-1
5040,2016-10,0,-1
5040,2017-02,0,-1
5040,2017-06,0,-1
5040,2017-10,0,-1
5041,2015-04,1,-1
5041,2015-07,0,-1
5041,2015-10,0,-1
5041,2016-02,0,-1
5041,2016-06,0,-1
5041,2016-10,0,-1
5041,2017-02,1,-1
5041,2017-06,0,-1
5041,2017-10,0,-1
5042,2015-04,0,-1
5042,2015-07,0,-1
5042,2015-10,0,-1
5042,2016-02,1,-1
5042,2016-06,0,-1
5042,2016-10,0,-1
5042,2017-02,1,-1
5042,2017-06,0,-1
5042,2017-10,0,-1
5043,2015-04,1,-1
5043,2015-07,0,-1
5043,2015-10,0,-1
5043,2016-02,0,-1
5043,2016-06,0,-1
5043,2016-10,0,-1
5043,2017-02,0,-1
5043,2017-06,0,-1
5043,2017-10,0,-1
5044,2015-04,0,-1
5044,2015-07,0,-1
5044,2015-10,0,-1
5044,2016-02,0,-1
5044,2016-06,0,-1
5044,2016-10,0,-1
5044,2017-02,0,-1
5044,2017-06,0,-1
5044,2017-10,0,-1
5045,2015-04,0,-1
5045,2015-07,0,-1
5045,2015-10,0,-1
5045,2016-02,1,-1
5045,2016-06,0,-1
5045,2016-10,0,-1
5045,2017-02,1,-1
5045,2017-06,0,-1
5045,2017-10,0,-1
5046,2015-04,0,-1
5046,2015-07,0,-1
5046,2015-10,0,-1
5046,2016-02,1,-1
5046,2016-06,0,-1
5046,2016-10,0,-1
5046,2017-02,1,-1
5046,2017-06,0,-1
5046,2017-10,0,-1
5047,2015-04,0,-1
5047,2015-07,0,-1
5047,2015-10,0,-1
5047,2016-02,1,-1
5047,2016-06,0,-1
5047,2016-10,0,-1
5047,2017-02,1,-1
5047,2017-06,0,-1
5047,2017-10,0,-1
5048,2015-04,0,-1
5048,2015-07,0,-1
5048,2015-10,0,-1
5048,2016-02,0,-1
5048,2016-06,0,-1
5048,2016-10,0,-1
5048,2017-02,0,-1
5048,2017-06,0,-1
5048,2017-10,0,-1
5049,2015-04,0,-1
5049,2015-07,0,-1
5049,2015-10,0,-1
5049,2016-02,1,-1
5049,2016-06,0,-1
5049,2016-10,0,-1
5049,2017-02,1,-1
5049,2017-06,1,-1
5049,2017-10,0,-1
5050,2015-04,0,-1
5050,2015-07,0,-1
5050,2015-10,0,-1
5050,2016-02,0,-1
5050,2016-06,0,-1
5050,2016-10,0,-1
5050,2017-02,0,-1
5050,2017-06,0,-1
5050,2017-10,0,-1
5051,2015-04,0,-1
5051,2015-07,0,-1
5051,2015-10,0,-1
5051,2016-02,1,-1
5051,2016-06,0,-1
5051,2016-10,0,-1
5051,2017-02,0,-1
5051,2017-06,0,-1
5051,2017-10,0,-1
5052,2015-04,0,-1
5052,2015-07,0,-1
5052,2015-10,0,-1
5052,2016-02,1,-1
5052,2016-06,0,-1
5052,2016-10,0,-1
5052,2017-02,1,-1
5052,2017-06,0,-1
5052,2017-10,0,-1
5053,2015-04,0,-1
5053,2015-07,0,-1
5053,2015-10,0,-1
5053,2016-02,1,-1
5053,2016-06,0,-1
5053,2016-10,0,-1
5053,2017-02,0,-1
5053,2017-06,0,-1
5053,2017-10,0,-1
5054,2015-04,0,-1
5054,2015-07,0,-1
5054,2015-10,0,-1
5054,2016-02,0,-1
5054,2016-06,0,-1
5054,2016-10,0,-1
5054,2017-02,0,-1
5054,2017-06,0,-1
5054,2017-10,0,-1
5055,2015-04,0,-1
5055,2015-07,0,-1
5055,2015-10,0,-1
5055,2016-02,1,-1
5055,2016-06,0,-1
5055,2016-10,0,-1
5055,2017-02,1,-1
5055,2017-06,0,-1
5055,2017-10,0,-1
5056,2015-04,0,-1
5056,2015-07,0,-1
5056,2015-10,0,-1
5056,2016-02,1,-1
5056,2016-06,0,-1
5056,2016-10,0,-1
5056,2017-02,0,-1
5056,2017-06,0,-1
5056,2017-10,0,-1
5057,2015-04,0,-1
5057,2015-07,0,-1
5057,2015-10,0,-1
5057,2016-02,1,-1
5057,2016-06,0,-1
5057,2016-10,0,-1
5057,2017-02,0,-1
5057,2017-06,0,-1
5057,2017-10,0,-1
5058,2015-04,0,-1
5058,2015-07,0,-1
5058,2015-10,0,-1
5058,2016-02,1,-1
5058,2016-06,0,-1
5058,2016-10,0,-1
5058,2017-02,1,-1
5058,2017-06,0,-1
5058,2017-10,0,-1
5059,2015-04,0,-1
5059,2015-07,0,-1
5059,2015-10,0,-1
5059,2016-02,0,-1
5059,2016-06,0,-1
5059,2016-10,0,-1
5059,2017-02,1,-1
5059,2017-06,0,-1
5059,2017-10,0,-1
5060,2015-04,0,-1
5060,2015-07,0,-1
5060,2015-10,0,-1
5060,2016-02,1,-1
5060,2016-06,0,-1
5060,2016-10,0,-1
5060,2017-02,1,-1
5060,2017-06,0,-1
5060,2017-10,0,-1
5061,2015-04,0,-1
5061,2015-07,0,-1
5061,2015-10,0,-1
5061,2016-02,0,-1
5061,2016-06,0,-1
5061,2016-10,0,-1
5061,2017-02,0,-1
5061,2017-06,1,-1
5061,2017-10,0,-1
5062,2015-04,0,-1
5062,2015-07,0,-1
5062,2015-10,0,-1
5062,2016-02,1,-1
5062,2016-06,0,-1
5062,2016-10,0,-1
5062,2017-02,1,-1
5062,2017-06,1,-1
5062,2017-10,0,-1
5063,2015-04,0,-1
5063,2015-07,0,-1
5063,2015-10,0,-1
5063,2016-02,1,-1
5063,2016-06,0,-1
5063,2016-10,0,-1
5063,2017-02,1,-1
5063,2017-06,1,-1
5063,2017-10,0,-1
5064,2015-04,0,-1
5064,2015-07,0,-1
5064,2015-10,0,-1
5064,2016-02,0,-1
5064,2016-06,0,-1
5064,2016-10,0,-1
5064,2017-02,0,-1
5064,2017-06,1,-1
5064,2017-10,0,-1
5065,2015-04,0,-1
5065,2015-07,0,-1
5065,2015-10,0,-1
5065,2016-02,1,-1
5065,2016-06,0,-1
5065,2016-10,0,-1
5065,2017-02,1,-1
5065,2017-06,1,-1
5065,2017-10,0,-1
5066,2015-04,0,-1
5066,2015-07,0,-1
5066,2015-10,0,-1
5066,2016-02,0,-1
5066,2016-06,0,-1
5066,2016-10,0,-1
5066,2017-02,0,-1
5066,2017-06,1,-1
5066,2017-10,0,-1
5067,2015-04,0,-1
5067,2015-07,0,-1
5067,2015-10,0,-1
5067,2016-02,0,-1
5067,2016-06,0,-1
5067,2016-10,0,-1
5067,2017-02,0,-1
5067,2017-06,0,-1
5067,2017-10,0,-1
5068,2015-04,0,-1
5068,2015-07,0,-1
5068,2015-10,0,-1
5068,2016-02,1,-1
5068,2016-06,0,-1
5068,2016-10,0,-1
5068,2017-02,1,-1
5068,2017-06,0,-1
5068,2017-10,0,-1
5069,2015-04,0,-1
5069,2015-07,0,-1
5069,2015-10,0,-1
5069,2016-02,0,-1
5069,2016-06,0,-1
5069,2016-10,0,-1
5069,2017-02,0,-1
5069,2017-06,1,-1
5069,2017-10,0,-1
5070,2015-04,0,-1
5070,2015-07,0,-1
5070,2015-10,0,-1
5070,2016-02,0,-1
5070,2016-06,0,-1
5070,2016-10,0,-1
5070,2017-02,0,-1
5070,2017-06,0,-1
5070,2017-10,0,-1
5071,2015-04,0,-1
5071,2015-07,0,-1
5071,2015-10,0,-1
5071,2016-02,1,-1
5071,2016-06,0,-1
5071,2016-10,0,-1
5071,2017-02,1,-1
5071,2017-06,0,-1
5071,2017-10,0,-1
5072,2015-04,0,-1
5072,2015-07,0,-1
5072,2015-10,0,-1
5072,2016-02,0,-1
5072,2016-06,0,-1
5072,2016-10,0,-1
5072,2017-02,0,-1
5072,2017-06,1,-1
5072,2017-10,0,-1
5073,2015-04,0,-1
5073,2015-07,0,-1
5073,2015-10,0,-1
5073,2016-02,0,-1
5073,2016-06,0,-1
5073,2016-10,0,-1
5073,2017-02,0,-1
5073,2017-06,1,-1
5073,2017-10,0,-1
5074,2015-04,0,-1
5074,2015-07,0,-1
5074,2015-10,0,-1
5074,2016-02,0,-1
5074,2016-06,0,-1
5074,2016-10,0,-1
5074,2017-02,0,-1
5074,2017-06,0,-1
5074,2017-10,0,-1
5075,2015-04,0,-1
5075,2015-07,0,-1
5075,2015-10,0,-1
5075,2016-02,1,-1
5075,2016-06,0,-1
5075,2016-10,0,-1
5075,2017-02,1,-1
5075,2017-06,0,-1
5075,2017-10,0,-1
5076,2015-04,0,-1
5076,2015-07,0,-1
5076,2015-10,0,-1
5076,2016-02,1,-1
5076,2016-06,0,-1
5076,2016-10,0,-1
5076,2017-02,1,-1
5076,2017-06,1,-1
5076,2017-10,0,-1
5077,2015-04,0,-1
5077,2015-07,0,-1
5077,2015-10,0,-1
5077,2016-02,0,-1
5077,2016-06,0,-1
5077,2016-10,0,-1
5077,2017-02,0,-1
5077,2017-06,0,-1
5077,2017-10,0,-1
5078,2015-04,0,-1
5078,2015-07,0,-1
5078,2015-10,0,-1
5078,2016-02,0,-1
5078,2016-06,0,-1
5078,2016-10,0,-1
5078,2017-02,0,-1
5078,2017-06,1,-1
5078,2017-10,0,-1
5079,2015-04,0,-1
5079,2015-07,0,-1
5079,2015-10,0,-1
5079,2016-02,0,-1
5079,2016-06,0,-1
5079,2016-10,0,-1
5079,2017-02,0,-1
5079,2017-06,0,-1
5079,2017-10,0,-1
5080,2015-04,0,-1
5080,2015-07,0,-1
5080,2015-10,0,-1
5080,2016-02,0,-1
5080,2016-06,0,-1
5080,2016-10,0,-1
5080,2017-02,0,-1
5080,2017-06,0,-1
5080,2017-10,0,-1
5081,2015-04,0,-1
5081,2015-07,0,-1
5081,2015-10,0,-1
5081,2016-02,0,-1
5081,2016-06,0,-1
5081,2016-10,0,-1
5081,2017-02,0,-1
5081,2017-06,0,-1
5081,2017-10,0,-1
5082,2015-04,0,-1
5082,2015-07,0,-1
5082,2015-10,0,-1
5082,2016-02,0,-1
5082,2016-06,0,-1
5082,2016-10,0,-1
5082,2017-02,0,-1
5082,2017-06,0,-1
5082,2017-10,0,-1
5083,2015-04,0,-1
5083,2015-07,0,-1
5083,2015-10,0,-1
5083,2016-02,0,-1
5083,2016-06,0,-1
5083,2016-10,0,-1
5083,2017-02,0,-1
5083,2017-06,0,-1
5083,2017-10,0,-1
5084,2015-04,0,-1
5084,2015-07,0,-1
5084,2015-10,0,-1
5084,2016-02,0,-1
5084,2016-06,0,-1
5084,2016-10,0,-1
5084,2017-02,0,-1
5084,2017-06,0,-1
5084,2017-10,0,-1
5085,2015-04,0,-1
5085,2015-07,0,-1
5085,2015-10,0,-1
5085,2016-02,1,-1
5085,2016-06,0,-1
5085,2016-10,0,-1
5085,2017-02,0,-1
5085,2017-06,0,-1
5085,2017-10,0,-1
5086,2015-04,0,-1
5086,2015-07,0,-1
5086,2015-10,0,-1
5086,2016-02,0,-1
5086,2016-06,0,-1
5086,2016-10,0,-1
5086,2017-02,0,-1
5086,2017-06,0,-1
5086,2017-10,0,-1
5087,2015-04,0,-1
5087,2015-07,0,-1
5087,2015-10,0,-1
5087,2016-02,0,-1
5087,2016-06,0,-1
5087,2016-10,0,-1
5087,2017-02,0,-1
5087,2017-06,0,-1
5087,2017-10,0,-1
5088,2015-04,0,-1
5088,2015-07,0,-1
5088,2015-10,0,-1
5088,2016-02,0,-1
5088,2016-06,0,-1
5088,2016-10,0,-1
5088,2017-02,0,-1
5088,2017-06,0,-1
5088,2017-10,0,-1
5089,2015-04,0,-1
5089,2015-07,0,-1
5089,2015-10,0,-1
5089,2016-02,0,-1
5089,2016-06,0,-1
5089,2016-10,0,-1
5089,2017-02,0,-1
5089,2017-06,0,-1
5089,2017-10,0,-1
5090,2015-04,0,-1
5090,2015-07,0,-1
5090,2015-10,0,-1
5090,2016-02,0,-1
5090,2016-06,0,-1
5090,2016-10,0,-1
5090,2017-02,0,-1
5090,2017-06,0,-1
5090,2017-10,0,-1
5091,2015-04,0,-1
5091,2015-07,0,-1
5091,2015-10,0,-1
5091,2016-02,0,-1
5091,2016-06,0,-1
5091,2016-10,0,-1
5091,2017-02,0,-1
5091,2017-06,0,-1
5091,2017-10,0,-1
5092,2015-04,0,-1
5092,2015-07,0,-1
5092,2015-10,0,-1
5092,2016-02,0,-1
5092,2016-06,0,-1
5092,2016-10,0,-1
5092,2017-02,0,-1
5092,2017-06,0,-1
5092,2017-10,0,-1
5093,2015-04,0,-1
5093,2015-07,0,-1
5093,2015-10,0,-1
5093,2016-02,0,-1
5093,2016-06,0,-1
5093,2016-10,0,-1
5093,2017-02,0,-1
5093,2017-06,0,-1
5093,2017-10,0,-1
5094,2015-04,0,-1
5094,2015-07,0,-1
5094,2015-10,0,-1
5094,2016-02,0,-1
5094,2016-06,0,-1
5094,2016-10,0,-1
5094,2017-02,0,-1
5094,2017-06,0,-1
5094,2017-10,0,-1
5095,2015-04,0,-1
5095,2015-07,0,-1
5095,2015-10,0,-1
5095,2016-02,0,-1
5095,2016-06,0,-1
5095,2016-10,0,-1
5095,2017-02,0,-1
5095,2017-06,1,-1
5095,2017-10,0,-1
5096,2015-04,0,-1
5096,2015-07,0,-1
5096,2015-10,0,-1
5096,2016-02,0,-1
5096,2016-06,0,-1
5096,2016-10,0,-1
5096,2017-02,0,-1
5096,2017-06,0,-1
5096,2017-10,0,-1
5097,2015-04,0,-1
5097,2015-07,0,-1
5097,2015-10,0,-1
5097,2016-02,0,-1
5097,2016-06,0,-1
5097,2016-10,0,-1
5097,2017-02,0,-1
5097,2017-06,1,-1
5097,2017-10,0,-1
5098,2015-04,0,-1
5098,2015-07,0,-1
5098,2015-10,0,-1
5098,2016-02,0,-1
5098,2016-06,0,-1
5098,2016-10,0,-1
5098,2017-02,0,-1
5098,2017-06,0,-1
5098,2017-10,0,-1
5099,2015-04,0,-1
5099,2015-07,0,-1
5099,2015-10,0,-1
5099,2016-02,0,-1
5099,2016-06,0,-1
5099,2016-10,0,-1
5099,2017-02,0,-1
5099,2017-06,0,-1
5099,2017-10,0,-1
5100,2015-04,0,-1
5100,2015-07,0,-1
5100,2015-10,0,-1
5100,2016-02,0,-1
5100,2016-06,0,-1
5100,2016-10,0,-1
5100,2017-02,0,-1
5100,2017-06,0,-1
5100,2017-10,0,-1
5101,2015-04,0,-1
5101,2015-07,0,-1
5101,2015-10,0,-1
5101,2016-02,0,-1
5101,2016-06,0,-1
5101,2016-10,0,-1
5101,2017-02,0,-1
5101,2017-06,0,-1
5101,2017-10,0,-1
5102,2015-04,0,-1
5102,2015-07,0,-1
5102,2015-10,0,-1
5102,2016-02,0,-1
5102,2016-06,0,-1
5102,2016-10,0,-1
5102,2017-02,1,-1
5102,2017-06,0,-1
5102,2017-10,0,-1
5103,2015-04,0,-1
5103,2015-07,0,-1
5103,2015-10,0,-1
5103,2016-02,1,-1
5103,2016-06,0,-1
5103,2016-10,0,-1
5103,2017-02,1,-1
5103,2017-06,0,-1
5103,2017-10,0,-1
5104,2015-04,0,-1
5104,2015-07,0,-1
5104,2015-10,0,-1
5104,2016-02,0,-1
5104,2016-06,0,-1
5104,2016-10,0,-1
5104,2017-02,0,-1
5104,2017-06,0,-1
5104,2017-10,0,-1
5105,2015-04,0,-1
5105,2015-07,0,-1
5105,2015-10,0,-1
5105,2016-02,0,-1
5105,2016-06,0,-1
5105,2016-10,0,-1
5105,2017-02,0,-1
5105,2017-06,0,-1
5105,2017-10,0,-1
5106,2015-04,0,-1
5106,2015-07,0,-1
5106,2015-10,0,-1
5106,2016-02,0,-1
5106,2016-06,0,-1
5106,2016-10,0,-1
5106,2017-02,0,-1
5106,2017-06,1,-1
5106,2017-10,0,-1
5107,2015-04,0,-1
5107,2015-07,0,-1
5107,2015-10,0,-1
5107,2016-02,0,-1
5107,2016-06,0,-1
5107,2016-10,0,-1
5107,2017-02,0,-1
5107,2017-06,0,-1
5107,2017-10,0,-1
5108,2015-04,0,-1
5108,2015-07,0,-1
5108,2015-10,0,-1
5108,2016-02,1,-1
5108,2016-06,0,-1
5108,2016-10,0,-1
5108,2017-02,1,-1
5108,2017-06,0,-1
5108,2017-10,0,-1
5109,2015-04,0,-1
5109,2015-07,0,-1
5109,2015-10,0,-1
5109,2016-02,1,-1
5109,2016-06,0,-1
5109,2016-10,0,-1
5109,2017-02,1,-1
5109,2017-06,0,-1
5109,2017-10,0,-1
5110,2015-04,0,-1
5110,2015-07,0,-1
5110,2015-10,0,-1
5110,2016-02,1,-1
5110,2016-06,0,-1
5110,2016-10,0,-1
5110,2017-02,1,-1
5110,2017-06,0,-1
5110,2017-10,0,-1
5111,2015-04,0,-1
5111,2015-07,0,-1
5111,2015-10,0,-1
5111,2016-02,0,-1
5111,2016-06,0,-1
5111,2016-10,0,-1
5111,2017-02,0,-1
5111,2017-06,0,-1
5111,2017-10,0,-1
5112,2015-04,0,-1
5112,2015-07,0,-1
5112,2015-10,0,-1
5112,2016-02,1,-1
5112,2016-06,0,-1
5112,2016-10,0,-1
5112,2017-02,1,-1
5112,2017-06,0,-1
5112,2017-10,0,-1
5113,2015-04,0,-1
5113,2015-07,0,-1
5113,2015-10,0,-1
5113,2016-02,0,-1
5113,2016-06,0,-1
5113,2016-10,0,-1
5113,2017-02,0,-1
5113,2017-06,0,-1
5113,2017-10,0,-1
5114,2015-04,0,-1
5114,2015-07,0,-1
5114,2015-10,0,-1
5114,2016-02,0,-1
5114,2016-06,0,-1
5114,2016-10,0,-1
5114,2017-02,0,-1
5114,2017-06,0,-1
5114,2017-10,0,-1
5115,2015-04,0,-1
5115,2015-07,0,-1
5115,2015-10,0,-1
5115,2016-02,1,-1
5115,2016-06,0,-1
5115,2016-10,0,-1
5115,2017-02,1,-1
5115,2017-06,0,-1
5115,2017-10,0,-1
5116,2015-04,0,-1
5116,2015-07,0,-1
5116,2015-10,0,-1
5116,2016-02,0,-1
5116,2016-06,0,-1
5116,2016-10,0,-1
5116,2017-02,0,-1
5116,2017-06,0,-1
5116,2017-10,0,-1
5117,2015-04,0,-1
5117,2015-07,0,-1
5117,2015-10,0,-1
5117,2016-02,0,-1
5117,2016-06,0,-1
5117,2016-10,0,-1
5117,2017-02,0,-1
5117,2017-06,0,-1
5117,2017-10,0,-1
5118,2015-04,0,-1
5118,2015-07,0,-1
5118,2015-10,0,-1
5118,2016-02,0,-1
5118,2016-06,0,-1
5118,2016-10,0,-1
5118,2017-02,0,-1
5118,2017-06,0,-1
5118,2017-10,0,-1
5119,2015-04,0,-1
5119,2015-07,0,-1
5119,2015-10,0,-1
5119,2016-02,0,-1
5119,2016-06,0,-1
5119,2016-10,0,-1
5119,2017-02,0,-1
5119,2017-06,0,-1
5119,2017-10,0,-1
5120,2015-04,0,-1
5120,2015-07,0,-1
5120,2015-10,0,-1
5120,2016-02,0,-1
5120,2016-06,0,-1
5120,2016-10,0,-1
5120,2017-02,0,-1
5120,2017-06,0,-1
5120,2017-10,0,-1
5121,2015-04,0,-1
5121,2015-07,0,-1
5121,2015-10,0,-1
5121,2016-02,0,-1
5121,2016-06,0,-1
5121,2016-10,0,-1
5121,2017-02,0,-1
5121,2017-06,0,-1
5121,2017-10,0,-1
5122,2015-04,0,-1
5122,2015-07,0,-1
5122,2015-10,0,-1
5122,2016-02,0,-1
5122,2016-06,0,-1
5122,2016-10,0,-1
5122,2017-02,0,-1
5122,2017-06,0,-1
5122,2017-10,0,-1
5123,2015-04,0,-1
5123,2015-07,0,-1
5123,2015-10,0,-1
5123,2016-02,0,-1
5123,2016-06,0,-1
5123,2016-10,0,-1
5123,2017-02,0,-1
5123,2017-06,0,-1
5123,2017-10,0,-1
5124,2015-04,0,-1
5124,2015-07,0,-1
5124,2015-10,0,-1
5124,2016-02,0,-1
5124,2016-06,0,-1
5124,2016-10,0,-1
5124,2017-02,0,-1
5124,2017-06,0,-1
5124,2017-10,0,-1
5125,2015-04,0,-1
5125,2015-07,0,-1
5125,2015-10,0,-1
5125,2016-02,0,-1
5125,2016-06,0,-1
5125,2016-10,0,-1
5125,2017-02,0,-1
5125,2017-06,0,-1
5125,2017-10,0,-1
5126,2015-04,0,-1
5126,2015-07,0,-1
5126,2015-10,0,-1
5126,2016-02,0,-1
5126,2016-06,0,-1
5126,2016-10,0,-1
5126,2017-02,0,-1
5126,2017-06,0,-1
5126,2017-10,0,-1
5127,2015-04,0,-1
5127,2015-07,0,-1
5127,2015-10,0,-1
5127,2016-02,0,-1
5127,2016-06,0,-1
5127,2016-10,0,-1
5127,2017-02,0,-1
5127,2017-06,0,-1
5127,2017-10,0,-1
5128,2015-04,0,-1
5128,2015-07,0,-1
5128,2015-10,0,-1
5128,2016-02,0,-1
5128,2016-06,0,-1
5128,2016-10,0,-1
5128,2017-02,0,-1
5128,2017-06,0,-1
5128,2017-10,0,-1
5129,2015-04,0,-1
5129,2015-07,0,-1
5129,2015-10,0,-1
5129,2016-02,0,-1
5129,2016-06,0,-1
5129,2016-10,0,-1
5129,2017-02,0,-1
5129,2017-06,0,-1
5129,2017-10,0,-1
5130,2015-04,0,-1
5130,2015-07,0,-1
5130,2015-10,0,-1
5130,2016-02,0,-1
5130,2016-06,0,-1
5130,2016-10,0,-1
5130,2017-02,0,-1
5130,2017-06,0,-1
5130,2017-10,0,-1
5131,2015-04,0,-1
5131,2015-07,0,-1
5131,2015-10,0,-1
5131,2016-02,0,-1
5131,2016-06,0,-1
5131,2016-10,0,-1
5131,2017-02,0,-1
5131,2017-06,0,-1
5131,2017-10,0,-1
5132,2015-04,0,-1
5132,2015-07,0,-1
5132,2015-10,0,-1
5132,2016-02,1,-1
5132,2016-06,0,-1
5132,2016-10,0,-1
5132,2017-02,0,-1
5132,2017-06,0,-1
5132,2017-10,0,-1
5133,2015-04,0,-1
5133,2015-07,0,-1
5133,2015-10,0,-1
5133,2016-02,0,-1
5133,2016-06,0,-1
5133,2016-10,0,-1
5133,2017-02,0,-1
5133,2017-06,0,-1
5133,2017-10,0,-1
5134,2015-04,0,-1
5134,2015-07,0,-1
5134,2015-10,0,-1
5134,2016-02,0,-1
5134,2016-06,0,-1
5134,2016-10,0,-1
5134,2017-02,0,-1
5134,2017-06,1,-1
5134,2017-10,0,-1
5135,2015-04,0,-1
5135,2015-07,0,-1
5135,2015-10,0,-1
5135,2016-02,0,-1
5135,2016-06,0,-1
5135,2016-10,0,-1
5135,2017-02,0,-1
5135,2017-06,1,-1
5135,2017-10,0,-1
5136,2015-04,0,-1
5136,2015-07,0,-1
5136,2015-10,0,-1
5136,2016-02,0,-1
5136,2016-06,0,-1
5136,2016-10,0,-1
5136,2017-02,0,-1
5136,2017-06,0,-1
5136,2017-10,0,-1
5137,2015-04,0,-1
5137,2015-07,0,-1
5137,2015-10,0,-1
5137,2016-02,0,-1
5137,2016-06,0,-1
5137,2016-10,0,-1
5137,2017-02,0,-1
5137,2017-06,0,-1
5137,2017-10,0,-1
5138,2015-04,0,-1
5138,2015-07,0,-1
5138,2015-10,0,-1
5138,2016-02,0,-1
5138,2016-06,0,-1
5138,2016-10,0,-1
5138,2017-02,0,-1
5138,2017-06,0,-1
5138,2017-10,0,-1
5139,2015-04,0,-1
5139,2015-07,0,-1
5139,2015-10,0,-1
5139,2016-02,0,-1
5139,2016-06,0,-1
5139,2016-10,0,-1
5139,2017-02,1,-1
5139,2017-06,0,-1
5139,2017-10,0,-1
5140,2015-04,0,-1
5140,2015-07,0,-1
5140,2015-10,0,-1
5140,2016-02,1,-1
5140,2016-06,0,-1
5140,2016-10,0,-1
5140,2017-02,1,-1
5140,2017-06,0,-1
5140,2017-10,0,-1
5141,2015-04,0,-1
5141,2015-07,0,-1
5141,2015-10,0,-1
5141,2016-02,0,-1
5141,2016-06,0,-1
5141,2016-10,0,-1
5141,2017-02,0,-1
5141,2017-06,0,-1
5141,2017-10,0,-1
5142,2015-04,0,-1
5142,2015-07,0,-1
5142,2015-10,0,-1
5142,2016-02,0,-1
5142,2016-06,0,-1
5142,2016-10,0,-1
5142,2017-02,0,-1
5142,2017-06,0,-1
5142,2017-10,0,-1
5143,2015-04,0,-1
5143,2015-07,0,-1
5143,2015-10,0,-1
5143,2016-02,0,-1
5143,2016-06,0,-1
5143,2016-10,0,-1
5143,2017-02,0,-1
5143,2017-06,0,-1
5143,2017-10,0,-1
5144,2015-04,0,-1
5144,2015-07,0,-1
5144,2015-10,0,-1
5144,2016-02,0,-1
5144,2016-06,0,-1
5144,2016-10,0,-1
5144,2017-02,0,-1
5144,2017-06,0,-1
5144,2017-10,0,-1
5145,2015-04,0,-1
5145,2015-07,0,-1
5145,2015-10,0,-1
5145,2016-02,0,-1
5145,2016-06,0,-1
5145,2016-10,0,-1
5145,2017-02,0,-1
5145,2017-06,0,-1
5145,2017-10,0,-1
5146,2015-04,0,-1
5146,2015-07,0,-1
5146,2015-10,0,-1
5146,2016-02,0,-1
5146,2016-06,0,-1
5146,2016-10,0,-1
5146,2017-02,0,-1
5146,2017-06,0,-1
5146,2017-10,0,-1
5147,2015-04,0,-1
5147,2015-07,0,-1
5147,2015-10,0,-1
5147,2016-02,1,-1
5147,2016-06,0,-1
5147,2016-10,0,-1
5147,2017-02,1,-1
5147,2017-06,0,-1
5147,2017-10,0,-1
5148,2015-04,0,-1
5148,2015-07,0,-1
5148,2015-10,0,-1
5148,2016-02,0,-1
5148,2016-06,0,-1
5148,2016-10,0,-1
5148,2017-02,0,-1
5148,2017-06,0,-1
5148,2017-10,0,-1
5149,2015-04,0,-1
5149,2015-07,0,-1
5149,2015-10,0,-1
5149,2016-02,1,-1
5149,2016-06,0,-1
5149,2016-10,0,-1
5149,2017-02,1,-1
5149,2017-06,0,-1
5149,2017-10,0,-1
5150,2015-04,0,-1
5150,2015-07,0,-1
5150,2015-10,0,-1
5150,2016-02,1,-1
5150,2016-06,0,-1
5150,2016-10,0,-1
5150,2017-02,1,-1
5150,2017-06,0,-1
5150,2017-10,0,-1
5151,2015-04,0,-1
5151,2015-07,0,-1
5151,2015-10,0,-1
5151,2016-02,1,-1
5151,2016-06,0,-1
5151,2016-10,0,-1
5151,2017-02,1,-1
5151,2017-06,0,-1
5151,2017-10,0,-1
5152,2015-04,0,-1
5152,2015-07,0,-1
5152,2015-10,0,-1
5152,2016-02,1,-1
5152,2016-06,0,-1
5152,2016-10,0,-1
5152,2017-02,1,-1
5152,2017-06,0,-1
5152,2017-10,0,-1
5153,2015-04,0,-1
5153,2015-07,0,-1
5153,2015-10,0,-1
5153,2016-02,1,-1
5153,2016-06,0,-1
5153,2016-10,0,-1
5153,2017-02,1,-1
5153,2017-06,0,-1
5153,2017-10,0,-1
5154,2015-04,0,-1
5154,2015-07,0,-1
5154,2015-10,0,-1
5154,2016-02,0,-1
5154,2016-06,0,-1
5154,2016-10,0,-1
5154,2017-02,0,-1
5154,2017-06,0,-1
5154,2017-10,0,-1
5155,2015-04,0,-1
5155,2015-07,0,-1
5155,2015-10,0,-1
5155,2016-02,0,-1
5155,2016-06,0,-1
5155,2016-10,0,-1
5155,2017-02,0,-1
5155,2017-06,0,-1
5155,2017-10,0,-1
5156,2015-04,0,-1
5156,2015-07,0,-1
5156,2015-10,0,-1
5156,2016-02,1,-1
5156,2016-06,0,-1
5156,2016-10,0,-1
5156,2017-02,1,-1
5156,2017-06,0,-1
5156,2017-10,0,-1
5157,2015-04,0,-1
5157,2015-07,0,-1
5157,2015-10,0,-1
5157,2016-02,0,-1
5157,2016-06,0,-1
5157,2016-10,0,-1
5157,2017-02,0,-1
5157,2017-06,0,-1
5157,2017-10,0,-1
5158,2015-04,0,-1
5158,2015-07,0,-1
5158,2015-10,0,-1
5158,2016-02,0,-1
5158,2016-06,0,-1
5158,2016-10,0,-1
5158,2017-02,1,-1
5158,2017-06,0,-1
5158,2017-10,0,-1
5159,2015-04,0,-1
5159,2015-07,0,-1
5159,2015-10,0,-1
5159,2016-02,0,-1
5159,2016-06,0,-1
5159,2016-10,0,-1
5159,2017-02,0,-1
5159,2017-06,0,-1
5159,2017-10,0,-1
5160,2015-04,0,-1
5160,2015-07,0,-1
5160,2015-10,0,-1
5160,2016-02,1,-1
5160,2016-06,0,-1
5160,2016-10,0,-1
5160,2017-02,1,-1
5160,2017-06,0,-1
5160,2017-10,0,-1
5161,2015-04,0,-1
5161,2015-07,0,-1
5161,2015-10,0,-1
5161,2016-02,0,-1
5161,2016-06,0,-1
5161,2016-10,0,-1
5161,2017-02,0,-1
5161,2017-06,0,-1
5161,2017-10,0,-1
5162,2015-04,0,-1
5162,2015-07,0,-1
5162,2015-10,0,-1
5162,2016-02,1,-1
5162,2016-06,0,-1
5162,2016-10,0,-1
5162,2017-02,1,-1
5162,2017-06,0,-1
5162,2017-10,0,-1
5163,2015-04,0,-1
5163,2015-07,0,-1
5163,2015-10,0,-1
5163,2016-02,0,-1
5163,2016-06,0,-1
5163,2016-10,0,-1
5163,2017-02,0,-1
5163,2017-06,0,-1
5163,2017-10,0,-1
5164,2015-04,0,-1
5164,2015-07,0,-1
5164,2015-10,0,-1
5164,2016-02,1,-1
5164,2016-06,0,-1
5164,2016-10,0,-1
5164,2017-02,1,-1
5164,2017-06,0,-1
5164,2017-10,0,-1
5165,2015-04,0,-1
5165,2015-07,0,-1
5165,2015-10,0,-1
5165,2016-02,1,-1
5165,2016-06,0,-1
5165,2016-10,0,-1
5165,2017-02,1,-1
5165,2017-06,0,-1
5165,2017-10,0,-1
5166,2015-04,0,-1
5166,2015-07,0,-1
5166,2015-10,0,-1
5166,2016-02,1,-1
5166,2016-06,0,-1
5166,2016-10,0,-1
5166,2017-02,1,-1
5166,2017-06,0,-1
5166,2017-10,0,-1
5167,2015-04,0,-1
5167,2015-07,0,-1
5167,2015-10,0,-1
5167,2016-02,1,-1
5167,2016-06,0,-1
5167,2016-10,0,-1
5167,2017-02,1,-1
5167,2017-06,0,-1
5167,2017-10,0,-1
5168,2015-04,0,-1
5168,2015-07,0,-1
5168,2015-10,0,-1
5168,2016-02,1,-1
5168,2016-06,0,-1
5168,2016-10,0,-1
5168,2017-02,1,-1
5168,2017-06,1,-1
5168,2017-10,0,-1
5169,2015-04,0,-1
5169,2015-07,0,-1
5169,2015-10,0,-1
5169,2016-02,1,-1
5169,2016-06,0,-1
5169,2016-10,0,-1
5169,2017-02,1,-1
5169,2017-06,0,-1
5169,2017-10,0,-1
5170,2015-04,0,-1
5170,2015-07,0,-1
5170,2015-10,0,-1
5170,2016-02,1,-1
5170,2016-06,0,-1
5170,2016-10,0,-1
5170,2017-02,1,-1
5170,2017-06,0,-1
5170,2017-10,0,-1
5171,2015-04,0,-1
5171,2015-07,0,-1
5171,2015-10,0,-1
5171,2016-02,1,-1
5171,2016-06,0,-1
5171,2016-10,0,-1
5171,2017-02,1,-1
5171,2017-06,0,-1
5171,2017-10,0,-1
5172,2015-04,0,-1
5172,2015-07,0,-1
5172,2015-10,0,-1
5172,2016-02,1,-1
5172,2016-06,0,-1
5172,2016-10,0,-1
5172,2017-02,1,-1
5172,2017-06,0,-1
5172,2017-10,0,-1
5173,2015-04,0,-1
5173,2015-07,0,-1
5173,2015-10,0,-1
5173,2016-02,1,-1
5173,2016-06,0,-1
5173,2016-10,0,-1
5173,2017-02,1,-1
5173,2017-06,0,-1
5173,2017-10,0,-1
5174,2015-04,0,-1
5174,2015-07,0,-1
5174,2015-10,0,-1
5174,2016-02,1,-1
5174,2016-06,0,-1
5174,2016-10,0,-1
5174,2017-02,1,-1
5174,2017-06,0,-1
5174,2017-10,0,-1
5175,2015-04,0,-1
5175,2015-07,0,-1
5175,2015-10,0,-1
5175,2016-02,1,-1
5175,2016-06,0,-1
5175,2016-10,0,-1
5175,2017-02,1,-1
5175,2017-06,0,-1
5175,2017-10,0,-1
5176,2015-04,0,-1
5176,2015-07,0,-1
5176,2015-10,0,-1
5176,2016-02,0,-1
5176,2016-06,0,-1
5176,2016-10,0,-1
5176,2017-02,0,-1
5176,2017-06,1,-1
5176,2017-10,0,-1
5177,2015-04,0,-1
5177,2015-07,0,-1
5177,2015-10,0,-1
5177,2016-02,0,-1
5177,2016-06,0,-1
5177,2016-10,0,-1
5177,2017-02,0,-1
5177,2017-06,0,-1
5177,2017-10,0,-1
5178,2015-04,0,-1
5178,2015-07,0,-1
5178,2015-10,0,-1
5178,2016-02,0,-1
5178,2016-06,0,-1
5178,2016-10,0,-1
5178,2017-02,1,-1
5178,2017-06,0,-1
5178,2017-10,0,-1
5179,2015-04,0,-1
5179,2015-07,0,-1
5179,2015-10,0,-1
5179,2016-02,0,-1
5179,2016-06,0,-1
5179,2016-10,0,-1
5179,2017-02,0,-1
5179,2017-06,0,-1
5179,2017-10,0,-1
5180,2015-04,0,-1
5180,2015-07,0,-1
5180,2015-10,0,-1
5180,2016-02,0,-1
5180,2016-06,0,-1
5180,2016-10,0,-1
5180,2017-02,1,-1
5180,2017-06,0,-1
5180,2017-10,0,-1
5181,2015-04,0,-1
5181,2015-07,0,-1
5181,2015-10,0,-1
5181,2016-02,0,-1
5181,2016-06,0,-1
5181,2016-10,0,-1
5181,2017-02,0,-1
5181,2017-06,0,-1
5181,2017-10,0,-1
5182,2015-04,0,-1
5182,2015-07,0,-1
5182,2015-10,0,-1
5182,2016-02,0,-1
5182,2016-06,0,-1
5182,2016-10,0,-1
5182,2017-02,0,-1
5182,2017-06,0,-1
5182,2017-10,0,-1
5183,2015-04,0,-1
5183,2015-07,0,-1
5183,2015-10,0,-1
5183,2016-02,0,-1
5183,2016-06,0,-1
5183,2016-10,0,-1
5183,2017-02,0,-1
5183,2017-06,0,-1
5183,2017-10,0,-1
5184,2015-04,0,-1
5184,2015-07,0,-1
5184,2015-10,0,-1
5184,2016-02,0,-1
5184,2016-06,0,-1
5184,2016-10,0,-1
5184,2017-02,0,-1
5184,2017-06,0,-1
5184,2017-10,0,-1
5185,2015-04,0,-1
5185,2015-07,0,-1
5185,2015-10,0,-1
5185,2016-02,0,-1
5185,2016-06,0,-1
5185,2016-10,0,-1
5185,2017-02,0,-1
5185,2017-06,0,-1
5185,2017-10,0,-1
5186,2015-04,0,-1
5186,2015-07,0,-1
5186,2015-10,0,-1
5186,2016-02,0,-1
5186,2016-06,0,-1
5186,2016-10,0,-1
5186,2017-02,0,-1
5186,2017-06,0,-1
5186,2017-10,0,-1
5187,2015-04,0,-1
5187,2015-07,0,-1
5187,2015-10,0,-1
5187,2016-02,0,-1
5187,2016-06,0,-1
5187,2016-10,0,-1
5187,2017-02,0,-1
5187,2017-06,0,-1
5187,2017-10,0,-1
5188,2015-04,0,-1
5188,2015-07,0,-1
5188,2015-10,0,-1
5188,2016-02,0,-1
5188,2016-06,0,-1
5188,2016-10,0,-1
5188,2017-02,0,-1
5188,2017-06,0,-1
5188,2017-10,0,-1
5189,2015-04,0,-1
5189,2015-07,0,-1
5189,2015-10,0,-1
5189,2016-02,0,-1
5189,2016-06,0,-1
5189,2016-10,0,-1
5189,2017-02,0,-1
5189,2017-06,0,-1
5189,2017-10,0,-1
5190,2015-04,0,-1
5190,2015-07,0,-1
5190,2015-10,0,-1
5190,2016-02,0,-1
5190,2016-06,0,-1
5190,2016-10,0,-1
5190,2017-02,0,-1
5190,2017-06,1,-1
5190,2017-10,0,-1
5191,2015-04,0,-1
5191,2015-07,0,-1
5191,2015-10,0,-1
5191,2016-02,0,-1
5191,2016-06,0,-1
5191,2016-10,0,-1
5191,2017-02,0,-1
5191,2017-06,0,-1
5191,2017-10,0,-1
5192,2015-04,0,-1
5192,2015-07,0,-1
5192,2015-10,0,-1
5192,2016-02,0,-1
5192,2016-06,0,-1
5192,2016-10,0,-1
5192,2017-02,0,-1
5192,2017-06,0,-1
5192,2017-10,0,-1
5193,2015-04,0,-1
5193,2015-07,0,-1
5193,2015-10,0,-1
5193,2016-02,0,-1
5193,2016-06,0,-1
5193,2016-10,0,-1
5193,2017-02,0,-1
5193,2017-06,0,-1
5193,2017-10,0,-1
5194,2015-04,0,-1
5194,2015-07,0,-1
5194,2015-10,0,-1
5194,2016-02,0,-1
5194,2016-06,0,-1
5194,2016-10,0,-1
5194,2017-02,0,-1
5194,2017-06,0,-1
5194,2017-10,0,-1
5195,2015-04,0,-1
5195,2015-07,0,-1
5195,2015-10,0,-1
5195,2016-02,0,-1
5195,2016-06,0,-1
5195,2016-10,0,-1
5195,2017-02,0,-1
5195,2017-06,0,-1
5195,2017-10,0,-1
5196,2015-04,0,-1
5196,2015-07,0,-1
5196,2015-10,0,-1
5196,2016-02,0,-1
5196,2016-06,0,-1
5196,2016-10,0,-1
5196,2017-02,1,-1
5196,2017-06,1,-1
5196,2017-10,0,-1
5197,2015-04,0,-1
5197,2015-07,0,-1
5197,2015-10,0,-1
5197,2016-02,0,-1
5197,2016-06,0,-1
5197,2016-10,0,-1
5197,2017-02,1,-1
5197,2017-06,0,-1
5197,2017-10,0,-1
5198,2015-04,0,-1
5198,2015-07,0,-1
5198,2015-10,0,-1
5198,2016-02,1,-1
5198,2016-06,0,-1
5198,2016-10,0,-1
5198,2017-02,1,-1
5198,2017-06,0,-1
5198,2017-10,0,-1
5199,2015-04,0,-1
5199,2015-07,0,-1
5199,2015-10,0,-1
5199,2016-02,0,-1
5199,2016-06,0,-1
5199,2016-10,0,-1
5199,2017-02,0,-1
5199,2017-06,0,-1
5199,2017-10,0,-1
5200,2015-04,0,-1
5200,2015-07,0,-1
5200,2015-10,0,-1
5200,2016-02,0,-1
5200,2016-06,0,-1
5200,2016-10,0,-1
5200,2017-02,0,-1
5200,2017-06,0,-1
5200,2017-10,0,-1
5201,2015-04,0,-1
5201,2015-07,0,-1
5201,2015-10,0,-1
5201,2016-02,1,-1
5201,2016-06,0,-1
5201,2016-10,0,-1
5201,2017-02,0,-1
5201,2017-06,0,-1
5201,2017-10,0,-1
5202,2015-04,0,-1
5202,2015-07,0,-1
5202,2015-10,0,-1
5202,2016-02,0,-1
5202,2016-06,0,-1
5202,2016-10,0,-1
5202,2017-02,0,-1
5202,2017-06,1,-1
5202,2017-10,0,-1
5203,2015-04,0,-1
5203,2015-07,0,-1
5203,2015-10,0,-1
5203,2016-02,0,-1
5203,2016-06,0,-1
5203,2016-10,0,-1
5203,2017-02,0,-1
5203,2017-06,0,-1
5203,2017-10,0,-1
5204,2015-04,0,-1
5204,2015-07,0,-1
5204,2015-10,0,-1
5204,2016-02,1,-1
5204,2016-06,0,-1
5204,2016-10,0,-1
5204,2017-02,1,-1
5204,2017-06,0,-1
5204,2017-10,0,-1
5205,2015-04,0,-1
5205,2015-07,0,-1
5205,2015-10,0,-1
5205,2016-02,0,-1
5205,2016-06,0,-1
5205,2016-10,0,-1
5205,2017-02,0,-1
5205,2017-06,0,-1
5205,2017-10,0,-1
5206,2015-04,0,-1
5206,2015-07,0,-1
5206,2015-10,0,-1
5206,2016-02,0,-1
5206,2016-06,0,-1
5206,2016-10,0,-1
5206,2017-02,0,-1
5206,2017-06,0,-1
5206,2017-10,0,-1
5207,2015-04,0,-1
5207,2015-07,0,-1
5207,2015-10,0,-1
5207,2016-02,0,-1
5207,2016-06,0,-1
5207,2016-10,0,-1
5207,2017-02,0,-1
5207,2017-06,0,-1
5207,2017-10,0,-1
5208,2015-04,0,-1
5208,2015-07,0,-1
5208,2015-10,0,-1
5208,2016-02,0,-1
5208,2016-06,0,-1
5208,2016-10,0,-1
5208,2017-02,0,-1
5208,2017-06,0,-1
5208,2017-10,0,-1
5209,2015-04,0,-1
5209,2015-07,0,-1
5209,2015-10,0,-1
5209,2016-02,0,-1
5209,2016-06,0,-1
5209,2016-10,0,-1
5209,2017-02,0,-1
5209,2017-06,1,-1
5209,2017-10,0,-1
5210,2015-04,0,-1
5210,2015-07,0,-1
5210,2015-10,0,-1
5210,2016-02,1,-1
5210,2016-06,0,-1
5210,2016-10,0,-1
5210,2017-02,1,-1
5210,2017-06,0,-1
5210,2017-10,0,-1
5211,2015-04,0,-1
5211,2015-07,0,-1
5211,2015-10,0,-1
5211,2016-02,1,-1
5211,2016-06,0,-1
5211,2016-10,0,-1
5211,2017-02,1,-1
5211,2017-06,0,-1
5211,2017-10,1,-1
5212,2015-04,0,-1
5212,2015-07,0,-1
5212,2015-10,0,-1
5212,2016-02,0,-1
5212,2016-06,0,-1
5212,2016-10,0,-1
5212,2017-02,0,-1
5212,2017-06,0,-1
5212,2017-10,0,-1
5213,2015-04,0,-1
5213,2015-07,0,-1
5213,2015-10,0,-1
5213,2016-02,0,-1
5213,2016-06,0,-1
5213,2016-10,0,-1
5213,2017-02,0,-1
5213,2017-06,0,-1
5213,2017-10,0,-1
5214,2015-04,0,-1
5214,2015-07,0,-1
5214,2015-10,0,-1
5214,2016-02,1,-1
5214,2016-06,0,-1
5214,2016-10,0,-1
5214,2017-02,1,-1
5214,2017-06,0,-1
5214,2017-10,0,-1
5215,2015-04,0,-1
5215,2015-07,0,-1
5215,2015-10,0,-1
5215,2016-02,0,-1
5215,2016-06,0,-1
5215,2016-10,0,-1
5215,2017-02,0,-1
5215,2017-06,0,-1
5215,2017-10,0,-1
5216,2015-04,0,-1
5216,2015-07,0,-1
5216,2015-10,0,-1
5216,2016-02,0,-1
5216,2016-06,0,-1
5216,2016-10,0,-1
5216,2017-02,0,-1
5216,2017-06,0,-1
5216,2017-10,0,-1
5217,2015-04,0,-1
5217,2015-07,0,-1
5217,2015-10,0,-1
5217,2016-02,0,-1
5217,2016-06,0,-1
5217,2016-10,0,-1
5217,2017-02,0,-1
5217,2017-06,0,-1
5217,2017-10,0,-1
5218,2015-04,0,-1
5218,2015-07,0,-1
5218,2015-10,0,-1
5218,2016-02,0,-1
5218,2016-06,0,-1
5218,2016-10,0,-1
5218,2017-02,0,-1
5218,2017-06,0,-1
5218,2017-10,0,-1
5219,2015-04,0,-1
5219,2015-07,0,-1
5219,2015-10,0,-1
5219,2016-02,1,-1
5219,2016-06,0,-1
5219,2016-10,0,-1
5219,2017-02,1,-1
5219,2017-06,0,-1
5219,2017-10,0,-1
5220,2015-04,0,2
5220,2015-07,0,2
5220,2015-10,0,2
5220,2016-02,0,2
5220,2016-06,0,2
5220,2016-10,0,2
5220,2017-02,0,2
5220,2017-06,0,2
5220,2017-10,0,2
5221,2015-04,0,2
5221,2015-07,0,2
5221,2015-10,0,2
5221,2016-02,0,2
5221,2016-06,0,2
5221,2016-10,0,2
5221,2017-02,0,2
5221,2017-06,0,2
5221,2017-10,0,2
5222,2015-04,0,2
5222,2015-07,0,2
5222,2015-10,0,2
5222,2016-02,0,2
5222,2016-06,0,2
5222,2016-10,0,2
5222,2017-02,0,2
5222,2017-06,0,2
5222,2017-10,0,2
5223,2015-04,0,2
5223,2015-07,0,2
5223,2015-10,0,2
5223,2016-02,0,2
5223,2016-06,0,2
5223,2016-10,0,2
5223,2017-02,0,2
5223,2017-06,0,2
5223,2017-10,0,2
5224,2015-04,0,2
5224,2015-07,0,2
5224,2015-10,0,2
5224,2016-02,0,2
5224,2016-06,0,2
5224,2016-10,0,2
5224,2017-02,0,2
5224,2017-06,0,2
5224,2017-10,0,2
5225,2015-04,0,2
5225,2015-07,0,2
5225,2015-10,0,2
5225,2016-02,0,2
5225,2016-06,0,2
5225,2016-10,0,2
5225,2017-02,0,2
5225,2017-06,0,2
5225,2017-10,0,2
5226,2015-04,0,2
5226,2015-07,0,2
5226,2015-10,0,2
5226,2016-02,0,2
5226,2016-06,0,2
5226,2016-10,0,2
5226,2017-02,0,2
5226,2017-06,0,2
5226,2017-10,0,2
5227,2015-04,0,2
5227,2015-07,0,2
5227,2015-10,0,2
5227,2016-02,0,2
5227,2016-06,0,2
5227,2016-10,0,2
5227,2017-02,0,2
5227,2017-06,0,2
5227,2017-10,0,2
5228,2015-04,0,2
5228,2015-07,0,2
5228,2015-10,0,2
5228,2016-02,0,2
5228,2016-06,0,2
5228,2016-10,0,2
5228,2017-02,0,2
5228,2017-06,0,2
5228,2017-10,0,2
5229,2015-04,0,2
5229,2015-07,0,2
5229,2015-10,0,2
5229,2016-02,0,2
5229,2016-06,0,2
5229,2016-10,0,2
5229,2017-02,0,2
5229,2017-06,0,2
5229,2017-10,0,2
5230,2015-04,0,2
5230,2015-07,0,2
5230,2015-10,0,2
5230,2016-02,0,2
5230,2016-06,0,2
5230,2016-10,0,2
5230,2017-02,0,2
5230,2017-06,0,2
5230,2017-10,0,2
5231,2015-04,0,2
5231,2015-07,0,2
5231,2015-10,0,2
5231,2016-02,0,2
5231,2016-06,0,2
5231,2016-10,0,2
5231,2017-02,0,2
5231,2017-06,0,2
5231,2017-10,0,2
5232,2015-04,0,2
5232,2015-07,0,2
5232,2015-10,0,2
5232,2016-02,0,2
5232,2016-06,0,2
5232,2016-10,0,2
5232,2017-02,0,2
5232,2017-06,0,2
5232,2017-10,0,2
5233,2015-04,0,5
5233,2015-07,0,5
5233,2015-10,0,5
5233,2016-02,0,5
5233,2016-06,0,5
5233,2016-10,0,5
5233,2017-02,0,5
5233,2017-06,0,5
5233,2017-10,0,5
5234,2015-04,0,2
5234,2015-07,0,2
5234,2015-10,0,2
5234,2016-02,0,2
5234,2016-06,0,2
5234,2016-10,0,2
5234,2017-02,0,2
5234,2017-06,0,2
5234,2017-10,0,2
5235,2015-04,0,2
5235,2015-07,0,2
5235,2015-10,0,2
5235,2016-02,0,2
5235,2016-06,0,2
5235,2016-10,0,2
5235,2017-02,0,2
5235,2017-06,0,2
5235,2017-10,0,2
5236,2015-04,0,2
5236,2015-07,0,2
5236,2015-10,0,2
5236,2016-02,0,2
5236,2016-06,0,2
5236,2016-10,0,2
5236,2017-02,0,2
5236,2017-06,0,2
5236,2017-10,0,2
5237,2015-04,0,2
5237,2015-07,0,2
5237,2015-10,0,2
5237,2016-02,0,2
5237,2016-06,0,2
5237,2016-10,0,2
5237,2017-02,0,2
5237,2017-06,0,2
5237,2017-10,0,2
5238,2015-04,0,2
5238,2015-07,0,2
5238,2015-10,0,2
5238,2016-02,0,2
5238,2016-06,0,2
5238,2016-10,0,2
5238,2017-02,0,2
5238,2017-06,0,2
5238,2017-10,0,2
5239,2015-04,0,2
5239,2015-07,0,2
5239,2015-10,0,2
5239,2016-02,0,2
5239,2016-06,0,2
5239,2016-10,0,2
5239,2017-02,0,2
5239,2017-06,0,2
5239,2017-10,0,2
5240,2015-04,0,2
5240,2015-07,0,2
5240,2015-10,0,2
5240,2016-02,0,2
5240,2016-06,0,2
5240,2016-10,0,2
5240,2017-02,0,2
5240,2017-06,0,2
5240,2017-10,0,2
5241,2015-04,0,2
5241,2015-07,0,2
5241,2015-10,0,2
5241,2016-02,0,2
5241,2016-06,0,2
5241,2016-10,0,2
5241,2017-02,0,2
5241,2017-06,0,2
5241,2017-10,0,2
5242,2015-04,0,2
5242,2015-07,0,2
5242,2015-10,0,2
5242,2016-02,0,2
5242,2016-06,0,2
5242,2016-10,0,2
5242,2017-02,0,2
5242,2017-06,0,2
5242,2017-10,0,2
5243,2015-04,0,2
5243,2015-07,0,2
5243,2015-10,0,2
5243,2016-02,0,2
5243,2016-06,0,2
5243,2016-10,0,2
5243,2017-02,0,2
5243,2017-06,0,2
5243,2017-10,0,2
5244,2015-04,0,2
5244,2015-07,0,2
5244,2015-10,0,2
5244,2016-02,0,2
5244,2016-06,0,2
5244,2016-10,0,2
5244,2017-02,0,2
5244,2017-06,0,2
5244,2017-10,0,2
5245,2015-04,0,2
5245,2015-07,0,2
5245,2015-10,0,2
5245,2016-02,0,2
5245,2016-06,0,2
5245,2016-10,0,2
5245,2017-02,0,2
5245,2017-06,0,2
5245,2017-10,0,2
5246,2015-04,0,2
5246,2015-07,0,2
5246,2015-10,0,2
5246,2016-02,0,2
5246,2016-06,0,2
5246,2016-10,0,2
5246,2017-02,0,2
5246,2017-06,0,2
5246,2017-10,0,2
5247,2015-04,0,2
5247,2015-07,0,2
5247,2015-10,0,2
5247,2016-02,0,2
5247,2016-06,0,2
5247,2016-10,0,2
5247,2017-02,0,2
5247,2017-06,0,2
5247,2017-10,0,2
5248,2015-04,0,2
5248,2015-07,0,2
5248,2015-10,0,2
5248,2016-02,0,2
5248,2016-06,0,2
5248,2016-10,0,2
5248,2017-02,0,2
5248,2017-06,0,2
5248,2017-10,0,2
5249,2015-04,0,2
5249,2015-07,0,2
5249,2015-10,0,2
5249,2016-02,0,2
5249,2016-06,0,2
5249,2016-10,0,2
5249,2017-02,0,2
5249,2017-06,0,2
5249,2017-10,0,2
5250,2015-04,0,2
5250,2015-07,0,2
5250,2015-10,0,2
5250,2016-02,0,2
5250,2016-06,0,2
5250,2016-10,0,2
5250,2017-02,0,2
5250,2017-06,0,2
5250,2017-10,0,2
5251,2015-04,0,2
5251,2015-07,0,2
5251,2015-10,0,2
5251,2016-02,0,2
5251,2016-06,0,2
5251,2016-10,0,2
5251,2017-02,0,2
5251,2017-06,0,2
5251,2017-10,0,2
5252,2015-04,0,2
5252,2015-07,0,2
5252,2015-10,0,2
5252,2016-02,0,2
5252,2016-06,0,2
5252,2016-10,0,2
5252,2017-02,0,2
5252,2017-06,0,2
5252,2017-10,0,2
5253,2015-04,0,2
5253,2015-07,0,2
5253,2015-10,0,2
5253,2016-02,0,2
5253,2016-06,0,2
5253,2016-10,0,2
5253,2017-02,0,2
5253,2017-06,0,2
5253,2017-10,0,2
5254,2015-04,0,2
5254,2015-07,0,2
5254,2015-10,0,2
5254,2016-02,0,2
5254,2016-06,0,2
5254,2016-10,0,2
5254,2017-02,0,2
5254,2017-06,0,2
5254,2017-10,0,2
5255,2015-04,0,2
5255,2015-07,0,2
5255,2015-10,0,2
5255,2016-02,0,2
5255,2016-06,0,2
5255,2016-10,0,2
5255,2017-02,0,2
5255,2017-06,0,2
5255,2017-10,0,2
5256,2015-04,0,2
5256,2015-07,0,2
5256,2015-10,0,2
5256,2016-02,0,2
5256,2016-06,0,2
5256,2016-10,0,2
5256,2017-02,0,2
5256,2017-06,0,2
5256,2017-10,0,2
5257,2015-04,0,2
5257,2015-07,0,2
5257,2015-10,0,2
5257,2016-02,0,2
5257,2016-06,0,2
5257,2016-10,0,2
5257,2017-02,0,2
5257,2017-06,0,2
5257,2017-10,0,2
5258,2015-04,0,2
5258,2015-07,0,2
5258,2015-10,0,2
5258,2016-02,0,2
5258,2016-06,0,2
5258,2016-10,0,2
5258,2017-02,0,2
5258,2017-06,0,2
5258,2017-10,0,2
5259,2015-04,0,2
5259,2015-07,0,2
5259,2015-10,0,2
5259,2016-02,0,2
5259,2016-06,0,2
5259,2016-10,0,2
5259,2017-02,0,2
5259,2017-06,0,2
5259,2017-10,0,2
5260,2015-04,0,2
5260,2015-07,0,2
5260,2015-10,0,2
5260,2016-02,0,2
5260,2016-06,0,2
5260,2016-10,0,2
5260,2017-02,0,2
5260,2017-06,0,2
5260,2017-10,0,2
5261,2015-04,0,2
5261,2015-07,0,2
5261,2015-10,0,2
5261,2016-02,0,2
5261,2016-06,0,2
5261,2016-10,0,2
5261,2017-02,0,2
5261,2017-06,0,2
5261,2017-10,0,2
5262,2015-04,0,2
5262,2015-07,0,2
5262,2015-10,0,2
5262,2016-02,0,2
5262,2016-06,0,2
5262,2016-10,0,2
5262,2017-02,0,2
5262,2017-06,0,2
5262,2017-10,0,2
5263,2015-04,0,2
5263,2015-07,0,2
5263,2015-10,0,2
5263,2016-02,0,2
5263,2016-06,0,2
5263,2016-10,0,2
5263,2017-02,0,2
5263,2017-06,0,2
5263,2017-10,0,2
5264,2015-04,0,2
5264,2015-07,0,2
5264,2015-10,0,2
5264,2016-02,0,2
5264,2016-06,0,2
5264,2016-10,0,2
5264,2017-02,0,2
5264,2017-06,0,2
5264,2017-10,0,2
5265,2015-04,0,2
5265,2015-07,0,2
5265,2015-10,0,2
5265,2016-02,0,2
5265,2016-06,0,2
5265,2016-10,0,2
5265,2017-02,0,2
5265,2017-06,0,2
5265,2017-10,0,2
5266,2015-04,0,2
5266,2015-07,0,2
5266,2015-10,0,2
5266,2016-02,0,2
5266,2016-06,0,2
5266,2016-10,0,2
5266,2017-02,0,2
5266,2017-06,0,2
5266,2017-10,0,2
5267,2015-04,0,2
5267,2015-07,0,2
5267,2015-10,0,2
5267,2016-02,0,2
5267,2016-06,0,2
5267,2016-10,0,2
5267,2017-02,0,2
5267,2017-06,0,2
5267,2017-10,0,2
5268,2015-04,0,2
5268,2015-07,0,2
5268,2015-10,0,2
5268,2016-02,0,2
5268,2016-06,0,2
5268,2016-10,0,2
5268,2017-02,0,2
5268,2017-06,0,2
5268,2017-10,0,2
5269,2015-04,0,2
5269,2015-07,0,2
5269,2015-10,0,2
5269,2016-02,0,2
5269,2016-06,0,2
5269,2016-10,0,2
5269,2017-02,0,2
5269,2017-06,0,2
5269,2017-10,0,2
5270,2015-04,0,2
5270,2015-07,0,2
5270,2015-10,0,2
5270,2016-02,0,2
5270,2016-06,0,2
5270,2016-10,0,2
5270,2017-02,0,2
5270,2017-06,0,2
5270,2017-10,0,2
5271,2015-04,0,2
5271,2015-07,0,2
5271,2015-10,0,2
5271,2016-02,0,2
5271,2016-06,0,2
5271,2016-10,0,2
5271,2017-02,0,2
5271,2017-06,0,2
5271,2017-10,0,2
5272,2015-04,0,2
5272,2015-07,0,2
5272,2015-10,0,2
5272,2016-02,0,2
5272,2016-06,0,2
5272,2016-10,0,2
5272,2017-02,0,2
5272,2017-06,0,2
5272,2017-10,0,2
5273,2015-04,0,2
5273,2015-07,0,2
5273,2015-10,0,2
5273,2016-02,0,2
5273,2016-06,0,2
5273,2016-10,0,2
5273,2017-02,0,2
5273,2017-06,0,2
5273,2017-10,0,2
5274,2015-04,0,2
5274,2015-07,0,2
5274,2015-10,0,2
5274,2016-02,0,2
5274,2016-06,0,2
5274,2016-10,0,2
5274,2017-02,0,2
5274,2017-06,0,2
5274,2017-10,0,2
5275,2015-04,0,2
5275,2015-07,0,2
5275,2015-10,0,2
5275,2016-02,0,2
5275,2016-06,0,2
5275,2016-10,0,2
5275,2017-02,0,2
5275,2017-06,0,2
5275,2017-10,0,2
5276,2015-04,0,2
5276,2015-07,0,2
5276,2015-10,0,2
5276,2016-02,0,2
5276,2016-06,0,2
5276,2016-10,0,2
5276,2017-02,0,2
5276,2017-06,0,2
5276,2017-10,0,2
5277,2015-04,0,2
5277,2015-07,0,2
5277,2015-10,0,2
5277,2016-02,0,2
5277,2016-06,0,2
5277,2016-10,0,2
5277,2017-02,0,2
5277,2017-06,0,2
5277,2017-10,0,2
5278,2015-04,0,2
5278,2015-07,0,2
5278,2015-10,0,2
5278,2016-02,0,2
5278,2016-06,0,2
5278,2016-10,0,2
5278,2017-02,0,2
5278,2017-06,0,2
5278,2017-10,0,2
5279,2015-04,0,2
5279,2015-07,0,2
5279,2015-10,0,2
5279,2016-02,0,2
5279,2016-06,0,2
5279,2016-10,0,2
5279,2017-02,0,2
5279,2017-06,0,2
5279,2017-10,0,2
5280,2015-04,0,2
5280,2015-07,0,2
5280,2015-10,0,2
5280,2016-02,0,2
5280,2016-06,0,2
5280,2016-10,0,2
5280,2017-02,0,2
5280,2017-06,0,2
5280,2017-10,0,2
5281,2015-04,0,2
5281,2015-07,0,2
5281,2015-10,0,2
5281,2016-02,0,2
5281,2016-06,0,2
5281,2016-10,0,2
5281,2017-02,0,2
5281,2017-06,0,2
5281,2017-10,0,2
5282,2015-04,0,2
5282,2015-07,0,2
5282,2015-10,0,2
5282,2016-02,0,2
5282,2016-06,0,2
5282,2016-10,0,2
5282,2017-02,0,2
5282,2017-06,0,2
5282,2017-10,0,2
5283,2015-04,0,2
5283,2015-07,0,2
5283,2015-10,0,2
5283,2016-02,0,2
5283,2016-06,0,2
5283,2016-10,0,2
5283,2017-02,0,2
5283,2017-06,0,2
5283,2017-10,0,2
5284,2015-04,0,2
5284,2015-07,0,2
5284,2015-10,0,2
5284,2016-02,0,2
5284,2016-06,0,2
5284,2016-10,0,2
5284,2017-02,0,2
5284,2017-06,0,2
5284,2017-10,0,2
5285,2015-04,0,2
5285,2015-07,0,2
5285,2015-10,0,2
5285,2016-02,0,2
5285,2016-06,0,2
5285,2016-10,0,2
5285,2017-02,0,2
5285,2017-06,0,2
5285,2017-10,0,2
5286,2015-04,0,2
5286,2015-07,0,2
5286,2015-10,0,2
5286,2016-02,0,2
5286,2016-06,0,2
5286,2016-10,0,2
5286,2017-02,0,2
5286,2017-06,0,2
5286,2017-10,0,2
5287,2015-04,0,2
5287,2015-07,0,2
5287,2015-10,0,2
5287,2016-02,0,2
5287,2016-06,0,2
5287,2016-10,0,2
5287,2017-02,0,2
5287,2017-06,0,2
5287,2017-10,0,2
5288,2015-04,0,2
5288,2015-07,0,2
5288,2015-10,0,2
5288,2016-02,0,2
5288,2016-06,0,2
5288,2016-10,0,2
5288,2017-02,0,2
5288,2017-06,0,2
5288,2017-10,0,2
5289,2015-04,0,2
5289,2015-07,0,2
5289,2015-10,0,2
5289,2016-02,0,2
5289,2016-06,0,2
5289,2016-10,0,2
5289,2017-02,0,2
5289,2017-06,0,2
5289,2017-10,0,2
5290,2015-04,0,2
5290,2015-07,0,2
5290,2015-10,0,2
5290,2016-02,0,2
5290,2016-06,0,2
5290,2016-10,0,2
5290,2017-02,0,2
5290,2017-06,0,2
5290,2017-10,0,2
5291,2015-04,0,2
5291,2015-07,0,2
5291,2015-10,0,2
5291,2016-02,0,2
5291,2016-06,0,2
5291,2016-10,0,2
5291,2017-02,0,2
5291,2017-06,0,2
5291,2017-10,0,2
5292,2015-04,0,2
5292,2015-07,0,2
5292,2015-10,0,2
5292,2016-02,0,2
5292,2016-06,0,2
5292,2016-10,0,2
5292,2017-02,0,2
5292,2017-06,0,2
5292,2017-10,0,2
5293,2015-04,0,2
5293,2015-07,0,2
5293,2015-10,0,2
5293,2016-02,0,2
5293,2016-06,0,2
5293,2016-10,0,2
5293,2017-02,0,2
5293,2017-06,0,2
5293,2017-10,0,2
5294,2015-04,0,2
5294,2015-07,0,2
5294,2015-10,0,2
5294,2016-02,0,2
5294,2016-06,0,2
5294,2016-10,0,2
5294,2017-02,0,2
5294,2017-06,0,2
5294,2017-10,0,2
5295,2015-04,0,2
5295,2015-07,0,2
5295,2015-10,0,2
5295,2016-02,0,2
5295,2016-06,0,2
5295,2016-10,0,2
5295,2017-02,0,2
5295,2017-06,0,2
5295,2017-10,0,2
5296,2015-04,0,2
5296,2015-07,0,2
5296,2015-10,0,2
5296,2016-02,0,2
5296,2016-06,0,2
5296,2016-10,0,2
5296,2017-02,0,2
5296,2017-06,0,2
5296,2017-10,0,2
5297,2015-04,0,2
5297,2015-07,0,2
5297,2015-10,0,2
5297,2016-02,0,2
5297,2016-06,0,2
5297,2016-10,0,2
5297,2017-02,0,2
5297,2017-06,0,2
5297,2017-10,0,2
5298,2015-04,0,2
5298,2015-07,0,2
5298,2015-10,0,2
5298,2016-02,0,2
5298,2016-06,0,2
5298,2016-10,0,2
5298,2017-02,0,2
5298,2017-06,0,2
5298,2017-10,0,2
5299,2015-04,0,2
5299,2015-07,0,2
5299,2015-10,0,2
5299,2016-02,0,2
5299,2016-06,0,2
5299,2016-10,0,2
5299,2017-02,0,2
5299,2017-06,0,2
5299,2017-10,0,2
5300,2015-04,0,2
5300,2015-07,0,2
5300,2015-10,0,2
5300,2016-02,0,2
5300,2016-06,0,2
5300,2016-10,0,2
5300,2017-02,0,2
5300,2017-06,0,2
5300,2017-10,0,2
5301,2015-04,0,2
5301,2015-07,0,2
5301,2015-10,0,2
5301,2016-02,0,2
5301,2016-06,0,2
5301,2016-10,0,2
5301,2017-02,0,2
5301,2017-06,0,2
5301,2017-10,0,2
5302,2015-04,0,2
5302,2015-07,0,2
5302,2015-10,0,2
5302,2016-02,0,2
5302,2016-06,0,2
5302,2016-10,0,2
5302,2017-02,0,2
5302,2017-06,0,2
5302,2017-10,0,2
5303,2015-04,0,2
5303,2015-07,0,2
5303,2015-10,0,2
5303,2016-02,0,2
5303,2016-06,0,2
5303,2016-10,0,2
5303,2017-02,0,2
5303,2017-06,0,2
5303,2017-10,0,2
5304,2015-04,0,2
5304,2015-07,0,2
5304,2015-10,0,2
5304,2016-02,0,2
5304,2016-06,0,2
5304,2016-10,0,2
5304,2017-02,0,2
5304,2017-06,0,2
5304,2017-10,0,2
5305,2015-04,0,5
5305,2015-07,0,5
5305,2015-10,0,5
5305,2016-02,0,5
5305,2016-06,0,5
5305,2016-10,0,5
5305,2017-02,0,5
5305,2017-06,0,5
5305,2017-10,0,5
5306,2015-04,0,5
5306,2015-07,0,5
5306,2015-10,0,5
5306,2016-02,0,5
5306,2016-06,0,5
5306,2016-10,0,5
5306,2017-02,0,5
5306,2017-06,0,5
5306,2017-10,0,5
5307,2015-04,0,5
5307,2015-07,0,5
5307,2015-10,0,5
5307,2016-02,0,5
5307,2016-06,0,5
5307,2016-10,0,5
5307,2017-02,0,5
5307,2017-06,0,5
5307,2017-10,0,5
5308,2015-04,0,2
5308,2015-07,0,2
5308,2015-10,0,2
5308,2016-02,0,2
5308,2016-06,0,2
5308,2016-10,0,2
5308,2017-02,0,2
5308,2017-06,0,2
5308,2017-10,0,2
5309,2015-04,0,2
5309,2015-07,0,2
5309,2015-10,0,2
5309,2016-02,0,2
5309,2016-06,0,2
5309,2016-10,0,2
5309,2017-02,0,2
5309,2017-06,0,2
5309,2017-10,0,2
5310,2015-04,0,2
5310,2015-07,0,2
5310,2015-10,0,2
5310,2016-02,0,2
5310,2016-06,0,2
5310,2016-10,0,2
5310,2017-02,0,2
5310,2017-06,0,2
5310,2017-10,0,2
5311,2015-04,0,2
5311,2015-07,0,2
5311,2015-10,0,2
5311,2016-02,0,2
5311,2016-06,0,2
5311,2016-10,0,2
5311,2017-02,0,2
5311,2017-06,0,2
5311,2017-10,0,2
5312,2015-04,0,2
5312,2015-07,0,2
5312,2015-10,0,2
5312,2016-02,0,2
5312,2016-06,0,2
5312,2016-10,0,2
5312,2017-02,0,2
5312,2017-06,0,2
5312,2017-10,0,2
5313,2015-04,0,2
5313,2015-07,0,2
5313,2015-10,0,2
5313,2016-02,0,2
5313,2016-06,0,2
5313,2016-10,0,2
5313,2017-02,0,2
5313,2017-06,0,2
5313,2017-10,0,2
5314,2015-04,0,2
5314,2015-07,0,2
5314,2015-10,0,2
5314,2016-02,0,2
5314,2016-06,0,2
5314,2016-10,0,2
5314,2017-02,0,2
5314,2017-06,0,2
5314,2017-10,0,2
5315,2015-04,0,2
5315,2015-07,0,2
5315,2015-10,0,2
5315,2016-02,0,2
5315,2016-06,0,2
5315,2016-10,0,2
5315,2017-02,0,2
5315,2017-06,0,2
5315,2017-10,0,2
5316,2015-04,0,2
5316,2015-07,0,2
5316,2015-10,0,2
5316,2016-02,0,2
5316,2016-06,0,2
5316,2016-10,0,2
5316,2017-02,0,2
5316,2017-06,0,2
5316,2017-10,0,2
5317,2015-04,0,2
5317,2015-07,0,2
5317,2015-10,0,2
5317,2016-02,0,2
5317,2016-06,0,2
5317,2016-10,0,2
5317,2017-02,0,2
5317,2017-06,0,2
5317,2017-10,0,2
5318,2015-04,0,2
5318,2015-07,0,2
5318,2015-10,0,2
5318,2016-02,0,2
5318,2016-06,0,2
5318,2016-10,0,2
5318,2017-02,0,2
5318,2017-06,0,2
5318,2017-10,0,2
5319,2015-04,0,2
5319,2015-07,0,2
5319,2015-10,0,2
5319,2016-02,0,2
5319,2016-06,0,2
5319,2016-10,0,2
5319,2017-02,0,2
5319,2017-06,0,2
5319,2017-10,0,2
5320,2015-04,0,2
5320,2015-07,0,2
5320,2015-10,0,2
5320,2016-02,0,2
5320,2016-06,0,2
5320,2016-10,0,2
5320,2017-02,0,2
5320,2017-06,0,2
5320,2017-10,0,2
5321,2015-04,0,2
5321,2015-07,0,2
5321,2015-10,0,2
5321,2016-02,0,2
5321,2016-06,0,2
5321,2016-10,0,2
5321,2017-02,0,2
5321,2017-06,0,2
5321,2017-10,0,2
5322,2015-04,0,2
5322,2015-07,0,2
5322,2015-10,0,2
5322,2016-02,0,2
5322,2016-06,0,2
5322,2016-10,0,2
5322,2017-02,0,2
5322,2017-06,0,2
5322,2017-10,0,2
5323,2015-04,0,6
5323,2015-07,0,6
5323,2015-10,0,6
5323,2016-02,0,6
5323,2016-06,0,6
5323,2016-10,0,6
5323,2017-02,0,6
5323,2017-06,0,6
5323,2017-10,0,6
5324,2015-04,0,2
5324,2015-07,0,2
5324,2015-10,0,2
5324,2016-02,0,2
5324,2016-06,0,2
5324,2016-10,0,2
5324,2017-02,0,2
5324,2017-06,0,2
5324,2017-10,0,2
5325,2015-04,0,2
5325,2015-07,0,2
5325,2015-10,0,2
5325,2016-02,0,2
5325,2016-06,0,2
5325,2016-10,0,2
5325,2017-02,0,2
5325,2017-06,0,2
5325,2017-10,0,2
5326,2015-04,0,5
5326,2015-07,0,5
5326,2015-10,0,5
5326,2016-02,0,5
5326,2016-06,0,5
5326,2016-10,0,5
5326,2017-02,0,5
5326,2017-06,0,5
5326,2017-10,0,5
5327,2015-04,0,2
5327,2015-07,0,2
5327,2015-10,0,2
5327,2016-02,0,2
5327,2016-06,0,2
5327,2016-10,0,2
5327,2017-02,0,2
5327,2017-06,0,2
5327,2017-10,0,2
5328,2015-04,0,2
5328,2015-07,0,2
5328,2015-10,0,2
5328,2016-02,0,2
5328,2016-06,0,2
5328,2016-10,0,2
5328,2017-02,0,2
5328,2017-06,0,2
5328,2017-10,0,2
5329,2015-04,0,2
5329,2015-07,0,2
5329,2015-10,0,2
5329,2016-02,0,2
5329,2016-06,0,2
5329,2016-10,0,2
5329,2017-02,0,2
5329,2017-06,0,2
5329,2017-10,0,2
5330,2015-04,0,2
5330,2015-07,0,2
5330,2015-10,0,2
5330,2016-02,0,2
5330,2016-06,0,2
5330,2016-10,0,2
5330,2017-02,0,2
5330,2017-06,0,2
5330,2017-10,0,2
5331,2015-04,0,6
5331,2015-07,0,6
5331,2015-10,0,6
5331,2016-02,0,6
5331,2016-06,0,6
5331,2016-10,0,6
5331,2017-02,0,6
5331,2017-06,0,6
5331,2017-10,0,6
5332,2015-04,0,2
5332,2015-07,0,2
5332,2015-10,0,2
5332,2016-02,0,2
5332,2016-06,0,2
5332,2016-10,0,2
5332,2017-02,0,2
5332,2017-06,0,2
5332,2017-10,0,2
5333,2015-04,0,2
5333,2015-07,0,2
5333,2015-10,0,2
5333,2016-02,0,2
5333,2016-06,0,2
5333,2016-10,0,2
5333,2017-02,0,2
5333,2017-06,0,2
5333,2017-10,0,2
5334,2015-04,0,2
5334,2015-07,0,2
5334,2015-10,0,2
5334,2016-02,0,2
5334,2016-06,0,2
5334,2016-10,0,2
5334,2017-02,0,2
5334,2017-06,0,2
5334,2017-10,0,2
5335,2015-04,0,3
5335,2015-07,0,3
5335,2015-10,0,3
5335,2016-02,0,3
5335,2016-06,0,3
5335,2016-10,0,3
5335,2017-02,0,3
5335,2017-06,0,3
5335,2017-10,0,3
5336,2015-04,0,3
5336,2015-07,0,3
5336,2015-10,0,3
5336,2016-02,0,3
5336,2016-06,0,3
5336,2016-10,0,3
5336,2017-02,0,3
5336,2017-06,0,3
5336,2017-10,0,3
5337,2015-04,0,3
5337,2015-07,0,3
5337,2015-10,0,3
5337,2016-02,0,3
5337,2016-06,0,3
5337,2016-10,0,3
5337,2017-02,0,3
5337,2017-06,0,3
5337,2017-10,0,3
5338,2015-04,0,3
5338,2015-07,0,3
5338,2015-10,0,3
5338,2016-02,0,3
5338,2016-06,0,3
5338,2016-10,0,3
5338,2017-02,0,3
5338,2017-06,0,3
5338,2017-10,0,3
5339,2015-04,0,3
5339,2015-07,0,3
5339,2015-10,0,3
5339,2016-02,0,3
5339,2016-06,0,3
5339,2016-10,0,3
5339,2017-02,0,3
5339,2017-06,0,3
5339,2017-10,0,3
5340,2015-04,0,3
5340,2015-07,0,3
5340,2015-10,0,3
5340,2016-02,0,3
5340,2016-06,0,3
5340,2016-10,0,3
5340,2017-02,0,3
5340,2017-06,0,3
5340,2017-10,0,3
5341,2015-04,0,3
5341,2015-07,0,3
5341,2015-10,0,3
5341,2016-02,0,3
5341,2016-06,0,3
5341,2016-10,0,3
5341,2017-02,0,3
5341,2017-06,0,3
5341,2017-10,0,3
5342,2015-04,0,3
5342,2015-07,0,3
5342,2015-10,0,3
5342,2016-02,0,3
5342,2016-06,0,3
5342,2016-10,0,3
5342,2017-02,0,3
5342,2017-06,0,3
5342,2017-10,0,3
5343,2015-04,0,3
5343,2015-07,0,3
5343,2015-10,0,3
5343,2016-02,0,3
5343,2016-06,0,3
5343,2016-10,0,3
5343,2017-02,0,3
5343,2017-06,0,3
5343,2017-10,0,3
5344,2015-04,0,3
5344,2015-07,0,3
5344,2015-10,0,3
5344,2016-02,0,3
5344,2016-06,0,3
5344,2016-10,0,3
5344,2017-02,0,3
5344,2017-06,0,3
5344,2017-10,0,3
5345,2015-04,0,3
5345,2015-07,0,3
5345,2015-10,0,3
5345,2016-02,0,3
5345,2016-06,0,3
5345,2016-10,0,3
5345,2017-02,0,3
5345,2017-06,0,3
5345,2017-10,0,3
5346,2015-04,0,3
5346,2015-07,0,3
5346,2015-10,0,3
5346,2016-02,0,3
5346,2016-06,0,3
5346,2016-10,0,3
5346,2017-02,0,3
5346,2017-06,0,3
5346,2017-10,0,3
5347,2015-04,0,3
5347,2015-07,0,3
5347,2015-10,0,3
5347,2016-02,0,3
5347,2016-06,0,3
5347,2016-10,0,3
5347,2017-02,0,3
5347,2017-06,0,3
5347,2017-10,0,3
5348,2015-04,0,3
5348,2015-07,0,3
5348,2015-10,0,3
5348,2016-02,0,3
5348,2016-06,0,3
5348,2016-10,0,3
5348,2017-02,0,3
5348,2017-06,0,3
5348,2017-10,0,3
5349,2015-04,0,3
5349,2015-07,0,3
5349,2015-10,0,3
5349,2016-02,0,3
5349,2016-06,0,3
5349,2016-10,0,3
5349,2017-02,0,3
5349,2017-06,0,3
5349,2017-10,0,3
5350,2015-04,0,3
5350,2015-07,0,3
5350,2015-10,0,3
5350,2016-02,0,3
5350,2016-06,0,3
5350,2016-10,0,3
5350,2017-02,0,3
5350,2017-06,0,3
5350,2017-10,0,3
5351,2015-04,0,3
5351,2015-07,0,3
5351,2015-10,0,3
5351,2016-02,0,3
5351,2016-06,0,3
5351,2016-10,0,3
5351,2017-02,0,3
5351,2017-06,0,3
5351,2017-10,0,3
5352,2015-04,0,3
5352,2015-07,0,3
5352,2015-10,0,3
5352,2016-02,0,3
5352,2016-06,0,3
5352,2016-10,0,3
5352,2017-02,0,3
5352,2017-06,0,3
5352,2017-10,0,3
5353,2015-04,0,3
5353,2015-07,0,3
5353,2015-10,0,3
5353,2016-02,0,3
5353,2016-06,0,3
5353,2016-10,0,3
5353,2017-02,0,3
5353,2017-06,0,3
5353,2017-10,0,3
5354,2015-04,0,3
5354,2015-07,0,3
5354,2015-10,0,3
5354,2016-02,0,3
5354,2016-06,0,3
5354,2016-10,0,3
5354,2017-02,0,3
5354,2017-06,0,3
5354,2017-10,0,3
5355,2015-04,0,9
5355,2015-07,0,9
5355,2015-10,0,9
5355,2016-02,0,9
5355,2016-06,0,9
5355,2016-10,0,9
5355,2017-02,0,9
5355,2017-06,0,9
5355,2017-10,0,9
5356,2015-04,0,3
5356,2015-07,0,3
5356,2015-10,0,3
5356,2016-02,0,3
5356,2016-06,0,3
5356,2016-10,0,3
5356,2017-02,0,3
5356,2017-06,0,3
5356,2017-10,0,3
5357,2015-04,0,3
5357,2015-07,0,3
5357,2015-10,0,3
5357,2016-02,0,3
5357,2016-06,0,3
5357,2016-10,0,3
5357,2017-02,0,3
5357,2017-06,0,3
5357,2017-10,0,3
5358,2015-04,0,9
5358,2015-07,0,9
5358,2015-10,0,9
5358,2016-02,0,9
5358,2016-06,0,9
5358,2016-10,0,9
5358,2017-02,0,9
5358,2017-06,0,9
5358,2017-10,0,9
5359,2015-04,0,3
5359,2015-07,0,3
5359,2015-10,0,3
5359,2016-02,0,3
5359,2016-06,0,3
5359,2016-10,0,3
5359,2017-02,0,3
5359,2017-06,0,3
5359,2017-10,0,3
5360,2015-04,0,9
5360,2015-07,0,9
5360,2015-10,0,9
5360,2016-02,0,9
5360,2016-06,0,9
5360,2016-10,0,9
5360,2017-02,0,9
5360,2017-06,0,9
5360,2017-10,0,9
5361,2015-04,0,3
5361,2015-07,0,3
5361,2015-10,0,3
5361,2016-02,0,3
5361,2016-06,0,3
5361,2016-10,0,3
5361,2017-02,0,3
5361,2017-06,0,3
5361,2017-10,0,3
5362,2015-04,0,3
5362,2015-07,0,3
5362,2015-10,0,3
5362,2016-02,0,3
5362,2016-06,0,3
5362,2016-10,0,3
5362,2017-02,0,3
5362,2017-06,0,3
5362,2017-10,0,3
5363,2015-04,0,3
5363,2015-07,0,3
5363,2015-10,0,3
5363,2016-02,0,3
5363,2016-06,0,3
5363,2016-10,0,3
5363,2017-02,0,3
5363,2017-06,0,3
5363,2017-10,0,3
5364,2015-04,0,3
5364,2015-07,0,3
5364,2015-10,0,3
5364,2016-02,0,3
5364,2016-06,0,3
5364,2016-10,0,3
5364,2017-02,0,3
5364,2017-06,0,3
5364,2017-10,0,3
5365,2015-04,0,3
5365,2015-07,0,3
5365,2015-10,0,3
5365,2016-02,0,3
5365,2016-06,0,3
5365,2016-10,0,3
5365,2017-02,0,3
5365,2017-06,0,3
5365,2017-10,0,3
5366,2015-04,0,3
5366,2015-07,0,3
5366,2015-10,0,3
5366,2016-02,0,3
5366,2016-06,0,3
5366,2016-10,0,3
5366,2017-02,0,3
5366,2017-06,0,3
5366,2017-10,0,3
5367,2015-04,0,3
5367,2015-07,0,3
5367,2015-10,0,3
5367,2016-02,0,3
5367,2016-06,0,3
5367,2016-10,0,3
5367,2017-02,0,3
5367,2017-06,0,3
5367,2017-10,0,3
5368,2015-04,0,3
5368,2015-07,0,3
5368,2015-10,0,3
5368,2016-02,0,3
5368,2016-06,0,3
5368,2016-10,0,3
5368,2017-02,0,3
5368,2017-06,0,3
5368,2017-10,0,3
5369,2015-04,0,3
5369,2015-07,0,3
5369,2015-10,0,3
5369,2016-02,0,3
5369,2016-06,0,3
5369,2016-10,0,3
5369,2017-02,0,3
5369,2017-06,0,3
5369,2017-10,0,3
5370,2015-04,0,3
5370,2015-07,0,3
5370,2015-10,0,3
5370,2016-02,0,3
5370,2016-06,0,3
5370,2016-10,0,3
5370,2017-02,0,3
5370,2017-06,0,3
5370,2017-10,0,3
5371,2015-04,0,3
5371,2015-07,0,3
5371,2015-10,0,3
5371,2016-02,0,3
5371,2016-06,0,3
5371,2016-10,0,3
5371,2017-02,0,3
5371,2017-06,0,3
5371,2017-10,0,3
5372,2015-04,0,3
5372,2015-07,0,3
5372,2015-10,0,3
5372,2016-02,0,3
5372,2016-06,0,3
5372,2016-10,0,3
5372,2017-02,0,3
5372,2017-06,0,3
5372,2017-10,0,3
5373,2015-04,0,3
5373,2015-07,0,3
5373,2015-10,0,3
5373,2016-02,0,3
5373,2016-06,0,3
5373,2016-10,0,3
5373,2017-02,0,3
5373,2017-06,0,3
5373,2017-10,0,3
5374,2015-04,0,3
5374,2015-07,0,3
5374,2015-10,0,3
5374,2016-02,0,3
5374,2016-06,0,3
5374,2016-10,0,3
5374,2017-02,0,3
5374,2017-06,0,3
5374,2017-10,0,3
5375,2015-04,1,3
5375,2015-07,0,3
5375,2015-10,0,3
5375,2016-02,0,3
5375,2016-06,0,3
5375,2016-10,0,3
5375,2017-02,0,3
5375,2017-06,0,3
5375,2017-10,0,3
5376,2015-04,1,3
5376,2015-07,0,3
5376,2015-10,0,3
5376,2016-02,1,3
5376,2016-06,1,3
5376,2016-10,0,3
5376,2017-02,1,3
5376,2017-06,1,3
5376,2017-10,0,3
5377,2015-04,1,3
5377,2015-07,0,3
5377,2015-10,0,3
5377,2016-02,1,3
5377,2016-06,1,3
5377,2016-10,0,3
5377,2017-02,1,3
5377,2017-06,1,3
5377,2017-10,0,3
5378,2015-04,0,3
5378,2015-07,0,3
5378,2015-10,0,3
5378,2016-02,0,3
5378,2016-06,0,3
5378,2016-10,0,3
5378,2017-02,0,3
5378,2017-06,0,3
5378,2017-10,0,3
5379,2015-04,1,3
5379,2015-07,0,3
5379,2015-10,0,3
5379,2016-02,1,3
5379,2016-06,1,3
5379,2016-10,0,3
5379,2017-02,1,3
5379,2017-06,1,3
5379,2017-10,0,3
5380,2015-04,1,3
5380,2015-07,0,3
5380,2015-10,0,3
5380,2016-02,0,3
5380,2016-06,0,3
5380,2016-10,0,3
5380,2017-02,0,3
5380,2017-06,0,3
5380,2017-10,0,3
5381,2015-04,1,3
5381,2015-07,0,3
5381,2015-10,0,3
5381,2016-02,0,3
5381,2016-06,0,3
5381,2016-10,0,3
5381,2017-02,0,3
5381,2017-06,0,3
5381,2017-10,0,3
5382,2015-04,1,3
5382,2015-07,0,3
5382,2015-10,0,3
5382,2016-02,0,3
5382,2016-06,1,3
5382,2016-10,0,3
5382,2017-02,1,3
5382,2017-06,1,3
5382,2017-10,0,3
5383,2015-04,0,3
5383,2015-07,0,3
5383,2015-10,0,3
5383,2016-02,0,3
5383,2016-06,0,3
5383,2016-10,0,3
5383,2017-02,0,3
5383,2017-06,0,3
5383,2017-10,0,3
5384,2015-04,0,9
5384,2015-07,0,9
5384,2015-10,0,9
5384,2016-02,0,9
5384,2016-06,0,9
5384,2016-10,0,9
5384,2017-02,0,9
5384,2017-06,0,9
5384,2017-10,0,9
5385,2015-04,0,3
5385,2015-07,0,3
5385,2015-10,0,3
5385,2016-02,0,3
5385,2016-06,0,3
5385,2016-10,0,3
5385,2017-02,0,3
5385,2017-06,0,3
5385,2017-10,0,3
5386,2015-04,0,3
5386,2015-07,0,3
5386,2015-10,0,3
5386,2016-02,0,3
5386,2016-06,0,3
5386,2016-10,0,3
5386,2017-02,0,3
5386,2017-06,0,3
5386,2017-10,0,3
5387,2015-04,0,3
5387,2015-07,0,3
5387,2015-10,0,3
5387,2016-02,0,3
5387,2016-06,0,3
5387,2016-10,0,3
5387,2017-02,0,3
5387,2017-06,0,3
5387,2017-10,0,3
5388,2015-04,0,3
5388,2015-07,0,3
5388,2015-10,0,3
5388,2016-02,0,3
5388,2016-06,0,3
5388,2016-10,0,3
5388,2017-02,0,3
5388,2017-06,0,3
5388,2017-10,0,3
5389,2015-04,0,3
5389,2015-07,0,3
5389,2015-10,0,3
5389,2016-02,0,3
5389,2016-06,0,3
5389,2016-10,0,3
5389,2017-02,0,3
5389,2017-06,0,3
5389,2017-10,0,3
5390,2015-04,0,3
5390,2015-07,0,3
5390,2015-10,0,3
5390,2016-02,0,3
5390,2016-06,0,3
5390,2016-10,0,3
5390,2017-02,0,3
5390,2017-06,0,3
5390,2017-10,0,3
5391,2015-04,0,3
5391,2015-07,0,3
5391,2015-10,0,3
5391,2016-02,0,3
5391,2016-06,0,3
5391,2016-10,0,3
5391,2017-02,0,3
5391,2017-06,0,3
5391,2017-10,0,3
5392,2015-04,0,3
5392,2015-07,0,3
5392,2015-10,0,3
5392,2016-02,0,3
5392,2016-06,0,3
5392,2016-10,0,3
5392,2017-02,0,3
5392,2017-06,0,3
5392,2017-10,0,3
5393,2015-04,0,3
5393,2015-07,0,3
5393,2015-10,0,3
5393,2016-02,0,3
5393,2016-06,0,3
5393,2016-10,0,3
5393,2017-02,0,3
5393,2017-06,0,3
5393,2017-10,0,3
5394,2015-04,0,3
5394,2015-07,0,3
5394,2015-10,0,3
5394,2016-02,0,3
5394,2016-06,0,3
5394,2016-10,0,3
5394,2017-02,0,3
5394,2017-06,0,3
5394,2017-10,0,3
5395,2015-04,0,3
5395,2015-07,0,3
5395,2015-10,0,3
5395,2016-02,0,3
5395,2016-06,0,3
5395,2016-10,0,3
5395,2017-02,0,3
5395,2017-06,0,3
5395,2017-10,0,3
5396,2015-04,0,3
5396,2015-07,0,3
5396,2015-10,0,3
5396,2016-02,0,3
5396,2016-06,0,3
5396,2016-10,0,3
5396,2017-02,0,3
5396,2017-06,0,3
5396,2017-10,0,3
5397,2015-04,0,3
5397,2015-07,0,3
5397,2015-10,0,3
5397,2016-02,0,3
5397,2016-06,0,3
5397,2016-10,0,3
5397,2017-02,0,3
5397,2017-06,0,3
5397,2017-10,0,3
5398,2015-04,0,3
5398,2015-07,0,3
5398,2015-10,0,3
5398,2016-02,0,3
5398,2016-06,0,3
5398,2016-10,0,3
5398,2017-02,0,3
5398,2017-06,0,3
5398,2017-10,0,3
5399,2015-04,0,3
5399,2015-07,0,3
5399,2015-10,0,3
5399,2016-02,0,3
5399,2016-06,0,3
5399,2016-10,0,3
5399,2017-02,0,3
5399,2017-06,0,3
5399,2017-10,0,3
5400,2015-04,0,3
5400,2015-07,0,3
5400,2015-10,0,3
5400,2016-02,0,3
5400,2016-06,0,3
5400,2016-10,0,3
5400,2017-02,0,3
5400,2017-06,0,3
5400,2017-10,0,3
5401,2015-04,0,3
5401,2015-07,0,3
5401,2015-10,0,3
5401,2016-02,0,3
5401,2016-06,0,3
5401,2016-10,0,3
5401,2017-02,0,3
5401,2017-06,0,3
5401,2017-10,0,3
5402,2015-04,0,9
5402,2015-07,0,9
5402,2015-10,0,9
5402,2016-02,0,9
5402,2016-06,0,9
5402,2016-10,0,9
5402,2017-02,0,9
5402,2017-06,0,9
5402,2017-10,0,9
5403,2015-04,0,9
5403,2015-07,0,9
5403,2015-10,0,9
5403,2016-02,0,9
5403,2016-06,0,9
5403,2016-10,0,9
5403,2017-02,0,9
5403,2017-06,0,9
5403,2017-10,0,9
5404,2015-04,0,9
5404,2015-07,0,9
5404,2015-10,0,9
5404,2016-02,0,9
5404,2016-06,0,9
5404,2016-10,0,9
5404,2017-02,0,9
5404,2017-06,0,9
5404,2017-10,0,9
5405,2015-04,0,9
5405,2015-07,0,9
5405,2015-10,0,9
5405,2016-02,0,9
5405,2016-06,0,9
5405,2016-10,0,9
5405,2017-02,0,9
5405,2017-06,0,9
5405,2017-10,0,9
5406,2015-04,0,3
5406,2015-07,0,3
5406,2015-10,0,3
5406,2016-02,0,3
5406,2016-06,0,3
5406,2016-10,0,3
5406,2017-02,0,3
5406,2017-06,0,3
5406,2017-10,0,3
5407,2015-04,0,3
5407,2015-07,0,3
5407,2015-10,0,3
5407,2016-02,0,3
5407,2016-06,0,3
5407,2016-10,0,3
5407,2017-02,0,3
5407,2017-06,0,3
5407,2017-10,0,3
5408,2015-04,0,3
5408,2015-07,0,3
5408,2015-10,0,3
5408,2016-02,0,3
5408,2016-06,0,3
5408,2016-10,0,3
5408,2017-02,0,3
5408,2017-06,0,3
5408,2017-10,0,3
5409,2015-04,0,3
5409,2015-07,0,3
5409,2015-10,0,3
5409,2016-02,0,3
5409,2016-06,0,3
5409,2016-10,0,3
5409,2017-02,0,3
5409,2017-06,0,3
5409,2017-10,0,3
5410,2015-04,0,3
5410,2015-07,0,3
5410,2015-10,0,3
5410,2016-02,0,3
5410,2016-06,0,3
5410,2016-10,0,3
5410,2017-02,0,3
5410,2017-06,0,3
5410,2017-10,0,3
5411,2015-04,0,3
5411,2015-07,0,3
5411,2015-10,0,3
5411,2016-02,0,3
5411,2016-06,0,3
5411,2016-10,0,3
5411,2017-02,0,3
5411,2017-06,0,3
5411,2017-10,0,3
5412,2015-04,0,3
5412,2015-07,0,3
5412,2015-10,0,3
5412,2016-02,0,3
5412,2016-06,0,3
5412,2016-10,0,3
5412,2017-02,0,3
5412,2017-06,0,3
5412,2017-10,0,3
5413,2015-04,0,3
5413,2015-07,0,3
5413,2015-10,0,3
5413,2016-02,0,3
5413,2016-06,0,3
5413,2016-10,0,3
5413,2017-02,0,3
5413,2017-06,0,3
5413,2017-10,0,3
5414,2015-04,0,3
5414,2015-07,0,3
5414,2015-10,0,3
5414,2016-02,0,3
5414,2016-06,0,3
5414,2016-10,0,3
5414,2017-02,0,3
5414,2017-06,0,3
5414,2017-10,0,3
5415,2015-04,0,3
5415,2015-07,0,3
5415,2015-10,0,3
5415,2016-02,0,3
5415,2016-06,0,3
5415,2016-10,0,3
5415,2017-02,0,3
5415,2017-06,0,3
5415,2017-10,0,3
5416,2015-04,0,9
5416,2015-07,0,9
5416,2015-10,0,9
5416,2016-02,0,9
5416,2016-06,0,9
5416,2016-10,0,9
5416,2017-02,0,9
5416,2017-06,0,9
5416,2017-10,0,9
5417,2015-04,0,9
5417,2015-07,0,9
5417,2015-10,0,9
5417,2016-02,0,9
5417,2016-06,0,9
5417,2016-10,0,9
5417,2017-02,0,9
5417,2017-06,0,9
5417,2017-10,0,9
5418,2015-04,0,9
5418,2015-07,0,9
5418,2015-10,0,9
5418,2016-02,0,9
5418,2016-06,0,9
5418,2016-10,0,9
5418,2017-02,0,9
5418,2017-06,0,9
5418,2017-10,0,9
5419,2015-04,0,3
5419,2015-07,0,3
5419,2015-10,0,3
5419,2016-02,0,3
5419,2016-06,0,3
5419,2016-10,0,3
5419,2017-02,0,3
5419,2017-06,0,3
5419,2017-10,0,3
5420,2015-04,0,3
5420,2015-07,0,3
5420,2015-10,0,3
5420,2016-02,0,3
5420,2016-06,0,3
5420,2016-10,0,3
5420,2017-02,0,3
5420,2017-06,0,3
5420,2017-10,0,3
5421,2015-04,0,3
5421,2015-07,0,3
5421,2015-10,0,3
5421,2016-02,0,3
5421,2016-06,0,3
5421,2016-10,0,3
5421,2017-02,0,3
5421,2017-06,0,3
5421,2017-10,0,3
5422,2015-04,0,9
5422,2015-07,0,9
5422,2015-10,0,9
5422,2016-02,0,9
5422,2016-06,0,9
5422,2016-10,0,9
5422,2017-02,0,9
5422,2017-06,0,9
5422,2017-10,0,9
5423,2015-04,0,3
5423,2015-07,0,3
5423,2015-10,0,3
5423,2016-02,0,3
5423,2016-06,0,3
5423,2016-10,0,3
5423,2017-02,0,3
5423,2017-06,0,3
5423,2017-10,0,3
5424,2015-04,0,3
5424,2015-07,0,3
5424,2015-10,0,3
5424,2016-02,0,3
5424,2016-06,0,3
5424,2016-10,0,3
5424,2017-02,0,3
5424,2017-06,0,3
5424,2017-10,0,3
5425,2015-04,0,3
5425,2015-07,0,3
5425,2015-10,0,3
5425,2016-02,0,3
5425,2016-06,0,3
5425,2016-10,0,3
5425,2017-02,0,3
5425,2017-06,0,3
5425,2017-10,0,3
5426,2015-04,0,9
5426,2015-07,0,9
5426,2015-10,0,9
5426,2016-02,0,9
5426,2016-06,0,9
5426,2016-10,0,9
5426,2017-02,0,9
5426,2017-06,0,9
5426,2017-10,0,9
5427,2015-04,0,9
5427,2015-07,0,9
5427,2015-10,0,9
5427,2016-02,0,9
5427,2016-06,0,9
5427,2016-10,0,9
5427,2017-02,0,9
5427,2017-06,0,9
5427,2017-10,0,9
5428,2015-04,0,9
5428,2015-07,0,9
5428,2015-10,0,9
5428,2016-02,0,9
5428,2016-06,0,9
5428,2016-10,0,9
5428,2017-02,0,9
5428,2017-06,0,9
5428,2017-10,0,9
5429,2015-04,0,9
5429,2015-07,0,9
5429,2015-10,0,9
5429,2016-02,0,9
5429,2016-06,0,9
5429,2016-10,0,9
5429,2017-02,0,9
5429,2017-06,0,9
5429,2017-10,0,9
5430,2015-04,0,3
5430,2015-07,0,3
5430,2015-10,0,3
5430,2016-02,0,3
5430,2016-06,0,3
5430,2016-10,0,3
5430,2017-02,0,3
5430,2017-06,0,3
5430,2017-10,0,3
5431,2015-04,0,9
5431,2015-07,0,9
5431,2015-10,0,9
5431,2016-02,0,9
5431,2016-06,0,9
5431,2016-10,0,9
5431,2017-02,0,9
5431,2017-06,0,9
5431,2017-10,0,9
5432,2015-04,0,9
5432,2015-07,0,9
5432,2015-10,0,9
5432,2016-02,0,9
5432,2016-06,0,9
5432,2016-10,0,9
5432,2017-02,0,9
5432,2017-06,0,9
5432,2017-10,0,9
5433,2015-04,0,9
5433,2015-07,0,9
5433,2015-10,0,9
5433,2016-02,0,9
5433,2016-06,0,9
5433,2016-10,0,9
5433,2017-02,0,9
5433,2017-06,0,9
5433,2017-10,0,9
5434,2015-04,0,9
5434,2015-07,0,9
5434,2015-10,0,9
5434,2016-02,0,9
5434,2016-06,0,9
5434,2016-10,0,9
5434,2017-02,0,9
5434,2017-06,0,9
5434,2017-10,0,9
5435,2015-04,0,9
5435,2015-07,0,9
5435,2015-10,0,9
5435,2016-02,0,9
5435,2016-06,0,9
5435,2016-10,0,9
5435,2017-02,0,9
5435,2017-06,0,9
5435,2017-10,0,9
5436,2015-04,0,9
5436,2015-07,0,9
5436,2015-10,0,9
5436,2016-02,0,9
5436,2016-06,0,9
5436,2016-10,0,9
5436,2017-02,0,9
5436,2017-06,0,9
5436,2017-10,0,9
5437,2015-04,0,9
5437,2015-07,0,9
5437,2015-10,0,9
5437,2016-02,0,9
5437,2016-06,0,9
5437,2016-10,0,9
5437,2017-02,0,9
5437,2017-06,0,9
5437,2017-10,0,9
5438,2015-04,0,9
5438,2015-07,0,9
5438,2015-10,0,9
5438,2016-02,0,9
5438,2016-06,0,9
5438,2016-10,0,9
5438,2017-02,0,9
5438,2017-06,0,9
5438,2017-10,0,9
5439,2015-04,0,9
5439,2015-07,0,9
5439,2015-10,0,9
5439,2016-02,0,9
5439,2016-06,0,9
5439,2016-10,0,9
5439,2017-02,0,9
5439,2017-06,0,9
5439,2017-10,0,9
5440,2015-04,0,9
5440,2015-07,0,9
5440,2015-10,0,9
5440,2016-02,0,9
5440,2016-06,0,9
5440,2016-10,0,9
5440,2017-02,0,9
5440,2017-06,0,9
5440,2017-10,0,9
5441,2015-04,0,9
5441,2015-07,0,9
5441,2015-10,0,9
5441,2016-02,0,9
5441,2016-06,0,9
5441,2016-10,0,9
5441,2017-02,0,9
5441,2017-06,0,9
5441,2017-10,0,9
5442,2015-04,0,9
5442,2015-07,0,9
5442,2015-10,0,9
5442,2016-02,0,9
5442,2016-06,0,9
5442,2016-10,0,9
5442,2017-02,0,9
5442,2017-06,0,9
5442,2017-10,0,9
5443,2015-04,0,9
5443,2015-07,0,9
5443,2015-10,0,9
5443,2016-02,0,9
5443,2016-06,0,9
5443,2016-10,0,9
5443,2017-02,0,9
5443,2017-06,0,9
5443,2017-10,0,9
5444,2015-04,0,9
5444,2015-07,0,9
5444,2015-10,0,9
5444,2016-02,0,9
5444,2016-06,0,9
5444,2016-10,0,9
5444,2017-02,0,9
5444,2017-06,0,9
5444,2017-10,0,9
5445,2015-04,0,9
5445,2015-07,0,9
5445,2015-10,0,9
5445,2016-02,0,9
5445,2016-06,0,9
5445,2016-10,0,9
5445,2017-02,0,9
5445,2017-06,0,9
5445,2017-10,0,9
5446,2015-04,0,9
5446,2015-07,0,9
5446,2015-10,0,9
5446,2016-02,0,9
5446,2016-06,0,9
5446,2016-10,0,9
5446,2017-02,0,9
5446,2017-06,0,9
5446,2017-10,0,9
5447,2015-04,0,9
5447,2015-07,0,9
5447,2015-10,0,9
5447,2016-02,0,9
5447,2016-06,0,9
5447,2016-10,0,9
5447,2017-02,0,9
5447,2017-06,0,9
5447,2017-10,0,9
5448,2015-04,0,9
5448,2015-07,0,9
5448,2015-10,0,9
5448,2016-02,0,9
5448,2016-06,0,9
5448,2016-10,0,9
5448,2017-02,0,9
5448,2017-06,0,9
5448,2017-10,0,9
5449,2015-04,0,9
5449,2015-07,0,9
5449,2015-10,0,9
5449,2016-02,0,9
5449,2016-06,0,9
5449,2016-10,0,9
5449,2017-02,0,9
5449,2017-06,0,9
5449,2017-10,0,9
5450,2015-04,0,9
5450,2015-07,0,9
5450,2015-10,0,9
5450,2016-02,0,9
5450,2016-06,0,9
5450,2016-10,0,9
5450,2017-02,0,9
5450,2017-06,0,9
5450,2017-10,0,9
5451,2015-04,0,9
5451,2015-07,0,9
5451,2015-10,0,9
5451,2016-02,0,9
5451,2016-06,0,9
5451,2016-10,0,9
5451,2017-02,0,9
5451,2017-06,0,9
5451,2017-10,0,9
5452,2015-04,0,9
5452,2015-07,0,9
5452,2015-10,0,9
5452,2016-02,0,9
5452,2016-06,0,9
5452,2016-10,0,9
5452,2017-02,0,9
5452,2017-06,0,9
5452,2017-10,0,9
5453,2015-04,0,9
5453,2015-07,0,9
5453,2015-10,0,9
5453,2016-02,0,9
5453,2016-06,0,9
5453,2016-10,0,9
5453,2017-02,0,9
5453,2017-06,0,9
5453,2017-10,0,9
5454,2015-04,0,9
5454,2015-07,0,9
5454,2015-10,0,9
5454,2016-02,0,9
5454,2016-06,0,9
5454,2016-10,0,9
5454,2017-02,0,9
5454,2017-06,0,9
5454,2017-10,0,9
5455,2015-04,0,9
5455,2015-07,0,9
5455,2015-10,0,9
5455,2016-02,0,9
5455,2016-06,0,9
5455,2016-10,0,9
5455,2017-02,0,9
5455,2017-06,0,9
5455,2017-10,0,9
5456,2015-04,0,9
5456,2015-07,0,9
5456,2015-10,0,9
5456,2016-02,0,9
5456,2016-06,0,9
5456,2016-10,0,9
5456,2017-02,0,9
5456,2017-06,0,9
5456,2017-10,0,9
5457,2015-04,0,9
5457,2015-07,0,9
5457,2015-10,0,9
5457,2016-02,0,9
5457,2016-06,0,9
5457,2016-10,0,9
5457,2017-02,0,9
5457,2017-06,0,9
5457,2017-10,0,9
5458,2015-04,0,9
5458,2015-07,0,9
5458,2015-10,0,9
5458,2016-02,0,9
5458,2016-06,0,9
5458,2016-10,0,9
5458,2017-02,0,9
5458,2017-06,0,9
5458,2017-10,0,9
5459,2015-04,0,9
5459,2015-07,0,9
5459,2015-10,0,9
5459,2016-02,0,9
5459,2016-06,0,9
5459,2016-10,0,9
5459,2017-02,0,9
5459,2017-06,0,9
5459,2017-10,0,9
5460,2015-04,0,9
5460,2015-07,0,9
5460,2015-10,0,9
5460,2016-02,0,9
5460,2016-06,0,9
5460,2016-10,0,9
5460,2017-02,0,9
5460,2017-06,0,9
5460,2017-10,0,9
5461,2015-04,0,9
5461,2015-07,0,9
5461,2015-10,0,9
5461,2016-02,0,9
5461,2016-06,0,9
5461,2016-10,0,9
5461,2017-02,0,9
5461,2017-06,0,9
5461,2017-10,0,9
5462,2015-04,0,9
5462,2015-07,0,9
5462,2015-10,0,9
5462,2016-02,0,9
5462,2016-06,0,9
5462,2016-10,0,9
5462,2017-02,0,9
5462,2017-06,0,9
5462,2017-10,0,9
5463,2015-04,0,9
5463,2015-07,0,9
5463,2015-10,0,9
5463,2016-02,0,9
5463,2016-06,0,9
5463,2016-10,0,9
5463,2017-02,0,9
5463,2017-06,0,9
5463,2017-10,0,9
5464,2015-04,0,9
5464,2015-07,0,9
5464,2015-10,0,9
5464,2016-02,0,9
5464,2016-06,0,9
5464,2016-10,0,9
5464,2017-02,0,9
5464,2017-06,0,9
5464,2017-10,0,9
5465,2015-04,0,9
5465,2015-07,0,9
5465,2015-10,0,9
5465,2016-02,0,9
5465,2016-06,0,9
5465,2016-10,0,9
5465,2017-02,0,9
5465,2017-06,0,9
5465,2017-10,0,9
5466,2015-04,0,9
5466,2015-07,0,9
5466,2015-10,0,9
5466,2016-02,0,9
5466,2016-06,0,9
5466,2016-10,0,9
5466,2017-02,0,9
5466,2017-06,0,9
5466,2017-10,0,9
5467,2015-04,0,9
5467,2015-07,0,9
5467,2015-10,0,9
5467,2016-02,0,9
5467,2016-06,0,9
5467,2016-10,0,9
5467,2017-02,0,9
5467,2017-06,0,9
5467,2017-10,0,9
5468,2015-04,0,9
5468,2015-07,0,9
5468,2015-10,0,9
5468,2016-02,0,9
5468,2016-06,0,9
5468,2016-10,0,9
5468,2017-02,0,9
5468,2017-06,0,9
5468,2017-10,0,9
5469,2015-04,0,9
5469,2015-07,0,9
5469,2015-10,0,9
5469,2016-02,0,9
5469,2016-06,0,9
5469,2016-10,0,9
5469,2017-02,0,9
5469,2017-06,0,9
5469,2017-10,0,9
5470,2015-04,0,9
5470,2015-07,0,9
5470,2015-10,0,9
5470,2016-02,0,9
5470,2016-06,0,9
5470,2016-10,0,9
5470,2017-02,0,9
5470,2017-06,0,9
5470,2017-10,0,9
5471,2015-04,0,9
5471,2015-07,0,9
5471,2015-10,0,9
5471,2016-02,0,9
5471,2016-06,0,9
5471,2016-10,0,9
5471,2017-02,0,9
5471,2017-06,0,9
5471,2017-10,0,9
5472,2015-04,0,9
5472,2015-07,0,9
5472,2015-10,0,9
5472,2016-02,0,9
5472,2016-06,0,9
5472,2016-10,0,9
5472,2017-02,0,9
5472,2017-06,0,9
5472,2017-10,0,9
5473,2015-04,0,9
5473,2015-07,0,9
5473,2015-10,0,9
5473,2016-02,0,9
5473,2016-06,0,9
5473,2016-10,0,9
5473,2017-02,0,9
5473,2017-06,0,9
5473,2017-10,0,9
5474,2015-04,0,9
5474,2015-07,0,9
5474,2015-10,0,9
5474,2016-02,0,9
5474,2016-06,0,9
5474,2016-10,0,9
5474,2017-02,0,9
5474,2017-06,0,9
5474,2017-10,0,9
5475,2015-04,0,9
5475,2015-07,0,9
5475,2015-10,0,9
5475,2016-02,0,9
5475,2016-06,0,9
5475,2016-10,0,9
5475,2017-02,0,9
5475,2017-06,0,9
5475,2017-10,0,9
5476,2015-04,0,9
5476,2015-07,0,9
5476,2015-10,0,9
5476,2016-02,0,9
5476,2016-06,0,9
5476,2016-10,0,9
5476,2017-02,0,9
5476,2017-06,0,9
5476,2017-10,0,9
5477,2015-04,0,9
5477,2015-07,0,9
5477,2015-10,0,9
5477,2016-02,0,9
5477,2016-06,0,9
5477,2016-10,0,9
5477,2017-02,0,9
5477,2017-06,0,9
5477,2017-10,0,9
5478,2015-04,0,9
5478,2015-07,0,9
5478,2015-10,0,9
5478,2016-02,0,9
5478,2016-06,0,9
5478,2016-10,0,9
5478,2017-02,0,9
5478,2017-06,0,9
5478,2017-10,0,9
5479,2015-04,0,9
5479,2015-07,0,9
5479,2015-10,0,9
5479,2016-02,0,9
5479,2016-06,0,9
5479,2016-10,0,9
5479,2017-02,0,9
5479,2017-06,0,9
5479,2017-10,0,9
5480,2015-04,0,9
5480,2015-07,0,9
5480,2015-10,0,9
5480,2016-02,0,9
5480,2016-06,0,9
5480,2016-10,0,9
5480,2017-02,0,9
5480,2017-06,0,9
5480,2017-10,0,9
5481,2015-04,0,9
5481,2015-07,0,9
5481,2015-10,0,9
5481,2016-02,0,9
5481,2016-06,0,9
5481,2016-10,0,9
5481,2017-02,0,9
5481,2017-06,0,9
5481,2017-10,0,9
5482,2015-04,0,9
5482,2015-07,0,9
5482,2015-10,0,9
5482,2016-02,0,9
5482,2016-06,0,9
5482,2016-10,0,9
5482,2017-02,0,9
5482,2017-06,0,9
5482,2017-10,0,9
5483,2015-04,0,9
5483,2015-07,0,9
5483,2015-10,0,9
5483,2016-02,0,9
5483,2016-06,0,9
5483,2016-10,0,9
5483,2017-02,0,9
5483,2017-06,0,9
5483,2017-10,0,9
5484,2015-04,0,9
5484,2015-07,0,9
5484,2015-10,0,9
5484,2016-02,0,9
5484,2016-06,0,9
5484,2016-10,0,9
5484,2017-02,0,9
5484,2017-06,0,9
5484,2017-10,0,9
5485,2015-04,0,9
5485,2015-07,0,9
5485,2015-10,0,9
5485,2016-02,0,9
5485,2016-06,0,9
5485,2016-10,0,9
5485,2017-02,0,9
5485,2017-06,0,9
5485,2017-10,0,9
5486,2015-04,0,9
5486,2015-07,0,9
5486,2015-10,0,9
5486,2016-02,0,9
5486,2016-06,0,9
5486,2016-10,0,9
5486,2017-02,0,9
5486,2017-06,0,9
5486,2017-10,0,9
5487,2015-04,0,9
5487,2015-07,0,9
5487,2015-10,0,9
5487,2016-02,0,9
5487,2016-06,0,9
5487,2016-10,0,9
5487,2017-02,0,9
5487,2017-06,0,9
5487,2017-10,0,9
5488,2015-04,0,9
5488,2015-07,0,9
5488,2015-10,0,9
5488,2016-02,0,9
5488,2016-06,0,9
5488,2016-10,0,9
5488,2017-02,0,9
5488,2017-06,0,9
5488,2017-10,0,9
5489,2015-04,0,9
5489,2015-07,0,9
5489,2015-10,0,9
5489,2016-02,0,9
5489,2016-06,0,9
5489,2016-10,0,9
5489,2017-02,0,9
5489,2017-06,0,9
5489,2017-10,0,9
5490,2015-04,0,9
5490,2015-07,0,9
5490,2015-10,0,9
5490,2016-02,0,9
5490,2016-06,0,9
5490,2016-10,0,9
5490,2017-02,0,9
5490,2017-06,0,9
5490,2017-10,0,9
5491,2015-04,0,9
5491,2015-07,0,9
5491,2015-10,0,9
5491,2016-02,0,9
5491,2016-06,0,9
5491,2016-10,0,9
5491,2017-02,0,9
5491,2017-06,0,9
5491,2017-10,0,9
5492,2015-04,0,9
5492,2015-07,0,9
5492,2015-10,0,9
5492,2016-02,0,9
5492,2016-06,0,9
5492,2016-10,0,9
5492,2017-02,0,9
5492,2017-06,0,9
5492,2017-10,0,9
5493,2015-04,0,9
5493,2015-07,0,9
5493,2015-10,0,9
5493,2016-02,0,9
5493,2016-06,0,9
5493,2016-10,0,9
5493,2017-02,0,9
5493,2017-06,0,9
5493,2017-10,0,9
5494,2015-04,0,9
5494,2015-07,0,9
5494,2015-10,0,9
5494,2016-02,0,9
5494,2016-06,0,9
5494,2016-10,0,9
5494,2017-02,0,9
5494,2017-06,0,9
5494,2017-10,0,9
5495,2015-04,0,9
5495,2015-07,0,9
5495,2015-10,0,9
5495,2016-02,0,9
5495,2016-06,0,9
5495,2016-10,0,9
5495,2017-02,0,9
5495,2017-06,0,9
5495,2017-10,0,9
5496,2015-04,0,9
5496,2015-07,0,9
5496,2015-10,0,9
5496,2016-02,0,9
5496,2016-06,0,9
5496,2016-10,0,9
5496,2017-02,0,9
5496,2017-06,0,9
5496,2017-10,0,9
5497,2015-04,0,9
5497,2015-07,0,9
5497,2015-10,0,9
5497,2016-02,0,9
5497,2016-06,0,9
5497,2016-10,0,9
5497,2017-02,0,9
5497,2017-06,0,9
5497,2017-10,0,9
5498,2015-04,0,9
5498,2015-07,0,9
5498,2015-10,0,9
5498,2016-02,0,9
5498,2016-06,0,9
5498,2016-10,0,9
5498,2017-02,0,9
5498,2017-06,0,9
5498,2017-10,0,9
5499,2015-04,0,9
5499,2015-07,0,9
5499,2015-10,0,9
5499,2016-02,0,9
5499,2016-06,0,9
5499,2016-10,0,9
5499,2017-02,0,9
5499,2017-06,0,9
5499,2017-10,0,9
5501,2015-04,0,9
5501,2015-07,0,9
5501,2015-10,0,9
5501,2016-02,0,9
5501,2016-06,0,9
5501,2016-10,0,9
5501,2017-02,0,9
5501,2017-06,0,9
5501,2017-10,0,9
5502,2015-04,0,9
5502,2015-07,0,9
5502,2015-10,0,9
5502,2016-02,0,9
5502,2016-06,0,9
5502,2016-10,0,9
5502,2017-02,0,9
5502,2017-06,0,9
5502,2017-10,0,9
5503,2015-04,0,9
5503,2015-07,0,9
5503,2015-10,0,9
5503,2016-02,0,9
5503,2016-06,0,9
5503,2016-10,0,9
5503,2017-02,0,9
5503,2017-06,0,9
5503,2017-10,0,9
5504,2015-04,0,9
5504,2015-07,0,9
5504,2015-10,0,9
5504,2016-02,0,9
5504,2016-06,0,9
5504,2016-10,0,9
5504,2017-02,0,9
5504,2017-06,0,9
5504,2017-10,0,9
5505,2015-04,0,9
5505,2015-07,0,9
5505,2015-10,0,9
5505,2016-02,0,9
5505,2016-06,0,9
5505,2016-10,0,9
5505,2017-02,0,9
5505,2017-06,0,9
5505,2017-10,0,9
5506,2015-04,0,9
5506,2015-07,0,9
5506,2015-10,0,9
5506,2016-02,0,9
5506,2016-06,0,9
5506,2016-10,0,9
5506,2017-02,0,9
5506,2017-06,0,9
5506,2017-10,0,9
5507,2015-04,0,9
5507,2015-07,0,9
5507,2015-10,0,9
5507,2016-02,0,9
5507,2016-06,0,9
5507,2016-10,0,9
5507,2017-02,0,9
5507,2017-06,0,9
5507,2017-10,0,9
5508,2015-04,0,9
5508,2015-07,0,9
5508,2015-10,0,9
5508,2016-02,0,9
5508,2016-06,0,9
5508,2016-10,0,9
5508,2017-02,0,9
5508,2017-06,0,9
5508,2017-10,0,9
5509,2015-04,0,9
5509,2015-07,0,9
5509,2015-10,0,9
5509,2016-02,0,9
5509,2016-06,0,9
5509,2016-10,0,9
5509,2017-02,0,9
5509,2017-06,0,9
5509,2017-10,0,9
5510,2015-04,0,9
5510,2015-07,0,9
5510,2015-10,0,9
5510,2016-02,0,9
5510,2016-06,0,9
5510,2016-10,0,9
5510,2017-02,0,9
5510,2017-06,0,9
5510,2017-10,0,9
5511,2015-04,0,9
5511,2015-07,0,9
5511,2015-10,0,9
5511,2016-02,0,9
5511,2016-06,0,9
5511,2016-10,0,9
5511,2017-02,0,9
5511,2017-06,0,9
5511,2017-10,0,9
5512,2015-04,0,9
5512,2015-07,0,9
5512,2015-10,0,9
5512,2016-02,0,9
5512,2016-06,0,9
5512,2016-10,0,9
5512,2017-02,0,9
5512,2017-06,0,9
5512,2017-10,0,9
5513,2015-04,0,9
5513,2015-07,0,9
5513,2015-10,0,9
5513,2016-02,0,9
5513,2016-06,0,9
5513,2016-10,0,9
5513,2017-02,0,9
5513,2017-06,0,9
5513,2017-10,0,9
5514,2015-04,0,9
5514,2015-07,0,9
5514,2015-10,0,9
5514,2016-02,0,9
5514,2016-06,0,9
5514,2016-10,0,9
5514,2017-02,0,9
5514,2017-06,0,9
5514,2017-10,0,9
5515,2015-04,0,9
5515,2015-07,0,9
5515,2015-10,0,9
5515,2016-02,0,9
5515,2016-06,0,9
5515,2016-10,0,9
5515,2017-02,0,9
5515,2017-06,0,9
5515,2017-10,0,9
5516,2015-04,0,9
5516,2015-07,0,9
5516,2015-10,0,9
5516,2016-02,0,9
5516,2016-06,0,9
5516,2016-10,0,9
5516,2017-02,0,9
5516,2017-06,0,9
5516,2017-10,0,9
5517,2015-04,0,9
5517,2015-07,0,9
5517,2015-10,0,9
5517,2016-02,0,9
5517,2016-06,0,9
5517,2016-10,0,9
5517,2017-02,0,9
5517,2017-06,0,9
5517,2017-10,0,9
5518,2015-04,0,9
5518,2015-07,0,9
5518,2015-10,0,9
5518,2016-02,0,9
5518,2016-06,0,9
5518,2016-10,0,9
5518,2017-02,0,9
5518,2017-06,0,9
5518,2017-10,0,9
5519,2015-04,0,9
5519,2015-07,0,9
5519,2015-10,0,9
5519,2016-02,0,9
5519,2016-06,0,9
5519,2016-10,0,9
5519,2017-02,0,9
5519,2017-06,0,9
5519,2017-10,0,9
5520,2015-04,0,9
5520,2015-07,0,9
5520,2015-10,0,9
5520,2016-02,0,9
5520,2016-06,0,9
5520,2016-10,0,9
5520,2017-02,0,9
5520,2017-06,0,9
5520,2017-10,0,9
5521,2015-04,0,9
5521,2015-07,0,9
5521,2015-10,0,9
5521,2016-02,0,9
5521,2016-06,0,9
5521,2016-10,0,9
5521,2017-02,0,9
5521,2017-06,0,9
5521,2017-10,0,9
5522,2015-04,0,9
5522,2015-07,0,9
5522,2015-10,0,9
5522,2016-02,0,9
5522,2016-06,0,9
5522,2016-10,0,9
5522,2017-02,0,9
5522,2017-06,0,9
5522,2017-10,0,9
5523,2015-04,0,9
5523,2015-07,0,9
5523,2015-10,0,9
5523,2016-02,0,9
5523,2016-06,0,9
5523,2016-10,0,9
5523,2017-02,0,9
5523,2017-06,0,9
5523,2017-10,0,9
5524,2015-04,0,9
5524,2015-07,0,9
5524,2015-10,0,9
5524,2016-02,0,9
5524,2016-06,0,9
5524,2016-10,0,9
5524,2017-02,0,9
5524,2017-06,0,9
5524,2017-10,0,9
5525,2015-04,0,9
5525,2015-07,0,9
5525,2015-10,0,9
5525,2016-02,0,9
5525,2016-06,0,9
5525,2016-10,0,9
5525,2017-02,0,9
5525,2017-06,0,9
5525,2017-10,0,9
5526,2015-04,0,9
5526,2015-07,0,9
5526,2015-10,0,9
5526,2016-02,0,9
5526,2016-06,0,9
5526,2016-10,0,9
5526,2017-02,0,9
5526,2017-06,0,9
5526,2017-10,0,9
5527,2015-04,0,9
5527,2015-07,0,9
5527,2015-10,0,9
5527,2016-02,0,9
5527,2016-06,0,9
5527,2016-10,0,9
5527,2017-02,0,9
5527,2017-06,0,9
5527,2017-10,0,9
5528,2015-04,0,9
5528,2015-07,0,9
5528,2015-10,0,9
5528,2016-02,0,9
5528,2016-06,0,9
5528,2016-10,0,9
5528,2017-02,0,9
5528,2017-06,0,9
5528,2017-10,0,9
5529,2015-04,0,9
5529,2015-07,0,9
5529,2015-10,0,9
5529,2016-02,0,9
5529,2016-06,0,9
5529,2016-10,0,9
5529,2017-02,0,9
5529,2017-06,0,9
5529,2017-10,0,9
5530,2015-04,0,9
5530,2015-07,0,9
5530,2015-10,0,9
5530,2016-02,0,9
5530,2016-06,0,9
5530,2016-10,0,9
5530,2017-02,0,9
5530,2017-06,0,9
5530,2017-10,0,9
5531,2015-04,0,9
5531,2015-07,0,9
5531,2015-10,0,9
5531,2016-02,0,9
5531,2016-06,0,9
5531,2016-10,0,9
5531,2017-02,0,9
5531,2017-06,0,9
5531,2017-10,0,9
5532,2015-04,0,9
5532,2015-07,0,9
5532,2015-10,0,9
5532,2016-02,0,9
5532,2016-06,0,9
5532,2016-10,0,9
5532,2017-02,0,9
5532,2017-06,0,9
5532,2017-10,0,9
5533,2015-04,0,9
5533,2015-07,0,9
5533,2015-10,0,9
5533,2016-02,0,9
5533,2016-06,0,9
5533,2016-10,0,9
5533,2017-02,0,9
5533,2017-06,0,9
5533,2017-10,0,9
5534,2015-04,0,9
5534,2015-07,0,9
5534,2015-10,0,9
5534,2016-02,0,9
5534,2016-06,0,9
5534,2016-10,0,9
5534,2017-02,0,9
5534,2017-06,0,9
5534,2017-10,0,9
5535,2015-04,0,3
5535,2015-07,0,3
5535,2015-10,0,3
5535,2016-02,0,3
5535,2016-06,0,3
5535,2016-10,0,3
5535,2017-02,0,3
5535,2017-06,0,3
5535,2017-10,0,3
5536,2015-04,0,9
5536,2015-07,0,9
5536,2015-10,0,9
5536,2016-02,0,9
5536,2016-06,0,9
5536,2016-10,0,9
5536,2017-02,0,9
5536,2017-06,0,9
5536,2017-10,0,9
5537,2015-04,0,9
5537,2015-07,0,9
5537,2015-10,0,9
5537,2016-02,0,9
5537,2016-06,0,9
5537,2016-10,0,9
5537,2017-02,0,9
5537,2017-06,0,9
5537,2017-10,0,9
5538,2015-04,0,9
5538,2015-07,0,9
5538,2015-10,0,9
5538,2016-02,0,9
5538,2016-06,0,9
5538,2016-10,0,9
5538,2017-02,0,9
5538,2017-06,0,9
5538,2017-10,0,9
5539,2015-04,0,9
5539,2015-07,0,9
5539,2015-10,0,9
5539,2016-02,0,9
5539,2016-06,0,9
5539,2016-10,0,9
5539,2017-02,0,9
5539,2017-06,0,9
5539,2017-10,0,9
5540,2015-04,0,9
5540,2015-07,0,9
5540,2015-10,0,9
5540,2016-02,0,9
5540,2016-06,0,9
5540,2016-10,0,9
5540,2017-02,0,9
5540,2017-06,0,9
5540,2017-10,0,9
5541,2015-04,0,9
5541,2015-07,0,9
5541,2015-10,0,9
5541,2016-02,0,9
5541,2016-06,0,9
5541,2016-10,0,9
5541,2017-02,0,9
5541,2017-06,0,9
5541,2017-10,0,9
5542,2015-04,0,9
5542,2015-07,0,9
5542,2015-10,0,9
5542,2016-02,0,9
5542,2016-06,0,9
5542,2016-10,0,9
5542,2017-02,0,9
5542,2017-06,0,9
5542,2017-10,0,9
5543,2015-04,0,9
5543,2015-07,0,9
5543,2015-10,0,9
5543,2016-02,0,9
5543,2016-06,0,9
5543,2016-10,0,9
5543,2017-02,0,9
5543,2017-06,0,9
5543,2017-10,0,9
5544,2015-04,0,9
5544,2015-07,0,9
5544,2015-10,0,9
5544,2016-02,0,9
5544,2016-06,0,9
5544,2016-10,0,9
5544,2017-02,0,9
5544,2017-06,0,9
5544,2017-10,0,9
5545,2015-04,0,9
5545,2015-07,0,9
5545,2015-10,0,9
5545,2016-02,0,9
5545,2016-06,0,9
5545,2016-10,0,9
5545,2017-02,0,9
5545,2017-06,0,9
5545,2017-10,0,9
5546,2015-04,0,9
5546,2015-07,0,9
5546,2015-10,0,9
5546,2016-02,0,9
5546,2016-06,0,9
5546,2016-10,0,9
5546,2017-02,0,9
5546,2017-06,0,9
5546,2017-10,0,9
5547,2015-04,0,9
5547,2015-07,0,9
5547,2015-10,0,9
5547,2016-02,0,9
5547,2016-06,0,9
5547,2016-10,0,9
5547,2017-02,0,9
5547,2017-06,0,9
5547,2017-10,0,9
5548,2015-04,0,9
5548,2015-07,0,9
5548,2015-10,0,9
5548,2016-02,0,9
5548,2016-06,0,9
5548,2016-10,0,9
5548,2017-02,0,9
5548,2017-06,0,9
5548,2017-10,0,9
5549,2015-04,0,9
5549,2015-07,0,9
5549,2015-10,0,9
5549,2016-02,0,9
5549,2016-06,0,9
5549,2016-10,0,9
5549,2017-02,0,9
5549,2017-06,0,9
5549,2017-10,0,9
5550,2015-04,0,9
5550,2015-07,0,9
5550,2015-10,0,9
5550,2016-02,0,9
5550,2016-06,0,9
5550,2016-10,0,9
5550,2017-02,0,9
5550,2017-06,0,9
5550,2017-10,0,9
5551,2015-04,0,9
5551,2015-07,0,9
5551,2015-10,0,9
5551,2016-02,0,9
5551,2016-06,0,9
5551,2016-10,0,9
5551,2017-02,0,9
5551,2017-06,0,9
5551,2017-10,0,9
5552,2015-04,0,9
5552,2015-07,0,9
5552,2015-10,0,9
5552,2016-02,0,9
5552,2016-06,0,9
5552,2016-10,0,9
5552,2017-02,0,9
5552,2017-06,0,9
5552,2017-10,0,9
5553,2015-04,0,9
5553,2015-07,0,9
5553,2015-10,0,9
5553,2016-02,0,9
5553,2016-06,0,9
5553,2016-10,0,9
5553,2017-02,0,9
5553,2017-06,0,9
5553,2017-10,0,9
5554,2015-04,0,9
5554,2015-07,0,9
5554,2015-10,0,9
5554,2016-02,0,9
5554,2016-06,0,9
5554,2016-10,0,9
5554,2017-02,0,9
5554,2017-06,0,9
5554,2017-10,0,9
5555,2015-04,0,9
5555,2015-07,0,9
5555,2015-10,0,9
5555,2016-02,0,9
5555,2016-06,0,9
5555,2016-10,0,9
5555,2017-02,0,9
5555,2017-06,0,9
5555,2017-10,0,9
5556,2015-04,0,9
5556,2015-07,0,9
5556,2015-10,0,9
5556,2016-02,0,9
5556,2016-06,0,9
5556,2016-10,0,9
5556,2017-02,0,9
5556,2017-06,0,9
5556,2017-10,0,9
5557,2015-04,0,9
5557,2015-07,0,9
5557,2015-10,0,9
5557,2016-02,0,9
5557,2016-06,0,9
5557,2016-10,0,9
5557,2017-02,0,9
5557,2017-06,0,9
5557,2017-10,0,9
5558,2015-04,0,9
5558,2015-07,0,9
5558,2015-10,0,9
5558,2016-02,0,9
5558,2016-06,0,9
5558,2016-10,0,9
5558,2017-02,0,9
5558,2017-06,0,9
5558,2017-10,0,9
5559,2015-04,0,9
5559,2015-07,0,9
5559,2015-10,0,9
5559,2016-02,0,9
5559,2016-06,0,9
5559,2016-10,0,9
5559,2017-02,0,9
5559,2017-06,0,9
5559,2017-10,0,9
5560,2015-04,0,9
5560,2015-07,0,9
5560,2015-10,0,9
5560,2016-02,0,9
5560,2016-06,0,9
5560,2016-10,0,9
5560,2017-02,0,9
5560,2017-06,0,9
5560,2017-10,0,9
5561,2015-04,0,9
5561,2015-07,0,9
5561,2015-10,0,9
5561,2016-02,0,9
5561,2016-06,0,9
5561,2016-10,0,9
5561,2017-02,0,9
5561,2017-06,0,9
5561,2017-10,0,9
5562,2015-04,0,9
5562,2015-07,0,9
5562,2015-10,0,9
5562,2016-02,0,9
5562,2016-06,0,9
5562,2016-10,0,9
5562,2017-02,0,9
5562,2017-06,0,9
5562,2017-10,0,9
5563,2015-04,0,9
5563,2015-07,0,9
5563,2015-10,0,9
5563,2016-02,0,9
5563,2016-06,0,9
5563,2016-10,0,9
5563,2017-02,0,9
5563,2017-06,0,9
5563,2017-10,0,9
5564,2015-04,0,9
5564,2015-07,0,9
5564,2015-10,0,9
5564,2016-02,0,9
5564,2016-06,0,9
5564,2016-10,0,9
5564,2017-02,0,9
5564,2017-06,0,9
5564,2017-10,0,9
5565,2015-04,0,9
5565,2015-07,0,9
5565,2015-10,0,9
5565,2016-02,0,9
5565,2016-06,0,9
5565,2016-10,0,9
5565,2017-02,0,9
5565,2017-06,0,9
5565,2017-10,0,9
5566,2015-04,0,9
5566,2015-07,0,9
5566,2015-10,0,9
5566,2016-02,0,9
5566,2016-06,0,9
5566,2016-10,0,9
5566,2017-02,0,9
5566,2017-06,0,9
5566,2017-10,0,9
5567,2015-04,0,9
5567,2015-07,0,9
5567,2015-10,0,9
5567,2016-02,0,9
5567,2016-06,0,9
5567,2016-10,0,9
5567,2017-02,0,9
5567,2017-06,0,9
5567,2017-10,0,9
5568,2015-04,0,9
5568,2015-07,0,9
5568,2015-10,0,9
5568,2016-02,0,9
5568,2016-06,0,9
5568,2016-10,0,9
5568,2017-02,0,9
5568,2017-06,0,9
5568,2017-10,0,9
5569,2015-04,0,9
5569,2015-07,0,9
5569,2015-10,0,9
5569,2016-02,0,9
5569,2016-06,0,9
5569,2016-10,0,9
5569,2017-02,0,9
5569,2017-06,0,9
5569,2017-10,0,9
5570,2015-04,0,9
5570,2015-07,0,9
5570,2015-10,0,9
5570,2016-02,0,9
5570,2016-06,0,9
5570,2016-10,0,9
5570,2017-02,0,9
5570,2017-06,0,9
5570,2017-10,0,9
5571,2015-04,0,9
5571,2015-07,0,9
5571,2015-10,0,9
5571,2016-02,0,9
5571,2016-06,0,9
5571,2016-10,0,9
5571,2017-02,0,9
5571,2017-06,0,9
5571,2017-10,0,9
5572,2015-04,0,9
5572,2015-07,0,9
5572,2015-10,0,9
5572,2016-02,0,9
5572,2016-06,0,9
5572,2016-10,0,9
5572,2017-02,0,9
5572,2017-06,0,9
5572,2017-10,0,9
5573,2015-04,0,9
5573,2015-07,0,9
5573,2015-10,0,9
5573,2016-02,0,9
5573,2016-06,0,9
5573,2016-10,0,9
5573,2017-02,0,9
5573,2017-06,0,9
5573,2017-10,0,9
5574,2015-04,0,9
5574,2015-07,0,9
5574,2015-10,0,9
5574,2016-02,0,9
5574,2016-06,0,9
5574,2016-10,0,9
5574,2017-02,0,9
5574,2017-06,0,9
5574,2017-10,0,9
5575,2015-04,0,9
5575,2015-07,0,9
5575,2015-10,0,9
5575,2016-02,0,9
5575,2016-06,0,9
5575,2016-10,0,9
5575,2017-02,0,9
5575,2017-06,0,9
5575,2017-10,0,9
5576,2015-04,0,9
5576,2015-07,0,9
5576,2015-10,0,9
5576,2016-02,0,9
5576,2016-06,0,9
5576,2016-10,0,9
5576,2017-02,0,9
5576,2017-06,0,9
5576,2017-10,0,9
5577,2015-04,0,9
5577,2015-07,0,9
5577,2015-10,0,9
5577,2016-02,0,9
5577,2016-06,0,9
5577,2016-10,0,9
5577,2017-02,0,9
5577,2017-06,0,9
5577,2017-10,0,9
5578,2015-04,0,9
5578,2015-07,0,9
5578,2015-10,0,9
5578,2016-02,0,9
5578,2016-06,0,9
5578,2016-10,0,9
5578,2017-02,0,9
5578,2017-06,0,9
5578,2017-10,0,9
5579,2015-04,0,9
5579,2015-07,0,9
5579,2015-10,0,9
5579,2016-02,0,9
5579,2016-06,0,9
5579,2016-10,0,9
5579,2017-02,0,9
5579,2017-06,0,9
5579,2017-10,0,9
5580,2015-04,0,9
5580,2015-07,0,9
5580,2015-10,0,9
5580,2016-02,0,9
5580,2016-06,0,9
5580,2016-10,0,9
5580,2017-02,0,9
5580,2017-06,0,9
5580,2017-10,0,9
5581,2015-04,0,9
5581,2015-07,0,9
5581,2015-10,0,9
5581,2016-02,0,9
5581,2016-06,0,9
5581,2016-10,0,9
5581,2017-02,0,9
5581,2017-06,0,9
5581,2017-10,0,9
5582,2015-04,0,9
5582,2015-07,0,9
5582,2015-10,0,9
5582,2016-02,0,9
5582,2016-06,0,9
5582,2016-10,0,9
5582,2017-02,0,9
5582,2017-06,0,9
5582,2017-10,0,9
5583,2015-04,0,4
5583,2015-07,0,4
5583,2015-10,0,4
5583,2016-02,0,4
5583,2016-06,0,4
5583,2016-10,0,4
5583,2017-02,0,4
5583,2017-06,0,4
5583,2017-10,0,4
5584,2015-04,0,4
5584,2015-07,0,4
5584,2015-10,0,4
5584,2016-02,0,4
5584,2016-06,0,4
5584,2016-10,0,4
5584,2017-02,0,4
5584,2017-06,0,4
5584,2017-10,0,4
5585,2015-04,0,4
5585,2015-07,0,4
5585,2015-10,0,4
5585,2016-02,0,4
5585,2016-06,0,4
5585,2016-10,0,4
5585,2017-02,0,4
5585,2017-06,0,4
5585,2017-10,0,4
5586,2015-04,0,4
5586,2015-07,0,4
5586,2015-10,0,4
5586,2016-02,0,4
5586,2016-06,0,4
5586,2016-10,0,4
5586,2017-02,0,4
5586,2017-06,0,4
5586,2017-10,0,4
5587,2015-04,0,4
5587,2015-07,0,4
5587,2015-10,0,4
5587,2016-02,0,4
5587,2016-06,0,4
5587,2016-10,0,4
5587,2017-02,0,4
5587,2017-06,0,4
5587,2017-10,0,4
5588,2015-04,0,4
5588,2015-07,0,4
5588,2015-10,0,4
5588,2016-02,0,4
5588,2016-06,0,4
5588,2016-10,0,4
5588,2017-02,0,4
5588,2017-06,0,4
5588,2017-10,0,4
5589,2015-04,0,4
5589,2015-07,0,4
5589,2015-10,0,4
5589,2016-02,0,4
5589,2016-06,0,4
5589,2016-10,0,4
5589,2017-02,0,4
5589,2017-06,0,4
5589,2017-10,0,4
5590,2015-04,0,4
5590,2015-07,0,4
5590,2015-10,0,4
5590,2016-02,0,4
5590,2016-06,0,4
5590,2016-10,0,4
5590,2017-02,0,4
5590,2017-06,0,4
5590,2017-10,0,4
5591,2015-04,0,4
5591,2015-07,0,4
5591,2015-10,0,4
5591,2016-02,0,4
5591,2016-06,0,4
5591,2016-10,0,4
5591,2017-02,0,4
5591,2017-06,0,4
5591,2017-10,0,4
5592,2015-04,0,4
5592,2015-07,0,4
5592,2015-10,0,4
5592,2016-02,0,4
5592,2016-06,0,4
5592,2016-10,0,4
5592,2017-02,0,4
5592,2017-06,0,4
5592,2017-10,0,4
5593,2015-04,0,4
5593,2015-07,0,4
5593,2015-10,0,4
5593,2016-02,0,4
5593,2016-06,0,4
5593,2016-10,0,4
5593,2017-02,0,4
5593,2017-06,0,4
5593,2017-10,0,4
5594,2015-04,0,9
5594,2015-07,0,9
5594,2015-10,0,9
5594,2016-02,0,9
5594,2016-06,0,9
5594,2016-10,0,9
5594,2017-02,0,9
5594,2017-06,0,9
5594,2017-10,0,9
5595,2015-04,0,9
5595,2015-07,0,9
5595,2015-10,0,9
5595,2016-02,0,9
5595,2016-06,0,9
5595,2016-10,0,9
5595,2017-02,0,9
5595,2017-06,0,9
5595,2017-10,0,9
5596,2015-04,0,9
5596,2015-07,0,9
5596,2015-10,0,9
5596,2016-02,0,9
5596,2016-06,0,9
5596,2016-10,0,9
5596,2017-02,0,9
5596,2017-06,0,9
5596,2017-10,0,9
5597,2015-04,0,9
5597,2015-07,0,9
5597,2015-10,0,9
5597,2016-02,0,9
5597,2016-06,0,9
5597,2016-10,0,9
5597,2017-02,0,9
5597,2017-06,0,9
5597,2017-10,0,9
5598,2015-04,0,9
5598,2015-07,0,9
5598,2015-10,0,9
5598,2016-02,0,9
5598,2016-06,0,9
5598,2016-10,0,9
5598,2017-02,0,9
5598,2017-06,0,9
5598,2017-10,0,9
5599,2015-04,0,4
5599,2015-07,0,4
5599,2015-10,0,4
5599,2016-02,0,4
5599,2016-06,0,4
5599,2016-10,0,4
5599,2017-02,0,4
5599,2017-06,0,4
5599,2017-10,0,4
5601,2015-04,0,4
5601,2015-07,0,4
5601,2015-10,0,4
5601,2016-02,0,4
5601,2016-06,0,4
5601,2016-10,0,4
5601,2017-02,0,4
5601,2017-06,0,4
5601,2017-10,0,4
5602,2015-04,0,4
5602,2015-07,0,4
5602,2015-10,0,4
5602,2016-02,0,4
5602,2016-06,0,4
5602,2016-10,0,4
5602,2017-02,0,4
5602,2017-06,0,4
5602,2017-10,0,4
5603,2015-04,0,4
5603,2015-07,0,4
5603,2015-10,0,4
5603,2016-02,0,4
5603,2016-06,0,4
5603,2016-10,0,4
5603,2017-02,0,4
5603,2017-06,0,4
5603,2017-10,0,4
5604,2015-04,0,4
5604,2015-07,0,4
5604,2015-10,0,4
5604,2016-02,0,4
5604,2016-06,0,4
5604,2016-10,0,4
5604,2017-02,0,4
5604,2017-06,0,4
5604,2017-10,0,4
5605,2015-04,0,4
5605,2015-07,0,4
5605,2015-10,0,4
5605,2016-02,0,4
5605,2016-06,0,4
5605,2016-10,0,4
5605,2017-02,0,4
5605,2017-06,0,4
5605,2017-10,0,4
5606,2015-04,0,4
5606,2015-07,0,4
5606,2015-10,0,4
5606,2016-02,0,4
5606,2016-06,0,4
5606,2016-10,0,4
5606,2017-02,0,4
5606,2017-06,0,4
5606,2017-10,0,4
5607,2015-04,0,4
5607,2015-07,0,4
5607,2015-10,0,4
5607,2016-02,0,4
5607,2016-06,0,4
5607,2016-10,0,4
5607,2017-02,0,4
5607,2017-06,0,4
5607,2017-10,0,4
5608,2015-04,0,4
5608,2015-07,0,4
5608,2015-10,0,4
5608,2016-02,0,4
5608,2016-06,0,4
5608,2016-10,0,4
5608,2017-02,0,4
5608,2017-06,0,4
5608,2017-10,0,4
5609,2015-04,0,4
5609,2015-07,0,4
5609,2015-10,0,4
5609,2016-02,0,4
5609,2016-06,0,4
5609,2016-10,0,4
5609,2017-02,0,4
5609,2017-06,0,4
5609,2017-10,0,4
5610,2015-04,0,4
5610,2015-07,0,4
5610,2015-10,0,4
5610,2016-02,0,4
5610,2016-06,0,4
5610,2016-10,0,4
5610,2017-02,0,4
5610,2017-06,0,4
5610,2017-10,0,4
5611,2015-04,0,4
5611,2015-07,0,4
5611,2015-10,0,4
5611,2016-02,0,4
5611,2016-06,0,4
5611,2016-10,0,4
5611,2017-02,0,4
5611,2017-06,0,4
5611,2017-10,0,4
5612,2015-04,0,4
5612,2015-07,0,4
5612,2015-10,0,4
5612,2016-02,0,4
5612,2016-06,0,4
5612,2016-10,0,4
5612,2017-02,0,4
5612,2017-06,0,4
5612,2017-10,0,4
5613,2015-04,0,4
5613,2015-07,0,4
5613,2015-10,0,4
5613,2016-02,0,4
5613,2016-06,0,4
5613,2016-10,0,4
5613,2017-02,0,4
5613,2017-06,0,4
5613,2017-10,0,4
5614,2015-04,0,4
5614,2015-07,0,4
5614,2015-10,0,4
5614,2016-02,0,4
5614,2016-06,0,4
5614,2016-10,0,4
5614,2017-02,0,4
5614,2017-06,0,4
5614,2017-10,0,4
5615,2015-04,0,4
5615,2015-07,0,4
5615,2015-10,0,4
5615,2016-02,0,4
5615,2016-06,0,4
5615,2016-10,0,4
5615,2017-02,0,4
5615,2017-06,0,4
5615,2017-10,0,4
5616,2015-04,0,9
5616,2015-07,0,9
5616,2015-10,0,9
5616,2016-02,0,9
5616,2016-06,0,9
5616,2016-10,0,9
5616,2017-02,0,9
5616,2017-06,0,9
5616,2017-10,0,9
5617,2015-04,0,9
5617,2015-07,0,9
5617,2015-10,0,9
5617,2016-02,0,9
5617,2016-06,0,9
5617,2016-10,0,9
5617,2017-02,0,9
5617,2017-06,0,9
5617,2017-10,0,9
5618,2015-04,0,9
5618,2015-07,0,9
5618,2015-10,0,9
5618,2016-02,0,9
5618,2016-06,0,9
5618,2016-10,0,9
5618,2017-02,0,9
5618,2017-06,0,9
5618,2017-10,0,9
5619,2015-04,0,9
5619,2015-07,0,9
5619,2015-10,0,9
5619,2016-02,0,9
5619,2016-06,0,9
5619,2016-10,0,9
5619,2017-02,0,9
5619,2017-06,0,9
5619,2017-10,0,9
5620,2015-04,0,9
5620,2015-07,0,9
5620,2015-10,0,9
5620,2016-02,0,9
5620,2016-06,0,9
5620,2016-10,0,9
5620,2017-02,0,9
5620,2017-06,0,9
5620,2017-10,0,9
5621,2015-04,0,9
5621,2015-07,0,9
5621,2015-10,0,9
5621,2016-02,0,9
5621,2016-06,0,9
5621,2016-10,0,9
5621,2017-02,0,9
5621,2017-06,0,9
5621,2017-10,0,9
5622,2015-04,0,9
5622,2015-07,0,9
5622,2015-10,0,9
5622,2016-02,0,9
5622,2016-06,0,9
5622,2016-10,0,9
5622,2017-02,0,9
5622,2017-06,0,9
5622,2017-10,0,9
5623,2015-04,0,4
5623,2015-07,0,4
5623,2015-10,0,4
5623,2016-02,0,4
5623,2016-06,0,4
5623,2016-10,0,4
5623,2017-02,0,4
5623,2017-06,0,4
5623,2017-10,0,4
5624,2015-04,0,9
5624,2015-07,0,9
5624,2015-10,0,9
5624,2016-02,0,9
5624,2016-06,0,9
5624,2016-10,0,9
5624,2017-02,0,9
5624,2017-06,0,9
5624,2017-10,0,9
5625,2015-04,1,3
5625,2015-07,0,3
5625,2015-10,0,3
5625,2016-02,1,3
5625,2016-06,1,3
5625,2016-10,0,3
5625,2017-02,1,3
5625,2017-06,1,3
5625,2017-10,0,3
5626,2015-04,0,9
5626,2015-07,0,9
5626,2015-10,0,9
5626,2016-02,0,9
5626,2016-06,0,9
5626,2016-10,0,9
5626,2017-02,0,9
5626,2017-06,0,9
5626,2017-10,0,9
5627,2015-04,0,9
5627,2015-07,0,9
5627,2015-10,0,9
5627,2016-02,0,9
5627,2016-06,0,9
5627,2016-10,0,9
5627,2017-02,0,9
5627,2017-06,0,9
5627,2017-10,0,9
5628,2015-04,0,4
5628,2015-07,0,4
5628,2015-10,0,4
5628,2016-02,0,4
5628,2016-06,0,4
5628,2016-10,0,4
5628,2017-02,0,4
5628,2017-06,0,4
5628,2017-10,0,4
5629,2015-04,0,4
5629,2015-07,0,4
5629,2015-10,0,4
5629,2016-02,0,4
5629,2016-06,0,4
5629,2016-10,0,4
5629,2017-02,0,4
5629,2017-06,0,4
5629,2017-10,0,4
5630,2015-04,0,4
5630,2015-07,0,4
5630,2015-10,0,4
5630,2016-02,0,4
5630,2016-06,0,4
5630,2016-10,0,4
5630,2017-02,0,4
5630,2017-06,0,4
5630,2017-10,0,4
5631,2015-04,0,4
5631,2015-07,0,4
5631,2015-10,0,4
5631,2016-02,0,4
5631,2016-06,0,4
5631,2016-10,0,4
5631,2017-02,0,4
5631,2017-06,0,4
5631,2017-10,0,4
5632,2015-04,0,9
5632,2015-07,0,9
5632,2015-10,0,9
5632,2016-02,0,9
5632,2016-06,0,9
5632,2016-10,0,9
5632,2017-02,0,9
5632,2017-06,0,9
5632,2017-10,0,9
5633,2015-04,0,9
5633,2015-07,0,9
5633,2015-10,0,9
5633,2016-02,0,9
5633,2016-06,0,9
5633,2016-10,0,9
5633,2017-02,0,9
5633,2017-06,0,9
5633,2017-10,0,9
5634,2015-04,0,9
5634,2015-07,0,9
5634,2015-10,0,9
5634,2016-02,0,9
5634,2016-06,0,9
5634,2016-10,0,9
5634,2017-02,0,9
5634,2017-06,0,9
5634,2017-10,0,9
5635,2015-04,0,9
5635,2015-07,0,9
5635,2015-10,0,9
5635,2016-02,0,9
5635,2016-06,0,9
5635,2016-10,0,9
5635,2017-02,0,9
5635,2017-06,0,9
5635,2017-10,0,9
5636,2015-04,0,9
5636,2015-07,0,9
5636,2015-10,0,9
5636,2016-02,0,9
5636,2016-06,0,9
5636,2016-10,0,9
5636,2017-02,0,9
5636,2017-06,0,9
5636,2017-10,0,9
5637,2015-04,0,9
5637,2015-07,0,9
5637,2015-10,0,9
5637,2016-02,0,9
5637,2016-06,0,9
5637,2016-10,0,9
5637,2017-02,0,9
5637,2017-06,0,9
5637,2017-10,0,9
5638,2015-04,0,9
5638,2015-07,0,9
5638,2015-10,0,9
5638,2016-02,0,9
5638,2016-06,0,9
5638,2016-10,0,9
5638,2017-02,0,9
5638,2017-06,0,9
5638,2017-10,0,9
5639,2015-04,0,9
5639,2015-07,0,9
5639,2015-10,0,9
5639,2016-02,0,9
5639,2016-06,0,9
5639,2016-10,0,9
5639,2017-02,0,9
5639,2017-06,0,9
5639,2017-10,0,9
5640,2015-04,0,3
5640,2015-07,0,3
5640,2015-10,0,3
5640,2016-02,0,3
5640,2016-06,0,3
5640,2016-10,0,3
5640,2017-02,0,3
5640,2017-06,0,3
5640,2017-10,0,3
5641,2015-04,0,3
5641,2015-07,0,3
5641,2015-10,0,3
5641,2016-02,0,3
5641,2016-06,0,3
5641,2016-10,0,3
5641,2017-02,0,3
5641,2017-06,0,3
5641,2017-10,0,3
5642,2015-04,0,3
5642,2015-07,0,3
5642,2015-10,0,3
5642,2016-02,0,3
5642,2016-06,0,3
5642,2016-10,0,3
5642,2017-02,0,3
5642,2017-06,0,3
5642,2017-10,0,3
5643,2015-04,0,3
5643,2015-07,0,3
5643,2015-10,0,3
5643,2016-02,0,3
5643,2016-06,0,3
5643,2016-10,0,3
5643,2017-02,0,3
5643,2017-06,0,3
5643,2017-10,0,3
5644,2015-04,0,3
5644,2015-07,0,3
5644,2015-10,0,3
5644,2016-02,0,3
5644,2016-06,0,3
5644,2016-10,0,3
5644,2017-02,0,3
5644,2017-06,0,3
5644,2017-10,0,3
5645,2015-04,0,3
5645,2015-07,0,3
5645,2015-10,0,3
5645,2016-02,0,3
5645,2016-06,0,3
5645,2016-10,0,3
5645,2017-02,0,3
5645,2017-06,0,3
5645,2017-10,0,3
5646,2015-04,0,3
5646,2015-07,0,3
5646,2015-10,0,3
5646,2016-02,0,3
5646,2016-06,0,3
5646,2016-10,0,3
5646,2017-02,0,3
5646,2017-06,0,3
5646,2017-10,0,3
5647,2015-04,0,3
5647,2015-07,0,3
5647,2015-10,0,3
5647,2016-02,0,3
5647,2016-06,0,3
5647,2016-10,0,3
5647,2017-02,0,3
5647,2017-06,0,3
5647,2017-10,0,3
5648,2015-04,0,9
5648,2015-07,0,9
5648,2015-10,0,9
5648,2016-02,0,9
5648,2016-06,0,9
5648,2016-10,0,9
5648,2017-02,0,9
5648,2017-06,0,9
5648,2017-10,0,9
5649,2015-04,0,3
5649,2015-07,0,3
5649,2015-10,0,3
5649,2016-02,0,3
5649,2016-06,0,3
5649,2016-10,0,3
5649,2017-02,0,3
5649,2017-06,0,3
5649,2017-10,0,3
5650,2015-04,0,9
5650,2015-07,0,9
5650,2015-10,0,9
5650,2016-02,0,9
5650,2016-06,0,9
5650,2016-10,0,9
5650,2017-02,0,9
5650,2017-06,0,9
5650,2017-10,0,9
5651,2015-04,0,3
5651,2015-07,0,3
5651,2015-10,0,3
5651,2016-02,0,3
5651,2016-06,0,3
5651,2016-10,0,3
5651,2017-02,0,3
5651,2017-06,0,3
5651,2017-10,0,3
5652,2015-04,0,3
5652,2015-07,0,3
5652,2015-10,0,3
5652,2016-02,0,3
5652,2016-06,0,3
5652,2016-10,0,3
5652,2017-02,0,3
5652,2017-06,0,3
5652,2017-10,0,3
